1897 327 5
1898 327 5
1895 328 5
1896 328 5
1897 328 5
1898 328 5
1899 328 5
1893 329 5
1894 329 5
1895 329 5
1896 329 5
1897 329 5
1898 329 5
1892 330 5
1893 330 5
1894 330 5
1895 330 5
1896 330 5
1897 330 5
1889 331 5
1890 331 5
1891 331 5
1892 331 5
1893 331 5
1894 331 5
1895 331 5
685 332 5
1887 332 5
1888 332 5
1889 332 5
1890 332 5
1891 332 5
1892 332 5
1893 332 5
683 333 5
684 333 5
685 333 5
686 333 5
1886 333 5
1887 333 5
1888 333 5
1891 333 5
1892 333 5
681 334 5
682 334 5
683 334 5
684 334 5
685 334 5
686 334 5
1885 334 5
1886 334 5
1890 334 5
1891 334 5
680 335 5
681 335 5
682 335 5
684 335 5
685 335 5
1883 335 5
1884 335 5
1885 335 5
1889 335 5
1890 335 5
679 336 5
680 336 5
682 336 5
683 336 5
684 336 5
1881 336 5
1882 336 5
1883 336 5
1884 336 5
1888 336 5
1889 336 5
1890 336 5
678 337 5
679 337 5
681 337 5
682 337 5
683 337 5
1880 337 5
1881 337 5
1882 337 5
1887 337 5
1888 337 5
1889 337 5
676 338 5
677 338 5
678 338 5
680 338 5
681 338 5
1879 338 5
1880 338 5
1886 338 5
1887 338 5
1888 338 5
675 339 5
676 339 5
677 339 5
679 339 5
680 339 5
1877 339 5
1878 339 5
1879 339 5
1885 339 5
1886 339 5
1887 339 5
674 340 5
675 340 5
678 340 5
679 340 5
1876 340 5
1877 340 5
1878 340 5
1883 340 5
1884 340 5
1885 340 5
673 341 5
674 341 5
677 341 5
678 341 5
1874 341 5
1875 341 5
1876 341 5
1882 341 5
1883 341 5
1884 341 5
672 342 5
673 342 5
676 342 5
677 342 5
1872 342 5
1873 342 5
1874 342 5
1875 342 5
1879 342 5
1880 342 5
1881 342 5
1882 342 5
671 343 5
672 343 5
675 343 5
676 343 5
1871 343 5
1872 343 5
1873 343 5
1877 343 5
1878 343 5
1879 343 5
1880 343 5
1881 343 5
670 344 5
671 344 5
673 344 5
674 344 5
675 344 5
1867 344 5
1868 344 5
1869 344 5
1870 344 5
1871 344 5
1876 344 5
1877 344 5
1878 344 5
669 345 5
670 345 5
672 345 5
673 345 5
674 345 5
1866 345 5
1867 345 5
1868 345 5
1869 345 5
1870 345 5
1874 345 5
1875 345 5
1876 345 5
669 346 5
670 346 5
671 346 5
672 346 5
1865 346 5
1866 346 5
1872 346 5
1873 346 5
1874 346 5
1875 346 5
668 347 5
669 347 5
670 347 5
671 347 5
1863 347 5
1864 347 5
1865 347 5
1871 347 5
1872 347 5
1873 347 5
666 348 5
667 348 5
668 348 5
669 348 5
670 348 5
1861 348 5
1862 348 5
1863 348 5
1864 348 5
1869 348 5
1870 348 5
1871 348 5
665 349 5
666 349 5
667 349 5
668 349 5
669 349 5
1084 349 5
1085 349 5
1086 349 5
1087 349 5
1088 349 5
1089 349 5
1090 349 5
1091 349 5
1092 349 5
1093 349 5
1094 349 5
1095 349 5
1860 349 5
1861 349 5
1862 349 5
1867 349 5
1868 349 5
1869 349 5
1870 349 5
664 350 5
665 350 5
667 350 5
668 350 5
1082 350 5
1083 350 5
1084 350 5
1085 350 5
1086 350 5
1087 350 5
1088 350 5
1089 350 5
1090 350 5
1091 350 5
1092 350 5
1093 350 5
1094 350 5
1095 350 5
1096 350 5
1857 350 5
1858 350 5
1859 350 5
1860 350 5
1865 350 5
1866 350 5
1867 350 5
1868 350 5
663 351 5
664 351 5
666 351 5
667 351 5
1081 351 5
1082 351 5
1083 351 5
1096 351 5
1097 351 5
1855 351 5
1856 351 5
1857 351 5
1858 351 5
1859 351 5
1864 351 5
1865 351 5
1866 351 5
661 352 5
662 352 5
663 352 5
666 352 5
667 352 5
1080 352 5
1081 352 5
1086 352 5
1087 352 5
1088 352 5
1089 352 5
1090 352 5
1091 352 5
1092 352 5
1093 352 5
1094 352 5
1095 352 5
1096 352 5
1852 352 5
1853 352 5
1854 352 5
1855 352 5
1856 352 5
1862 352 5
1863 352 5
1864 352 5
660 353 5
661 353 5
662 353 5
665 353 5
666 353 5
1079 353 5
1080 353 5
1085 353 5
1086 353 5
1087 353 5
1088 353 5
1089 353 5
1090 353 5
1091 353 5
1092 353 5
1093 353 5
1094 353 5
1095 353 5
1849 353 5
1850 353 5
1851 353 5
1852 353 5
1853 353 5
1854 353 5
1860 353 5
1861 353 5
1862 353 5
1863 353 5
659 354 5
660 354 5
661 354 5
662 354 5
663 354 5
664 354 5
665 354 5
1078 354 5
1079 354 5
1080 354 5
1085 354 5
1086 354 5
1848 354 5
1849 354 5
1850 354 5
1851 354 5
1858 354 5
1859 354 5
1860 354 5
1861 354 5
659 355 5
660 355 5
662 355 5
663 355 5
664 355 5
1077 355 5
1078 355 5
1079 355 5
1080 355 5
1081 355 5
1083 355 5
1084 355 5
1085 355 5
1844 355 5
1845 355 5
1846 355 5
1847 355 5
1848 355 5
1854 355 5
1857 355 5
1858 355 5
1859 355 5
658 356 5
659 356 5
661 356 5
662 356 5
663 356 5
1076 356 5
1077 356 5
1080 356 5
1081 356 5
1082 356 5
1083 356 5
1084 356 5
1843 356 5
1844 356 5
1845 356 5
1846 356 5
1847 356 5
1852 356 5
1853 356 5
1854 356 5
1855 356 5
1856 356 5
1857 356 5
657 357 5
658 357 5
660 357 5
661 357 5
662 357 5
1075 357 5
1076 357 5
1079 357 5
1080 357 5
1081 357 5
1082 357 5
1841 357 5
1842 357 5
1843 357 5
1851 357 5
1852 357 5
1853 357 5
1854 357 5
1855 357 5
1856 357 5
656 358 5
657 358 5
659 358 5
660 358 5
1073 358 5
1074 358 5
1075 358 5
1078 358 5
1079 358 5
1080 358 5
1303 358 5
1304 358 5
1305 358 5
1840 358 5
1841 358 5
1842 358 5
1851 358 5
1852 358 5
1853 358 5
1854 358 5
656 359 5
657 359 5
658 359 5
659 359 5
1071 359 5
1072 359 5
1073 359 5
1074 359 5
1076 359 5
1077 359 5
1078 359 5
1302 359 5
1303 359 5
1304 359 5
1305 359 5
1306 359 5
1839 359 5
1840 359 5
1849 359 5
1850 359 5
1851 359 5
1852 359 5
655 360 5
656 360 5
657 360 5
658 360 5
1070 360 5
1071 360 5
1072 360 5
1074 360 5
1075 360 5
1076 360 5
1077 360 5
1300 360 5
1301 360 5
1302 360 5
1303 360 5
1304 360 5
1305 360 5
1838 360 5
1839 360 5
1848 360 5
1849 360 5
1850 360 5
654 361 5
655 361 5
656 361 5
657 361 5
1068 361 5
1069 361 5
1070 361 5
1072 361 5
1073 361 5
1074 361 5
1075 361 5
1299 361 5
1300 361 5
1301 361 5
1302 361 5
1303 361 5
1304 361 5
1829 361 5
1830 361 5
1831 361 5
1832 361 5
1833 361 5
1834 361 5
1837 361 5
1838 361 5
1845 361 5
1846 361 5
1847 361 5
1848 361 5
653 362 5
654 362 5
656 362 5
657 362 5
925 362 5
926 362 5
1065 362 5
1066 362 5
1067 362 5
1068 362 5
1069 362 5
1071 362 5
1072 362 5
1073 362 5
1298 362 5
1299 362 5
1302 362 5
1303 362 5
1825 362 5
1826 362 5
1827 362 5
1828 362 5
1829 362 5
1830 362 5
1831 362 5
1832 362 5
1833 362 5
1834 362 5
1835 362 5
1836 362 5
1837 362 5
1843 362 5
1844 362 5
1845 362 5
1846 362 5
1847 362 5
652 363 5
653 363 5
655 363 5
656 363 5
924 363 5
925 363 5
926 363 5
927 363 5
1050 363 5
1051 363 5
1052 363 5
1053 363 5
1054 363 5
1055 363 5
1056 363 5
1057 363 5
1058 363 5
1059 363 5
1060 363 5
1061 363 5
1062 363 5
1064 363 5
1065 363 5
1066 363 5
1067 363 5
1069 363 5
1070 363 5
1071 363 5
1298 363 5
1299 363 5
1301 363 5
1302 363 5
1823 363 5
1824 363 5
1825 363 5
1826 363 5
1827 363 5
1828 363 5
1835 363 5
1836 363 5
1841 363 5
1842 363 5
1843 363 5
1844 363 5
652 364 5
653 364 5
654 364 5
655 364 5
923 364 5
924 364 5
925 364 5
926 364 5
927 364 5
1048 364 5
1049 364 5
1050 364 5
1051 364 5
1052 364 5
1053 364 5
1054 364 5
1055 364 5
1056 364 5
1057 364 5
1058 364 5
1059 364 5
1060 364 5
1061 364 5
1062 364 5
1063 364 5
1064 364 5
1067 364 5
1068 364 5
1069 364 5
1070 364 5
1296 364 5
1297 364 5
1298 364 5
1301 364 5
1302 364 5
1821 364 5
1822 364 5
1823 364 5
1824 364 5
1838 364 5
1839 364 5
1840 364 5
1841 364 5
1842 364 5
652 365 5
653 365 5
654 365 5
655 365 5
922 365 5
923 365 5
924 365 5
925 365 5
926 365 5
1045 365 5
1046 365 5
1047 365 5
1048 365 5
1049 365 5
1062 365 5
1063 365 5
1064 365 5
1065 365 5
1066 365 5
1067 365 5
1068 365 5
1295 365 5
1296 365 5
1297 365 5
1300 365 5
1301 365 5
1820 365 5
1821 365 5
1822 365 5
1829 365 5
1830 365 5
1831 365 5
1832 365 5
1833 365 5
1834 365 5
1835 365 5
1836 365 5
1837 365 5
1838 365 5
1839 365 5
1840 365 5
652 366 5
653 366 5
654 366 5
922 366 5
923 366 5
924 366 5
925 366 5
1042 366 5
1043 366 5
1044 366 5
1045 366 5
1046 366 5
1047 366 5
1054 366 5
1055 366 5
1056 366 5
1057 366 5
1058 366 5
1059 366 5
1060 366 5
1061 366 5
1062 366 5
1063 366 5
1064 366 5
1065 366 5
1066 366 5
1294 366 5
1295 366 5
1299 366 5
1300 366 5
1818 366 5
1819 366 5
1820 366 5
1828 366 5
1829 366 5
1830 366 5
1831 366 5
1832 366 5
1833 366 5
1834 366 5
1835 366 5
1836 366 5
1837 366 5
651 367 5
652 367 5
653 367 5
654 367 5
921 367 5
922 367 5
924 367 5
925 367 5
1041 367 5
1042 367 5
1043 367 5
1044 367 5
1053 367 5
1054 367 5
1055 367 5
1056 367 5
1057 367 5
1058 367 5
1059 367 5
1060 367 5
1061 367 5
1294 367 5
1295 367 5
1298 367 5
1299 367 5
1817 367 5
1818 367 5
1819 367 5
1827 367 5
1828 367 5
650 368 5
651 368 5
652 368 5
653 368 5
921 368 5
922 368 5
923 368 5
924 368 5
1040 368 5
1041 368 5
1052 368 5
1053 368 5
1293 368 5
1294 368 5
1297 368 5
1298 368 5
1815 368 5
1816 368 5
1817 368 5
1825 368 5
1826 368 5
1827 368 5
650 369 5
651 369 5
652 369 5
653 369 5
920 369 5
921 369 5
923 369 5
924 369 5
1039 369 5
1040 369 5
1052 369 5
1053 369 5
1292 369 5
1293 369 5
1296 369 5
1297 369 5
1814 369 5
1815 369 5
1816 369 5
1823 369 5
1824 369 5
1825 369 5
1826 369 5
649 370 5
650 370 5
651 370 5
652 370 5
919 370 5
920 370 5
922 370 5
923 370 5
1038 370 5
1039 370 5
1044 370 5
1051 370 5
1052 370 5
1291 370 5
1292 370 5
1295 370 5
1296 370 5
1812 370 5
1813 370 5
1814 370 5
1821 370 5
1822 370 5
1823 370 5
1824 370 5
647 371 5
648 371 5
649 371 5
651 371 5
652 371 5
919 371 5
920 371 5
922 371 5
923 371 5
1037 371 5
1038 371 5
1043 371 5
1044 371 5
1045 371 5
1050 371 5
1051 371 5
1291 371 5
1292 371 5
1294 371 5
1295 371 5
1811 371 5
1812 371 5
1813 371 5
1820 371 5
1821 371 5
1822 371 5
646 372 5
647 372 5
648 372 5
651 372 5
652 372 5
918 372 5
919 372 5
921 372 5
922 372 5
1037 372 5
1038 372 5
1039 372 5
1040 372 5
1041 372 5
1042 372 5
1043 372 5
1045 372 5
1046 372 5
1048 372 5
1049 372 5
1050 372 5
1051 372 5
1290 372 5
1291 372 5
1294 372 5
1295 372 5
1810 372 5
1811 372 5
1819 372 5
1820 372 5
646 373 5
647 373 5
651 373 5
652 373 5
917 373 5
918 373 5
920 373 5
921 373 5
1036 373 5
1037 373 5
1038 373 5
1039 373 5
1040 373 5
1041 373 5
1042 373 5
1045 373 5
1046 373 5
1047 373 5
1048 373 5
1049 373 5
1050 373 5
1289 373 5
1290 373 5
1293 373 5
1294 373 5
1809 373 5
1810 373 5
1818 373 5
1819 373 5
646 374 5
647 374 5
651 374 5
652 374 5
851 374 5
916 374 5
917 374 5
919 374 5
920 374 5
1035 374 5
1036 374 5
1037 374 5
1038 374 5
1046 374 5
1047 374 5
1289 374 5
1290 374 5
1292 374 5
1293 374 5
1808 374 5
1809 374 5
1817 374 5
1818 374 5
646 375 5
647 375 5
651 375 5
652 375 5
850 375 5
851 375 5
852 375 5
915 375 5
916 375 5
919 375 5
920 375 5
1035 375 5
1036 375 5
1037 375 5
1038 375 5
1288 375 5
1289 375 5
1292 375 5
1293 375 5
1807 375 5
1808 375 5
1816 375 5
1817 375 5
644 376 5
645 376 5
646 376 5
652 376 5
653 376 5
850 376 5
851 376 5
852 376 5
914 376 5
915 376 5
916 376 5
918 376 5
919 376 5
1034 376 5
1035 376 5
1036 376 5
1037 376 5
1287 376 5
1288 376 5
1291 376 5
1292 376 5
1806 376 5
1807 376 5
1813 376 5
1814 376 5
1815 376 5
1816 376 5
643 377 5
644 377 5
645 377 5
652 377 5
653 377 5
654 377 5
849 377 5
850 377 5
851 377 5
852 377 5
913 377 5
914 377 5
915 377 5
917 377 5
918 377 5
1031 377 5
1032 377 5
1033 377 5
1034 377 5
1036 377 5
1037 377 5
1287 377 5
1288 377 5
1290 377 5
1291 377 5
1805 377 5
1806 377 5
1812 377 5
1813 377 5
1814 377 5
1815 377 5
643 378 5
644 378 5
651 378 5
652 378 5
653 378 5
849 378 5
850 378 5
851 378 5
852 378 5
913 378 5
914 378 5
916 378 5
917 378 5
1026 378 5
1027 378 5
1028 378 5
1030 378 5
1031 378 5
1032 378 5
1033 378 5
1036 378 5
1037 378 5
1286 378 5
1287 378 5
1290 378 5
1291 378 5
1804 378 5
1805 378 5
1811 378 5
1812 378 5
641 379 5
642 379 5
643 379 5
644 379 5
651 379 5
652 379 5
849 379 5
850 379 5
851 379 5
852 379 5
912 379 5
913 379 5
916 379 5
917 379 5
1025 379 5
1026 379 5
1027 379 5
1028 379 5
1029 379 5
1030 379 5
1033 379 5
1034 379 5
1035 379 5
1036 379 5
1285 379 5
1286 379 5
1289 379 5
1290 379 5
1804 379 5
1805 379 5
1809 379 5
1810 379 5
1811 379 5
640 380 5
641 380 5
642 380 5
643 380 5
644 380 5
645 380 5
646 380 5
651 380 5
652 380 5
849 380 5
850 380 5
851 380 5
852 380 5
912 380 5
913 380 5
915 380 5
916 380 5
1024 380 5
1025 380 5
1029 380 5
1032 380 5
1033 380 5
1034 380 5
1035 380 5
1285 380 5
1286 380 5
1288 380 5
1289 380 5
1803 380 5
1804 380 5
1807 380 5
1808 380 5
1809 380 5
1810 380 5
639 381 5
640 381 5
642 381 5
643 381 5
645 381 5
646 381 5
647 381 5
651 381 5
652 381 5
849 381 5
850 381 5
851 381 5
852 381 5
911 381 5
912 381 5
915 381 5
916 381 5
1023 381 5
1024 381 5
1029 381 5
1030 381 5
1031 381 5
1032 381 5
1284 381 5
1285 381 5
1288 381 5
1289 381 5
1802 381 5
1803 381 5
1806 381 5
1807 381 5
1808 381 5
638 382 5
639 382 5
641 382 5
642 382 5
646 382 5
647 382 5
649 382 5
650 382 5
651 382 5
848 382 5
849 382 5
851 382 5
852 382 5
910 382 5
911 382 5
914 382 5
915 382 5
1022 382 5
1023 382 5
1027 382 5
1028 382 5
1029 382 5
1030 382 5
1031 382 5
1284 382 5
1285 382 5
1287 382 5
1288 382 5
1802 382 5
1803 382 5
1805 382 5
1806 382 5
637 383 5
638 383 5
640 383 5
641 383 5
647 383 5
648 383 5
649 383 5
650 383 5
848 383 5
849 383 5
850 383 5
851 383 5
909 383 5
910 383 5
914 383 5
915 383 5
1021 383 5
1022 383 5
1026 383 5
1027 383 5
1028 383 5
1284 383 5
1285 383 5
1286 383 5
1287 383 5
1802 383 5
1803 383 5
1805 383 5
1806 383 5
636 384 5
637 384 5
639 384 5
640 384 5
648 384 5
848 384 5
849 384 5
850 384 5
851 384 5
909 384 5
910 384 5
913 384 5
914 384 5
1020 384 5
1021 384 5
1026 384 5
1027 384 5
1283 384 5
1284 384 5
1286 384 5
1287 384 5
1801 384 5
1802 384 5
1805 384 5
1806 384 5
635 385 5
636 385 5
638 385 5
639 385 5
848 385 5
849 385 5
850 385 5
851 385 5
908 385 5
909 385 5
913 385 5
914 385 5
1020 385 5
1021 385 5
1025 385 5
1026 385 5
1282 385 5
1283 385 5
1285 385 5
1286 385 5
1801 385 5
1802 385 5
1805 385 5
1806 385 5
634 386 5
635 386 5
637 386 5
638 386 5
848 386 5
849 386 5
850 386 5
851 386 5
907 386 5
908 386 5
912 386 5
913 386 5
1019 386 5
1020 386 5
1024 386 5
1025 386 5
1281 386 5
1282 386 5
1284 386 5
1285 386 5
1801 386 5
1802 386 5
1804 386 5
1805 386 5
632 387 5
633 387 5
634 387 5
635 387 5
636 387 5
637 387 5
847 387 5
848 387 5
849 387 5
850 387 5
906 387 5
907 387 5
911 387 5
912 387 5
1018 387 5
1019 387 5
1023 387 5
1024 387 5
1281 387 5
1282 387 5
1284 387 5
1285 387 5
1800 387 5
1801 387 5
1804 387 5
1805 387 5
631 388 5
632 388 5
633 388 5
634 388 5
635 388 5
636 388 5
847 388 5
848 388 5
849 388 5
850 388 5
905 388 5
906 388 5
911 388 5
912 388 5
1017 388 5
1018 388 5
1023 388 5
1024 388 5
1280 388 5
1281 388 5
1283 388 5
1284 388 5
1800 388 5
1801 388 5
1804 388 5
1805 388 5
631 389 5
632 389 5
633 389 5
634 389 5
635 389 5
847 389 5
848 389 5
849 389 5
904 389 5
905 389 5
910 389 5
911 389 5
1016 389 5
1017 389 5
1022 389 5
1023 389 5
1280 389 5
1281 389 5
1283 389 5
1284 389 5
1800 389 5
1801 389 5
1804 389 5
1805 389 5
631 390 5
632 390 5
633 390 5
634 390 5
635 390 5
846 390 5
847 390 5
848 390 5
849 390 5
903 390 5
904 390 5
909 390 5
910 390 5
1015 390 5
1016 390 5
1021 390 5
1022 390 5
1279 390 5
1280 390 5
1282 390 5
1283 390 5
1800 390 5
1801 390 5
1803 390 5
1804 390 5
631 391 5
632 391 5
633 391 5
634 391 5
845 391 5
846 391 5
847 391 5
848 391 5
902 391 5
903 391 5
904 391 5
908 391 5
909 391 5
1014 391 5
1015 391 5
1020 391 5
1021 391 5
1278 391 5
1279 391 5
1281 391 5
1282 391 5
1800 391 5
1801 391 5
1803 391 5
1804 391 5
631 392 5
632 392 5
633 392 5
634 392 5
844 392 5
845 392 5
846 392 5
847 392 5
900 392 5
901 392 5
902 392 5
903 392 5
906 392 5
907 392 5
908 392 5
1006 392 5
1007 392 5
1008 392 5
1009 392 5
1013 392 5
1014 392 5
1020 392 5
1021 392 5
1277 392 5
1278 392 5
1280 392 5
1281 392 5
1799 392 5
1800 392 5
1803 392 5
1804 392 5
630 393 5
631 393 5
633 393 5
634 393 5
840 393 5
841 393 5
842 393 5
843 393 5
844 393 5
845 393 5
846 393 5
891 393 5
892 393 5
893 393 5
894 393 5
895 393 5
896 393 5
897 393 5
898 393 5
899 393 5
900 393 5
901 393 5
905 393 5
906 393 5
907 393 5
1005 393 5
1006 393 5
1007 393 5
1008 393 5
1009 393 5
1010 393 5
1011 393 5
1012 393 5
1013 393 5
1014 393 5
1019 393 5
1020 393 5
1277 393 5
1278 393 5
1279 393 5
1280 393 5
1799 393 5
1800 393 5
1803 393 5
1804 393 5
629 394 5
630 394 5
633 394 5
634 394 5
839 394 5
840 394 5
841 394 5
842 394 5
843 394 5
844 394 5
845 394 5
890 394 5
891 394 5
892 394 5
893 394 5
894 394 5
895 394 5
896 394 5
897 394 5
898 394 5
899 394 5
901 394 5
902 394 5
903 394 5
904 394 5
905 394 5
1003 394 5
1004 394 5
1005 394 5
1010 394 5
1011 394 5
1012 394 5
1013 394 5
1017 394 5
1018 394 5
1019 394 5
1276 394 5
1277 394 5
1279 394 5
1280 394 5
1798 394 5
1799 394 5
1801 394 5
1802 394 5
1803 394 5
1804 394 5
629 395 5
630 395 5
633 395 5
634 395 5
837 395 5
838 395 5
839 395 5
840 395 5
841 395 5
842 395 5
843 395 5
844 395 5
888 395 5
889 395 5
890 395 5
891 395 5
892 395 5
893 395 5
900 395 5
901 395 5
902 395 5
903 395 5
904 395 5
1002 395 5
1003 395 5
1004 395 5
1016 395 5
1017 395 5
1018 395 5
1275 395 5
1276 395 5
1278 395 5
1279 395 5
1798 395 5
1799 395 5
1800 395 5
1801 395 5
1802 395 5
1803 395 5
628 396 5
629 396 5
633 396 5
634 396 5
836 396 5
837 396 5
838 396 5
839 396 5
840 396 5
841 396 5
886 396 5
887 396 5
888 396 5
889 396 5
890 396 5
892 396 5
898 396 5
899 396 5
900 396 5
1001 396 5
1002 396 5
1016 396 5
1017 396 5
1274 396 5
1275 396 5
1277 396 5
1278 396 5
1797 396 5
1798 396 5
1799 396 5
1800 396 5
628 397 5
629 397 5
633 397 5
634 397 5
835 397 5
836 397 5
838 397 5
839 397 5
885 397 5
886 397 5
887 397 5
895 397 5
896 397 5
897 397 5
898 397 5
899 397 5
1000 397 5
1001 397 5
1015 397 5
1016 397 5
1273 397 5
1274 397 5
1277 397 5
1278 397 5
1796 397 5
1797 397 5
1798 397 5
1799 397 5
627 398 5
628 398 5
633 398 5
634 398 5
835 398 5
836 398 5
837 398 5
838 398 5
885 398 5
886 398 5
890 398 5
891 398 5
892 398 5
893 398 5
894 398 5
895 398 5
896 398 5
897 398 5
999 398 5
1000 398 5
1003 398 5
1004 398 5
1005 398 5
1006 398 5
1014 398 5
1015 398 5
1272 398 5
1273 398 5
1276 398 5
1277 398 5
1796 398 5
1797 398 5
1798 398 5
627 399 5
628 399 5
633 399 5
634 399 5
834 399 5
835 399 5
836 399 5
837 399 5
885 399 5
886 399 5
889 399 5
890 399 5
891 399 5
892 399 5
893 399 5
894 399 5
994 399 5
995 399 5
996 399 5
998 399 5
999 399 5
1001 399 5
1002 399 5
1003 399 5
1004 399 5
1005 399 5
1006 399 5
1007 399 5
1008 399 5
1009 399 5
1010 399 5
1011 399 5
1012 399 5
1013 399 5
1014 399 5
1271 399 5
1272 399 5
1276 399 5
1277 399 5
1795 399 5
1796 399 5
1797 399 5
1798 399 5
626 400 5
627 400 5
631 400 5
632 400 5
633 400 5
833 400 5
834 400 5
835 400 5
836 400 5
885 400 5
886 400 5
889 400 5
890 400 5
993 400 5
994 400 5
995 400 5
996 400 5
997 400 5
998 400 5
1000 400 5
1001 400 5
1002 400 5
1007 400 5
1008 400 5
1009 400 5
1010 400 5
1011 400 5
1012 400 5
1013 400 5
1270 400 5
1271 400 5
1275 400 5
1276 400 5
1794 400 5
1795 400 5
1796 400 5
1797 400 5
625 401 5
626 401 5
627 401 5
630 401 5
631 401 5
632 401 5
832 401 5
833 401 5
835 401 5
836 401 5
886 401 5
887 401 5
888 401 5
889 401 5
992 401 5
993 401 5
997 401 5
999 401 5
1000 401 5
1269 401 5
1270 401 5
1274 401 5
1275 401 5
1794 401 5
1795 401 5
1796 401 5
625 402 5
626 402 5
627 402 5
628 402 5
629 402 5
630 402 5
832 402 5
833 402 5
834 402 5
835 402 5
885 402 5
886 402 5
887 402 5
888 402 5
889 402 5
990 402 5
991 402 5
992 402 5
997 402 5
998 402 5
999 402 5
1268 402 5
1269 402 5
1273 402 5
1274 402 5
1793 402 5
1794 402 5
1795 402 5
1796 402 5
624 403 5
625 403 5
626 403 5
627 403 5
628 403 5
629 403 5
831 403 5
832 403 5
833 403 5
834 403 5
885 403 5
886 403 5
887 403 5
888 403 5
989 403 5
990 403 5
991 403 5
996 403 5
997 403 5
998 403 5
1267 403 5
1268 403 5
1270 403 5
1271 403 5
1272 403 5
1273 403 5
1792 403 5
1793 403 5
1794 403 5
1795 403 5
624 404 5
625 404 5
626 404 5
830 404 5
831 404 5
833 404 5
834 404 5
884 404 5
885 404 5
886 404 5
887 404 5
961 404 5
962 404 5
963 404 5
989 404 5
990 404 5
995 404 5
996 404 5
1266 404 5
1267 404 5
1268 404 5
1269 404 5
1270 404 5
1271 404 5
1272 404 5
1791 404 5
1792 404 5
1793 404 5
1794 404 5
623 405 5
624 405 5
625 405 5
626 405 5
627 405 5
829 405 5
830 405 5
832 405 5
833 405 5
883 405 5
884 405 5
885 405 5
886 405 5
960 405 5
961 405 5
962 405 5
963 405 5
964 405 5
989 405 5
990 405 5
993 405 5
994 405 5
995 405 5
1265 405 5
1266 405 5
1267 405 5
1268 405 5
1269 405 5
1790 405 5
1791 405 5
1792 405 5
1793 405 5
623 406 5
624 406 5
626 406 5
627 406 5
628 406 5
829 406 5
830 406 5
831 406 5
832 406 5
882 406 5
883 406 5
884 406 5
885 406 5
959 406 5
960 406 5
962 406 5
963 406 5
964 406 5
988 406 5
989 406 5
992 406 5
993 406 5
994 406 5
1264 406 5
1265 406 5
1266 406 5
1267 406 5
1789 406 5
1790 406 5
1792 406 5
1793 406 5
623 407 5
624 407 5
627 407 5
628 407 5
829 407 5
830 407 5
831 407 5
832 407 5
881 407 5
882 407 5
883 407 5
884 407 5
957 407 5
958 407 5
959 407 5
960 407 5
961 407 5
962 407 5
963 407 5
987 407 5
988 407 5
991 407 5
992 407 5
1263 407 5
1264 407 5
1265 407 5
1266 407 5
1788 407 5
1789 407 5
1790 407 5
1791 407 5
1792 407 5
622 408 5
623 408 5
627 408 5
628 408 5
829 408 5
830 408 5
831 408 5
880 408 5
881 408 5
882 408 5
883 408 5
956 408 5
957 408 5
958 408 5
959 408 5
960 408 5
961 408 5
986 408 5
987 408 5
990 408 5
991 408 5
1262 408 5
1263 408 5
1264 408 5
1265 408 5
1786 408 5
1787 408 5
1788 408 5
1789 408 5
1790 408 5
1791 408 5
622 409 5
623 409 5
626 409 5
627 409 5
828 409 5
829 409 5
830 409 5
831 409 5
879 409 5
880 409 5
881 409 5
882 409 5
955 409 5
956 409 5
957 409 5
958 409 5
959 409 5
984 409 5
985 409 5
986 409 5
988 409 5
989 409 5
990 409 5
1262 409 5
1263 409 5
1264 409 5
1785 409 5
1786 409 5
1787 409 5
1788 409 5
1789 409 5
621 410 5
622 410 5
625 410 5
626 410 5
828 410 5
829 410 5
830 410 5
878 410 5
879 410 5
880 410 5
881 410 5
954 410 5
955 410 5
956 410 5
957 410 5
983 410 5
984 410 5
985 410 5
987 410 5
988 410 5
989 410 5
1259 410 5
1260 410 5
1261 410 5
1262 410 5
1263 410 5
1264 410 5
1784 410 5
1785 410 5
1787 410 5
1788 410 5
621 411 5
622 411 5
624 411 5
625 411 5
828 411 5
829 411 5
830 411 5
877 411 5
878 411 5
879 411 5
880 411 5
953 411 5
954 411 5
955 411 5
956 411 5
983 411 5
984 411 5
986 411 5
987 411 5
1258 411 5
1259 411 5
1260 411 5
1261 411 5
1263 411 5
1264 411 5
1783 411 5
1784 411 5
1786 411 5
1787 411 5
619 412 5
620 412 5
621 412 5
623 412 5
624 412 5
827 412 5
828 412 5
829 412 5
830 412 5
876 412 5
877 412 5
879 412 5
880 412 5
952 412 5
953 412 5
954 412 5
955 412 5
983 412 5
984 412 5
986 412 5
987 412 5
1257 412 5
1258 412 5
1264 412 5
1265 412 5
1783 412 5
1784 412 5
1785 412 5
1786 412 5
618 413 5
619 413 5
620 413 5
622 413 5
623 413 5
827 413 5
828 413 5
829 413 5
830 413 5
875 413 5
876 413 5
878 413 5
879 413 5
952 413 5
953 413 5
954 413 5
983 413 5
984 413 5
986 413 5
987 413 5
1256 413 5
1257 413 5
1263 413 5
1264 413 5
1783 413 5
1784 413 5
1785 413 5
616 414 5
617 414 5
618 414 5
622 414 5
623 414 5
826 414 5
827 414 5
829 414 5
830 414 5
874 414 5
875 414 5
877 414 5
878 414 5
951 414 5
952 414 5
953 414 5
954 414 5
982 414 5
983 414 5
986 414 5
987 414 5
1249 414 5
1250 414 5
1251 414 5
1252 414 5
1253 414 5
1254 414 5
1255 414 5
1256 414 5
1257 414 5
1263 414 5
1264 414 5
1782 414 5
1783 414 5
1784 414 5
1785 414 5
615 415 5
616 415 5
617 415 5
620 415 5
621 415 5
622 415 5
826 415 5
827 415 5
828 415 5
829 415 5
874 415 5
875 415 5
876 415 5
877 415 5
950 415 5
951 415 5
952 415 5
953 415 5
981 415 5
982 415 5
986 415 5
987 415 5
1248 415 5
1249 415 5
1250 415 5
1251 415 5
1252 415 5
1253 415 5
1254 415 5
1255 415 5
1256 415 5
1262 415 5
1263 415 5
1782 415 5
1783 415 5
1784 415 5
614 416 5
615 416 5
619 416 5
620 416 5
621 416 5
826 416 5
827 416 5
828 416 5
829 416 5
873 416 5
874 416 5
875 416 5
876 416 5
949 416 5
950 416 5
951 416 5
952 416 5
981 416 5
982 416 5
987 416 5
988 416 5
1247 416 5
1248 416 5
1259 416 5
1260 416 5
1261 416 5
1262 416 5
1781 416 5
1782 416 5
1783 416 5
1784 416 5
614 417 5
615 417 5
618 417 5
619 417 5
620 417 5
826 417 5
827 417 5
828 417 5
872 417 5
873 417 5
875 417 5
876 417 5
948 417 5
949 417 5
950 417 5
951 417 5
980 417 5
981 417 5
984 417 5
985 417 5
986 417 5
987 417 5
1246 417 5
1247 417 5
1251 417 5
1254 417 5
1255 417 5
1256 417 5
1257 417 5
1258 417 5
1259 417 5
1260 417 5
1261 417 5
1781 417 5
1782 417 5
1783 417 5
1784 417 5
613 418 5
614 418 5
617 418 5
618 418 5
619 418 5
825 418 5
826 418 5
827 418 5
828 418 5
872 418 5
873 418 5
874 418 5
875 418 5
947 418 5
948 418 5
949 418 5
950 418 5
979 418 5
980 418 5
983 418 5
984 418 5
985 418 5
986 418 5
1237 418 5
1238 418 5
1239 418 5
1240 418 5
1241 418 5
1242 418 5
1243 418 5
1244 418 5
1245 418 5
1246 418 5
1249 418 5
1250 418 5
1251 418 5
1252 418 5
1253 418 5
1254 418 5
1255 418 5
1256 418 5
1257 418 5
1258 418 5
1780 418 5
1781 418 5
1783 418 5
1784 418 5
613 419 5
614 419 5
615 419 5
616 419 5
617 419 5
825 419 5
826 419 5
827 419 5
871 419 5
872 419 5
873 419 5
874 419 5
946 419 5
947 419 5
948 419 5
949 419 5
978 419 5
979 419 5
982 419 5
983 419 5
1236 419 5
1237 419 5
1238 419 5
1239 419 5
1240 419 5
1241 419 5
1242 419 5
1243 419 5
1244 419 5
1245 419 5
1248 419 5
1249 419 5
1250 419 5
1252 419 5
1253 419 5
1780 419 5
1781 419 5
1783 419 5
1784 419 5
612 420 5
613 420 5
614 420 5
615 420 5
616 420 5
824 420 5
825 420 5
826 420 5
827 420 5
870 420 5
871 420 5
872 420 5
873 420 5
945 420 5
946 420 5
947 420 5
948 420 5
978 420 5
979 420 5
980 420 5
981 420 5
982 420 5
1235 420 5
1236 420 5
1247 420 5
1248 420 5
1780 420 5
1781 420 5
1783 420 5
1784 420 5
612 421 5
613 421 5
614 421 5
823 421 5
824 421 5
825 421 5
826 421 5
870 421 5
871 421 5
872 421 5
942 421 5
943 421 5
945 421 5
946 421 5
947 421 5
977 421 5
978 421 5
979 421 5
980 421 5
981 421 5
1235 421 5
1236 421 5
1247 421 5
1248 421 5
1780 421 5
1781 421 5
1783 421 5
1784 421 5
611 422 5
612 422 5
613 422 5
614 422 5
823 422 5
824 422 5
825 422 5
869 422 5
870 422 5
871 422 5
872 422 5
941 422 5
942 422 5
943 422 5
944 422 5
945 422 5
946 422 5
947 422 5
977 422 5
978 422 5
979 422 5
980 422 5
1235 422 5
1236 422 5
1246 422 5
1247 422 5
1780 422 5
1781 422 5
1783 422 5
1784 422 5
611 423 5
612 423 5
613 423 5
614 423 5
822 423 5
823 423 5
824 423 5
825 423 5
868 423 5
869 423 5
870 423 5
871 423 5
940 423 5
941 423 5
944 423 5
945 423 5
946 423 5
976 423 5
977 423 5
978 423 5
979 423 5
1236 423 5
1237 423 5
1246 423 5
1247 423 5
1779 423 5
1780 423 5
1783 423 5
1784 423 5
611 424 5
612 424 5
613 424 5
821 424 5
822 424 5
823 424 5
824 424 5
867 424 5
868 424 5
870 424 5
871 424 5
940 424 5
941 424 5
945 424 5
946 424 5
976 424 5
977 424 5
978 424 5
979 424 5
1237 424 5
1238 424 5
1246 424 5
1247 424 5
1779 424 5
1780 424 5
1782 424 5
1783 424 5
610 425 5
611 425 5
612 425 5
613 425 5
821 425 5
822 425 5
823 425 5
865 425 5
866 425 5
867 425 5
868 425 5
869 425 5
870 425 5
939 425 5
940 425 5
945 425 5
946 425 5
975 425 5
976 425 5
977 425 5
978 425 5
1237 425 5
1238 425 5
1245 425 5
1246 425 5
1776 425 5
1777 425 5
1778 425 5
1779 425 5
1782 425 5
1783 425 5
610 426 5
611 426 5
612 426 5
613 426 5
821 426 5
822 426 5
823 426 5
863 426 5
864 426 5
865 426 5
866 426 5
867 426 5
868 426 5
869 426 5
939 426 5
940 426 5
944 426 5
945 426 5
975 426 5
976 426 5
977 426 5
978 426 5
1238 426 5
1239 426 5
1245 426 5
1246 426 5
1775 426 5
1776 426 5
1777 426 5
1778 426 5
1782 426 5
1783 426 5
610 427 5
611 427 5
612 427 5
613 427 5
820 427 5
821 427 5
822 427 5
823 427 5
861 427 5
862 427 5
863 427 5
864 427 5
865 427 5
866 427 5
867 427 5
939 427 5
940 427 5
944 427 5
945 427 5
974 427 5
975 427 5
976 427 5
977 427 5
1238 427 5
1239 427 5
1245 427 5
1246 427 5
1775 427 5
1776 427 5
1781 427 5
1782 427 5
610 428 5
611 428 5
612 428 5
613 428 5
819 428 5
820 428 5
821 428 5
822 428 5
859 428 5
860 428 5
861 428 5
862 428 5
863 428 5
864 428 5
865 428 5
938 428 5
939 428 5
943 428 5
944 428 5
974 428 5
975 428 5
976 428 5
977 428 5
1238 428 5
1239 428 5
1246 428 5
1247 428 5
1774 428 5
1775 428 5
1776 428 5
1777 428 5
1778 428 5
1779 428 5
1780 428 5
1781 428 5
609 429 5
610 429 5
611 429 5
612 429 5
819 429 5
820 429 5
821 429 5
858 429 5
859 429 5
860 429 5
861 429 5
862 429 5
863 429 5
938 429 5
939 429 5
943 429 5
944 429 5
973 429 5
974 429 5
976 429 5
977 429 5
1239 429 5
1240 429 5
1246 429 5
1247 429 5
1774 429 5
1775 429 5
1776 429 5
1777 429 5
1778 429 5
1779 429 5
1780 429 5
609 430 5
610 430 5
611 430 5
612 430 5
818 430 5
819 430 5
820 430 5
821 430 5
857 430 5
858 430 5
859 430 5
860 430 5
861 430 5
938 430 5
939 430 5
942 430 5
943 430 5
972 430 5
973 430 5
976 430 5
977 430 5
1239 430 5
1240 430 5
1246 430 5
1247 430 5
1773 430 5
1774 430 5
1775 430 5
1776 430 5
609 431 5
610 431 5
611 431 5
612 431 5
818 431 5
819 431 5
820 431 5
821 431 5
856 431 5
857 431 5
858 431 5
859 431 5
938 431 5
939 431 5
942 431 5
943 431 5
972 431 5
973 431 5
976 431 5
977 431 5
1239 431 5
1240 431 5
1246 431 5
1247 431 5
1772 431 5
1773 431 5
1774 431 5
1775 431 5
608 432 5
609 432 5
610 432 5
611 432 5
817 432 5
818 432 5
819 432 5
820 432 5
854 432 5
855 432 5
856 432 5
857 432 5
858 432 5
937 432 5
938 432 5
941 432 5
942 432 5
971 432 5
972 432 5
976 432 5
977 432 5
1239 432 5
1240 432 5
1246 432 5
1247 432 5
1765 432 5
1766 432 5
1767 432 5
1768 432 5
1769 432 5
1770 432 5
1771 432 5
1772 432 5
1774 432 5
1775 432 5
608 433 5
609 433 5
610 433 5
611 433 5
817 433 5
818 433 5
819 433 5
820 433 5
853 433 5
854 433 5
855 433 5
856 433 5
857 433 5
937 433 5
938 433 5
941 433 5
942 433 5
971 433 5
972 433 5
976 433 5
977 433 5
1240 433 5
1241 433 5
1246 433 5
1247 433 5
1764 433 5
1765 433 5
1766 433 5
1767 433 5
1768 433 5
1769 433 5
1770 433 5
1771 433 5
1773 433 5
1774 433 5
607 434 5
608 434 5
609 434 5
610 434 5
816 434 5
817 434 5
818 434 5
819 434 5
852 434 5
853 434 5
854 434 5
855 434 5
856 434 5
936 434 5
937 434 5
940 434 5
941 434 5
971 434 5
972 434 5
977 434 5
978 434 5
1240 434 5
1241 434 5
1246 434 5
1247 434 5
1764 434 5
1765 434 5
1772 434 5
1773 434 5
607 435 5
608 435 5
609 435 5
610 435 5
816 435 5
817 435 5
818 435 5
819 435 5
852 435 5
853 435 5
854 435 5
936 435 5
937 435 5
940 435 5
941 435 5
970 435 5
971 435 5
973 435 5
976 435 5
977 435 5
1240 435 5
1241 435 5
1246 435 5
1247 435 5
1764 435 5
1765 435 5
1771 435 5
1772 435 5
607 436 5
608 436 5
609 436 5
815 436 5
816 436 5
817 436 5
818 436 5
850 436 5
851 436 5
852 436 5
853 436 5
854 436 5
935 436 5
936 436 5
939 436 5
940 436 5
970 436 5
971 436 5
972 436 5
973 436 5
974 436 5
976 436 5
977 436 5
1241 436 5
1242 436 5
1246 436 5
1247 436 5
1764 436 5
1765 436 5
1771 436 5
1772 436 5
607 437 5
608 437 5
609 437 5
815 437 5
816 437 5
817 437 5
849 437 5
850 437 5
851 437 5
852 437 5
853 437 5
934 437 5
935 437 5
939 437 5
940 437 5
970 437 5
971 437 5
973 437 5
974 437 5
975 437 5
976 437 5
1242 437 5
1243 437 5
1244 437 5
1245 437 5
1246 437 5
1764 437 5
1765 437 5
1769 437 5
1770 437 5
1771 437 5
606 438 5
607 438 5
608 438 5
609 438 5
813 438 5
814 438 5
815 438 5
816 438 5
817 438 5
848 438 5
849 438 5
851 438 5
852 438 5
933 438 5
934 438 5
939 438 5
940 438 5
970 438 5
971 438 5
973 438 5
974 438 5
975 438 5
1242 438 5
1243 438 5
1244 438 5
1245 438 5
1765 438 5
1766 438 5
1768 438 5
1769 438 5
1770 438 5
606 439 5
607 439 5
608 439 5
811 439 5
812 439 5
813 439 5
814 439 5
815 439 5
816 439 5
848 439 5
849 439 5
850 439 5
851 439 5
931 439 5
932 439 5
933 439 5
939 439 5
940 439 5
970 439 5
971 439 5
972 439 5
973 439 5
1242 439 5
1243 439 5
1244 439 5
1766 439 5
1767 439 5
1768 439 5
1769 439 5
605 440 5
606 440 5
607 440 5
608 440 5
810 440 5
811 440 5
812 440 5
813 440 5
814 440 5
815 440 5
847 440 5
848 440 5
849 440 5
850 440 5
930 440 5
931 440 5
932 440 5
936 440 5
940 440 5
941 440 5
970 440 5
971 440 5
972 440 5
973 440 5
1241 440 5
1242 440 5
1243 440 5
1244 440 5
1766 440 5
1767 440 5
1768 440 5
1769 440 5
605 441 5
606 441 5
607 441 5
608 441 5
809 441 5
810 441 5
811 441 5
812 441 5
813 441 5
846 441 5
847 441 5
848 441 5
849 441 5
930 441 5
931 441 5
934 441 5
935 441 5
936 441 5
937 441 5
940 441 5
941 441 5
969 441 5
970 441 5
972 441 5
973 441 5
1238 441 5
1239 441 5
1240 441 5
1241 441 5
1242 441 5
1243 441 5
1244 441 5
1766 441 5
1767 441 5
1768 441 5
1769 441 5
605 442 5
606 442 5
607 442 5
608 442 5
807 442 5
808 442 5
809 442 5
810 442 5
811 442 5
845 442 5
846 442 5
847 442 5
848 442 5
929 442 5
930 442 5
933 442 5
934 442 5
935 442 5
936 442 5
937 442 5
940 442 5
941 442 5
969 442 5
970 442 5
972 442 5
973 442 5
1236 442 5
1237 442 5
1238 442 5
1239 442 5
1240 442 5
1241 442 5
1242 442 5
1243 442 5
1766 442 5
1767 442 5
1768 442 5
1769 442 5
605 443 5
606 443 5
607 443 5
608 443 5
806 443 5
807 443 5
808 443 5
809 443 5
810 443 5
844 443 5
845 443 5
846 443 5
847 443 5
928 443 5
929 443 5
932 443 5
933 443 5
936 443 5
937 443 5
940 443 5
941 443 5
969 443 5
970 443 5
971 443 5
972 443 5
1235 443 5
1236 443 5
1237 443 5
1238 443 5
1239 443 5
1240 443 5
1241 443 5
1242 443 5
1766 443 5
1767 443 5
1768 443 5
1769 443 5
604 444 5
605 444 5
606 444 5
607 444 5
608 444 5
804 444 5
805 444 5
806 444 5
808 444 5
809 444 5
843 444 5
844 444 5
845 444 5
846 444 5
927 444 5
928 444 5
932 444 5
933 444 5
937 444 5
938 444 5
939 444 5
940 444 5
968 444 5
969 444 5
971 444 5
972 444 5
1234 444 5
1235 444 5
1236 444 5
1237 444 5
1238 444 5
1239 444 5
1240 444 5
1766 444 5
1767 444 5
1769 444 5
1770 444 5
603 445 5
604 445 5
605 445 5
607 445 5
608 445 5
800 445 5
802 445 5
803 445 5
804 445 5
805 445 5
807 445 5
808 445 5
842 445 5
843 445 5
844 445 5
845 445 5
926 445 5
927 445 5
931 445 5
932 445 5
938 445 5
939 445 5
968 445 5
969 445 5
971 445 5
972 445 5
1233 445 5
1234 445 5
1235 445 5
1236 445 5
1766 445 5
1767 445 5
1769 445 5
1770 445 5
602 446 5
603 446 5
604 446 5
607 446 5
608 446 5
799 446 5
800 446 5
801 446 5
802 446 5
803 446 5
805 446 5
806 446 5
807 446 5
841 446 5
842 446 5
843 446 5
844 446 5
926 446 5
927 446 5
930 446 5
931 446 5
968 446 5
969 446 5
971 446 5
972 446 5
1232 446 5
1233 446 5
1234 446 5
1235 446 5
1766 446 5
1767 446 5
1768 446 5
1769 446 5
601 447 5
602 447 5
603 447 5
607 447 5
608 447 5
799 447 5
800 447 5
801 447 5
804 447 5
805 447 5
806 447 5
841 447 5
842 447 5
843 447 5
917 447 5
918 447 5
919 447 5
920 447 5
921 447 5
922 447 5
923 447 5
924 447 5
925 447 5
926 447 5
929 447 5
930 447 5
968 447 5
969 447 5
971 447 5
972 447 5
1231 447 5
1232 447 5
1233 447 5
1234 447 5
1765 447 5
1766 447 5
1768 447 5
1769 447 5
600 448 5
601 448 5
608 448 5
609 448 5
798 448 5
799 448 5
802 448 5
803 448 5
804 448 5
840 448 5
841 448 5
842 448 5
843 448 5
916 448 5
917 448 5
918 448 5
919 448 5
920 448 5
921 448 5
922 448 5
923 448 5
924 448 5
925 448 5
928 448 5
929 448 5
967 448 5
968 448 5
972 448 5
973 448 5
1230 448 5
1231 448 5
1232 448 5
1233 448 5
1765 448 5
1766 448 5
1767 448 5
1768 448 5
599 449 5
600 449 5
609 449 5
610 449 5
797 449 5
798 449 5
801 449 5
802 449 5
803 449 5
839 449 5
840 449 5
841 449 5
842 449 5
913 449 5
914 449 5
915 449 5
916 449 5
926 449 5
927 449 5
928 449 5
967 449 5
968 449 5
972 449 5
973 449 5
1230 449 5
1231 449 5
1232 449 5
1233 449 5
1765 449 5
1766 449 5
1767 449 5
1768 449 5
599 450 5
600 450 5
610 450 5
611 450 5
795 450 5
796 450 5
797 450 5
800 450 5
801 450 5
839 450 5
840 450 5
841 450 5
912 450 5
913 450 5
914 450 5
915 450 5
919 450 5
920 450 5
921 450 5
922 450 5
923 450 5
924 450 5
925 450 5
926 450 5
927 450 5
967 450 5
968 450 5
972 450 5
973 450 5
1229 450 5
1230 450 5
1231 450 5
1232 450 5
1764 450 5
1765 450 5
1766 450 5
1767 450 5
599 451 5
600 451 5
610 451 5
611 451 5
794 451 5
795 451 5
796 451 5
798 451 5
799 451 5
800 451 5
838 451 5
839 451 5
840 451 5
841 451 5
911 451 5
912 451 5
917 451 5
918 451 5
919 451 5
920 451 5
921 451 5
922 451 5
923 451 5
924 451 5
925 451 5
966 451 5
967 451 5
972 451 5
973 451 5
1228 451 5
1229 451 5
1230 451 5
1231 451 5
1763 451 5
1764 451 5
1765 451 5
1766 451 5
1767 451 5
600 452 5
601 452 5
602 452 5
610 452 5
611 452 5
793 452 5
794 452 5
797 452 5
798 452 5
799 452 5
838 452 5
839 452 5
840 452 5
910 452 5
911 452 5
915 452 5
916 452 5
917 452 5
918 452 5
965 452 5
966 452 5
971 452 5
972 452 5
1227 452 5
1228 452 5
1230 452 5
1231 452 5
1762 452 5
1763 452 5
1766 452 5
1767 452 5
601 453 5
602 453 5
603 453 5
610 453 5
611 453 5
792 453 5
793 453 5
796 453 5
797 453 5
837 453 5
838 453 5
839 453 5
840 453 5
909 453 5
910 453 5
914 453 5
915 453 5
916 453 5
965 453 5
966 453 5
971 453 5
972 453 5
1227 453 5
1228 453 5
1229 453 5
1230 453 5
1762 453 5
1763 453 5
1766 453 5
1767 453 5
603 454 5
604 454 5
609 454 5
610 454 5
791 454 5
792 454 5
795 454 5
796 454 5
836 454 5
837 454 5
838 454 5
839 454 5
909 454 5
910 454 5
913 454 5
914 454 5
964 454 5
965 454 5
971 454 5
972 454 5
1226 454 5
1227 454 5
1229 454 5
1230 454 5
1761 454 5
1762 454 5
1765 454 5
1766 454 5
604 455 5
605 455 5
609 455 5
610 455 5
790 455 5
791 455 5
795 455 5
796 455 5
836 455 5
837 455 5
838 455 5
839 455 5
909 455 5
910 455 5
913 455 5
914 455 5
963 455 5
964 455 5
970 455 5
971 455 5
1226 455 5
1227 455 5
1229 455 5
1230 455 5
1760 455 5
1761 455 5
1764 455 5
1765 455 5
605 456 5
606 456 5
609 456 5
610 456 5
790 456 5
791 456 5
795 456 5
796 456 5
835 456 5
836 456 5
838 456 5
839 456 5
909 456 5
910 456 5
912 456 5
913 456 5
963 456 5
964 456 5
970 456 5
971 456 5
1226 456 5
1227 456 5
1229 456 5
1230 456 5
1760 456 5
1761 456 5
1764 456 5
1765 456 5
606 457 5
607 457 5
609 457 5
610 457 5
790 457 5
791 457 5
795 457 5
796 457 5
835 457 5
836 457 5
837 457 5
838 457 5
909 457 5
910 457 5
912 457 5
913 457 5
962 457 5
963 457 5
969 457 5
970 457 5
1226 457 5
1227 457 5
1229 457 5
1230 457 5
1759 457 5
1760 457 5
1763 457 5
1764 457 5
607 458 5
608 458 5
609 458 5
610 458 5
791 458 5
792 458 5
793 458 5
795 458 5
796 458 5
834 458 5
835 458 5
837 458 5
838 458 5
909 458 5
910 458 5
912 458 5
913 458 5
962 458 5
963 458 5
968 458 5
969 458 5
1226 458 5
1227 458 5
1229 458 5
1230 458 5
1759 458 5
1760 458 5
1763 458 5
1764 458 5
608 459 5
609 459 5
610 459 5
611 459 5
792 459 5
793 459 5
794 459 5
796 459 5
797 459 5
833 459 5
834 459 5
837 459 5
838 459 5
909 459 5
910 459 5
912 459 5
913 459 5
961 459 5
962 459 5
968 459 5
969 459 5
1226 459 5
1227 459 5
1229 459 5
1230 459 5
1759 459 5
1760 459 5
1762 459 5
1763 459 5
609 460 5
610 460 5
611 460 5
793 460 5
794 460 5
796 460 5
797 460 5
833 460 5
834 460 5
837 460 5
838 460 5
909 460 5
910 460 5
912 460 5
913 460 5
961 460 5
962 460 5
968 460 5
969 460 5
1225 460 5
1226 460 5
1230 460 5
1231 460 5
1758 460 5
1759 460 5
1762 460 5
1763 460 5
609 461 5
610 461 5
611 461 5
793 461 5
794 461 5
796 461 5
797 461 5
833 461 5
834 461 5
836 461 5
837 461 5
909 461 5
910 461 5
912 461 5
913 461 5
962 461 5
963 461 5
964 461 5
965 461 5
968 461 5
969 461 5
1225 461 5
1226 461 5
1230 461 5
1231 461 5
1758 461 5
1759 461 5
1762 461 5
1763 461 5
609 462 5
610 462 5
611 462 5
794 462 5
795 462 5
796 462 5
797 462 5
833 462 5
834 462 5
836 462 5
837 462 5
909 462 5
910 462 5
913 462 5
914 462 5
963 462 5
964 462 5
965 462 5
966 462 5
968 462 5
969 462 5
1225 462 5
1226 462 5
1230 462 5
1231 462 5
1757 462 5
1758 462 5
1761 462 5
1762 462 5
609 463 5
610 463 5
611 463 5
794 463 5
795 463 5
796 463 5
797 463 5
833 463 5
834 463 5
836 463 5
837 463 5
910 463 5
911 463 5
914 463 5
915 463 5
965 463 5
966 463 5
968 463 5
969 463 5
1224 463 5
1225 463 5
1231 463 5
1232 463 5
1757 463 5
1758 463 5
1761 463 5
1762 463 5
609 464 5
610 464 5
611 464 5
794 464 5
795 464 5
796 464 5
797 464 5
834 464 5
835 464 5
836 464 5
837 464 5
911 464 5
912 464 5
914 464 5
915 464 5
965 464 5
966 464 5
968 464 5
969 464 5
1224 464 5
1225 464 5
1232 464 5
1233 464 5
1757 464 5
1758 464 5
1760 464 5
1761 464 5
609 465 5
610 465 5
611 465 5
794 465 5
795 465 5
796 465 5
797 465 5
833 465 5
834 465 5
835 465 5
836 465 5
911 465 5
912 465 5
914 465 5
915 465 5
965 465 5
966 465 5
968 465 5
969 465 5
1225 465 5
1226 465 5
1233 465 5
1234 465 5
1756 465 5
1757 465 5
1760 465 5
1761 465 5
609 466 5
610 466 5
611 466 5
794 466 5
795 466 5
796 466 5
797 466 5
833 466 5
834 466 5
835 466 5
836 466 5
912 466 5
913 466 5
914 466 5
915 466 5
965 466 5
966 466 5
968 466 5
969 466 5
1226 466 5
1227 466 5
1233 466 5
1234 466 5
1755 466 5
1756 466 5
1760 466 5
1761 466 5
609 467 5
610 467 5
611 467 5
793 467 5
794 467 5
795 467 5
796 467 5
833 467 5
834 467 5
835 467 5
836 467 5
912 467 5
913 467 5
914 467 5
915 467 5
965 467 5
966 467 5
968 467 5
969 467 5
1227 467 5
1228 467 5
1232 467 5
1233 467 5
1754 467 5
1755 467 5
1756 467 5
1759 467 5
1760 467 5
609 468 5
610 468 5
611 468 5
790 468 5
791 468 5
792 468 5
793 468 5
794 468 5
795 468 5
832 468 5
833 468 5
834 468 5
835 468 5
912 468 5
913 468 5
914 468 5
915 468 5
965 468 5
966 468 5
968 468 5
969 468 5
1228 468 5
1229 468 5
1232 468 5
1233 468 5
1753 468 5
1754 468 5
1755 468 5
1759 468 5
1760 468 5
609 469 5
610 469 5
611 469 5
789 469 5
790 469 5
791 469 5
792 469 5
793 469 5
794 469 5
832 469 5
833 469 5
834 469 5
835 469 5
912 469 5
913 469 5
914 469 5
915 469 5
965 469 5
966 469 5
968 469 5
969 469 5
1228 469 5
1229 469 5
1232 469 5
1233 469 5
1752 469 5
1753 469 5
1759 469 5
1760 469 5
1761 469 5
609 470 5
610 470 5
611 470 5
788 470 5
789 470 5
790 470 5
791 470 5
792 470 5
793 470 5
831 470 5
832 470 5
833 470 5
834 470 5
912 470 5
913 470 5
914 470 5
915 470 5
965 470 5
966 470 5
968 470 5
969 470 5
1229 470 5
1230 470 5
1232 470 5
1233 470 5
1751 470 5
1752 470 5
1760 470 5
1761 470 5
1762 470 5
609 471 5
610 471 5
611 471 5
786 471 5
787 471 5
788 471 5
789 471 5
790 471 5
791 471 5
831 471 5
832 471 5
833 471 5
913 471 5
914 471 5
915 471 5
916 471 5
917 471 5
918 471 5
965 471 5
966 471 5
968 471 5
969 471 5
1229 471 5
1230 471 5
1232 471 5
1233 471 5
1751 471 5
1752 471 5
1761 471 5
1762 471 5
1763 471 5
1764 471 5
609 472 5
610 472 5
611 472 5
784 472 5
785 472 5
786 472 5
787 472 5
788 472 5
789 472 5
830 472 5
831 472 5
832 472 5
833 472 5
913 472 5
914 472 5
915 472 5
916 472 5
917 472 5
918 472 5
919 472 5
965 472 5
966 472 5
968 472 5
969 472 5
1229 472 5
1230 472 5
1232 472 5
1233 472 5
1750 472 5
1751 472 5
1762 472 5
1763 472 5
1764 472 5
1765 472 5
1766 472 5
609 473 5
610 473 5
611 473 5
782 473 5
783 473 5
784 473 5
785 473 5
786 473 5
787 473 5
788 473 5
830 473 5
831 473 5
832 473 5
913 473 5
914 473 5
915 473 5
916 473 5
917 473 5
918 473 5
919 473 5
965 473 5
966 473 5
968 473 5
969 473 5
1228 473 5
1229 473 5
1232 473 5
1233 473 5
1750 473 5
1751 473 5
1765 473 5
1766 473 5
1767 473 5
1768 473 5
609 474 5
610 474 5
611 474 5
780 474 5
781 474 5
782 474 5
783 474 5
784 474 5
785 474 5
786 474 5
829 474 5
830 474 5
831 474 5
832 474 5
911 474 5
912 474 5
913 474 5
914 474 5
915 474 5
916 474 5
917 474 5
918 474 5
965 474 5
966 474 5
968 474 5
969 474 5
1228 474 5
1229 474 5
1231 474 5
1232 474 5
1750 474 5
1751 474 5
1767 474 5
1768 474 5
1769 474 5
1770 474 5
608 475 5
609 475 5
610 475 5
611 475 5
778 475 5
779 475 5
780 475 5
781 475 5
782 475 5
783 475 5
784 475 5
829 475 5
830 475 5
831 475 5
910 475 5
911 475 5
912 475 5
913 475 5
914 475 5
965 475 5
966 475 5
968 475 5
969 475 5
1227 475 5
1228 475 5
1231 475 5
1232 475 5
1750 475 5
1751 475 5
1769 475 5
1770 475 5
1771 475 5
608 476 5
609 476 5
610 476 5
776 476 5
777 476 5
778 476 5
779 476 5
780 476 5
781 476 5
782 476 5
828 476 5
829 476 5
830 476 5
831 476 5
909 476 5
910 476 5
911 476 5
912 476 5
913 476 5
965 476 5
966 476 5
968 476 5
969 476 5
1227 476 5
1228 476 5
1230 476 5
1231 476 5
1751 476 5
1752 476 5
1770 476 5
1771 476 5
608 477 5
609 477 5
610 477 5
775 477 5
776 477 5
777 477 5
778 477 5
779 477 5
780 477 5
828 477 5
829 477 5
830 477 5
831 477 5
908 477 5
909 477 5
910 477 5
911 477 5
965 477 5
966 477 5
968 477 5
969 477 5
1227 477 5
1228 477 5
1229 477 5
1230 477 5
1752 477 5
1753 477 5
1770 477 5
1771 477 5
608 478 5
609 478 5
610 478 5
774 478 5
775 478 5
776 478 5
777 478 5
778 478 5
827 478 5
828 478 5
829 478 5
830 478 5
907 478 5
908 478 5
909 478 5
910 478 5
964 478 5
965 478 5
966 478 5
968 478 5
969 478 5
1226 478 5
1227 478 5
1229 478 5
1230 478 5
1753 478 5
1754 478 5
1770 478 5
1771 478 5
608 479 5
609 479 5
610 479 5
772 479 5
773 479 5
774 479 5
775 479 5
776 479 5
827 479 5
828 479 5
829 479 5
906 479 5
907 479 5
908 479 5
909 479 5
963 479 5
964 479 5
965 479 5
968 479 5
969 479 5
1226 479 5
1227 479 5
1228 479 5
1229 479 5
1754 479 5
1755 479 5
1769 479 5
1770 479 5
608 480 5
609 480 5
610 480 5
770 480 5
771 480 5
772 480 5
773 480 5
774 480 5
775 480 5
827 480 5
828 480 5
829 480 5
906 480 5
907 480 5
908 480 5
909 480 5
963 480 5
964 480 5
968 480 5
969 480 5
1223 480 5
1224 480 5
1225 480 5
1226 480 5
1228 480 5
1229 480 5
1755 480 5
1756 480 5
1769 480 5
1770 480 5
608 481 5
609 481 5
610 481 5
769 481 5
770 481 5
771 481 5
772 481 5
773 481 5
774 481 5
826 481 5
827 481 5
828 481 5
829 481 5
905 481 5
906 481 5
907 481 5
908 481 5
962 481 5
963 481 5
968 481 5
969 481 5
1222 481 5
1223 481 5
1224 481 5
1225 481 5
1228 481 5
1229 481 5
1756 481 5
1757 481 5
1768 481 5
1769 481 5
607 482 5
608 482 5
609 482 5
610 482 5
767 482 5
768 482 5
769 482 5
770 482 5
771 482 5
772 482 5
826 482 5
827 482 5
828 482 5
904 482 5
905 482 5
906 482 5
907 482 5
962 482 5
963 482 5
967 482 5
968 482 5
1221 482 5
1222 482 5
1228 482 5
1229 482 5
1230 482 5
1757 482 5
1758 482 5
1766 482 5
1767 482 5
1768 482 5
607 483 5
608 483 5
609 483 5
610 483 5
765 483 5
766 483 5
767 483 5
768 483 5
769 483 5
770 483 5
771 483 5
826 483 5
827 483 5
828 483 5
904 483 5
905 483 5
906 483 5
907 483 5
962 483 5
963 483 5
967 483 5
968 483 5
1221 483 5
1222 483 5
1227 483 5
1228 483 5
1229 483 5
1757 483 5
1758 483 5
1765 483 5
1766 483 5
1767 483 5
607 484 5
608 484 5
609 484 5
610 484 5
763 484 5
764 484 5
765 484 5
766 484 5
767 484 5
768 484 5
769 484 5
825 484 5
826 484 5
827 484 5
828 484 5
904 484 5
905 484 5
906 484 5
961 484 5
962 484 5
967 484 5
968 484 5
1221 484 5
1222 484 5
1223 484 5
1226 484 5
1227 484 5
1758 484 5
1759 484 5
1764 484 5
1765 484 5
607 485 5
608 485 5
609 485 5
610 485 5
761 485 5
762 485 5
763 485 5
764 485 5
765 485 5
766 485 5
767 485 5
825 485 5
826 485 5
827 485 5
903 485 5
904 485 5
905 485 5
906 485 5
961 485 5
962 485 5
966 485 5
967 485 5
1222 485 5
1223 485 5
1224 485 5
1226 485 5
1227 485 5
1758 485 5
1759 485 5
1764 485 5
1765 485 5
607 486 5
608 486 5
609 486 5
758 486 5
759 486 5
760 486 5
761 486 5
762 486 5
763 486 5
764 486 5
765 486 5
825 486 5
826 486 5
827 486 5
902 486 5
903 486 5
904 486 5
905 486 5
960 486 5
961 486 5
966 486 5
967 486 5
1222 486 5
1223 486 5
1225 486 5
1226 486 5
1759 486 5
1760 486 5
1763 486 5
1764 486 5
606 487 5
607 487 5
608 487 5
609 487 5
756 487 5
757 487 5
758 487 5
759 487 5
760 487 5
761 487 5
762 487 5
763 487 5
824 487 5
825 487 5
826 487 5
827 487 5
902 487 5
903 487 5
904 487 5
960 487 5
961 487 5
965 487 5
966 487 5
1223 487 5
1224 487 5
1225 487 5
1759 487 5
1760 487 5
1763 487 5
1764 487 5
606 488 5
607 488 5
608 488 5
609 488 5
754 488 5
755 488 5
756 488 5
757 488 5
758 488 5
759 488 5
760 488 5
761 488 5
824 488 5
825 488 5
826 488 5
901 488 5
902 488 5
903 488 5
904 488 5
960 488 5
961 488 5
965 488 5
966 488 5
1223 488 5
1224 488 5
1225 488 5
1760 488 5
1761 488 5
1763 488 5
1764 488 5
606 489 5
607 489 5
608 489 5
609 489 5
751 489 5
752 489 5
753 489 5
754 489 5
755 489 5
756 489 5
757 489 5
758 489 5
824 489 5
825 489 5
826 489 5
901 489 5
902 489 5
903 489 5
959 489 5
960 489 5
964 489 5
965 489 5
1223 489 5
1224 489 5
1225 489 5
1760 489 5
1761 489 5
1764 489 5
1765 489 5
606 490 5
607 490 5
608 490 5
609 490 5
744 490 5
745 490 5
746 490 5
747 490 5
748 490 5
749 490 5
750 490 5
751 490 5
752 490 5
753 490 5
754 490 5
755 490 5
756 490 5
757 490 5
823 490 5
824 490 5
825 490 5
826 490 5
900 490 5
901 490 5
902 490 5
903 490 5
959 490 5
960 490 5
964 490 5
965 490 5
1222 490 5
1223 490 5
1224 490 5
1225 490 5
1761 490 5
1762 490 5
1765 490 5
1766 490 5
606 491 5
607 491 5
608 491 5
742 491 5
743 491 5
744 491 5
745 491 5
746 491 5
747 491 5
748 491 5
749 491 5
750 491 5
751 491 5
752 491 5
753 491 5
754 491 5
755 491 5
756 491 5
823 491 5
824 491 5
825 491 5
900 491 5
901 491 5
902 491 5
903 491 5
958 491 5
959 491 5
963 491 5
964 491 5
1222 491 5
1223 491 5
1224 491 5
1762 491 5
1763 491 5
1766 491 5
1767 491 5
606 492 5
607 492 5
608 492 5
740 492 5
741 492 5
742 492 5
743 492 5
744 492 5
745 492 5
746 492 5
747 492 5
748 492 5
749 492 5
750 492 5
751 492 5
752 492 5
823 492 5
824 492 5
825 492 5
900 492 5
901 492 5
902 492 5
958 492 5
959 492 5
962 492 5
963 492 5
1222 492 5
1223 492 5
1224 492 5
1763 492 5
1764 492 5
1766 492 5
1767 492 5
606 493 5
607 493 5
608 493 5
738 493 5
739 493 5
740 493 5
741 493 5
742 493 5
743 493 5
744 493 5
745 493 5
746 493 5
822 493 5
823 493 5
824 493 5
825 493 5
899 493 5
900 493 5
901 493 5
902 493 5
957 493 5
958 493 5
962 493 5
963 493 5
1222 493 5
1223 493 5
1224 493 5
1763 493 5
1764 493 5
1767 493 5
1768 493 5
606 494 5
607 494 5
608 494 5
734 494 5
735 494 5
736 494 5
737 494 5
738 494 5
739 494 5
740 494 5
741 494 5
742 494 5
743 494 5
822 494 5
823 494 5
824 494 5
825 494 5
899 494 5
900 494 5
901 494 5
957 494 5
958 494 5
961 494 5
962 494 5
1221 494 5
1222 494 5
1223 494 5
1224 494 5
1764 494 5
1765 494 5
1767 494 5
1768 494 5
605 495 5
606 495 5
607 495 5
608 495 5
733 495 5
734 495 5
735 495 5
736 495 5
737 495 5
738 495 5
739 495 5
740 495 5
822 495 5
823 495 5
824 495 5
825 495 5
898 495 5
899 495 5
900 495 5
901 495 5
956 495 5
957 495 5
961 495 5
962 495 5
1221 495 5
1222 495 5
1223 495 5
1224 495 5
1764 495 5
1765 495 5
1768 495 5
1769 495 5
1770 495 5
1771 495 5
1772 495 5
605 496 5
606 496 5
607 496 5
608 496 5
732 496 5
733 496 5
734 496 5
735 496 5
736 496 5
737 496 5
738 496 5
822 496 5
823 496 5
824 496 5
825 496 5
898 496 5
899 496 5
900 496 5
956 496 5
957 496 5
961 496 5
962 496 5
1221 496 5
1222 496 5
1223 496 5
1224 496 5
1765 496 5
1766 496 5
1769 496 5
1770 496 5
1771 496 5
1772 496 5
1773 496 5
1774 496 5
605 497 5
606 497 5
607 497 5
608 497 5
731 497 5
732 497 5
733 497 5
734 497 5
735 497 5
736 497 5
822 497 5
823 497 5
824 497 5
897 497 5
898 497 5
899 497 5
900 497 5
956 497 5
957 497 5
961 497 5
962 497 5
1221 497 5
1222 497 5
1223 497 5
1224 497 5
1765 497 5
1766 497 5
1773 497 5
1774 497 5
1775 497 5
605 498 5
606 498 5
607 498 5
608 498 5
730 498 5
731 498 5
732 498 5
733 498 5
821 498 5
822 498 5
823 498 5
824 498 5
897 498 5
898 498 5
899 498 5
956 498 5
957 498 5
962 498 5
963 498 5
1221 498 5
1222 498 5
1223 498 5
1224 498 5
1765 498 5
1766 498 5
1774 498 5
1775 498 5
605 499 5
606 499 5
607 499 5
608 499 5
730 499 5
731 499 5
732 499 5
821 499 5
822 499 5
823 499 5
896 499 5
897 499 5
898 499 5
899 499 5
956 499 5
957 499 5
961 499 5
962 499 5
1221 499 5
1222 499 5
1223 499 5
1224 499 5
1765 499 5
1766 499 5
1774 499 5
1775 499 5
605 500 5
606 500 5
607 500 5
731 500 5
821 500 5
822 500 5
823 500 5
896 500 5
897 500 5
898 500 5
899 500 5
956 500 5
957 500 5
961 500 5
962 500 5
1221 500 5
1222 500 5
1223 500 5
1224 500 5
1765 500 5
1766 500 5
1774 500 5
1775 500 5
604 501 5
605 501 5
606 501 5
607 501 5
821 501 5
822 501 5
823 501 5
896 501 5
897 501 5
898 501 5
956 501 5
957 501 5
960 501 5
961 501 5
1221 501 5
1222 501 5
1223 501 5
1766 501 5
1767 501 5
1774 501 5
1775 501 5
604 502 5
605 502 5
606 502 5
607 502 5
820 502 5
821 502 5
822 502 5
823 502 5
895 502 5
896 502 5
897 502 5
898 502 5
956 502 5
957 502 5
960 502 5
961 502 5
1221 502 5
1222 502 5
1223 502 5
1766 502 5
1767 502 5
1773 502 5
1774 502 5
604 503 5
605 503 5
606 503 5
607 503 5
820 503 5
821 503 5
822 503 5
895 503 5
896 503 5
897 503 5
956 503 5
957 503 5
959 503 5
960 503 5
1221 503 5
1222 503 5
1223 503 5
1766 503 5
1767 503 5
1773 503 5
1774 503 5
604 504 5
605 504 5
606 504 5
607 504 5
819 504 5
820 504 5
821 504 5
822 504 5
894 504 5
895 504 5
896 504 5
897 504 5
956 504 5
957 504 5
958 504 5
959 504 5
1221 504 5
1222 504 5
1223 504 5
1765 504 5
1766 504 5
1772 504 5
1773 504 5
604 505 5
605 505 5
606 505 5
819 505 5
820 505 5
821 505 5
894 505 5
895 505 5
896 505 5
955 505 5
956 505 5
957 505 5
958 505 5
1221 505 5
1222 505 5
1223 505 5
1765 505 5
1766 505 5
1772 505 5
1773 505 5
604 506 5
605 506 5
606 506 5
819 506 5
820 506 5
821 506 5
894 506 5
895 506 5
896 506 5
955 506 5
956 506 5
957 506 5
958 506 5
1221 506 5
1222 506 5
1223 506 5
1765 506 5
1766 506 5
1772 506 5
1773 506 5
604 507 5
605 507 5
606 507 5
819 507 5
820 507 5
821 507 5
893 507 5
894 507 5
895 507 5
896 507 5
954 507 5
955 507 5
957 507 5
958 507 5
1221 507 5
1222 507 5
1223 507 5
1765 507 5
1766 507 5
1768 507 5
1772 507 5
1773 507 5
603 508 5
604 508 5
605 508 5
606 508 5
819 508 5
820 508 5
821 508 5
893 508 5
894 508 5
895 508 5
953 508 5
954 508 5
957 508 5
958 508 5
1221 508 5
1222 508 5
1223 508 5
1766 508 5
1767 508 5
1768 508 5
1769 508 5
1771 508 5
1772 508 5
603 509 5
604 509 5
605 509 5
606 509 5
818 509 5
819 509 5
820 509 5
821 509 5
892 509 5
893 509 5
894 509 5
895 509 5
952 509 5
953 509 5
957 509 5
958 509 5
1221 509 5
1222 509 5
1223 509 5
1767 509 5
1768 509 5
1769 509 5
1771 509 5
1772 509 5
603 510 5
604 510 5
605 510 5
606 510 5
818 510 5
819 510 5
820 510 5
892 510 5
893 510 5
894 510 5
952 510 5
953 510 5
956 510 5
957 510 5
958 510 5
1221 510 5
1222 510 5
1223 510 5
1768 510 5
1769 510 5
1772 510 5
1773 510 5
603 511 5
604 511 5
605 511 5
817 511 5
818 511 5
819 511 5
820 511 5
892 511 5
893 511 5
894 511 5
953 511 5
954 511 5
955 511 5
956 511 5
957 511 5
958 511 5
1221 511 5
1222 511 5
1223 511 5
1768 511 5
1769 511 5
1772 511 5
1773 511 5
603 512 5
604 512 5
605 512 5
817 512 5
818 512 5
819 512 5
820 512 5
891 512 5
892 512 5
893 512 5
894 512 5
954 512 5
955 512 5
956 512 5
957 512 5
958 512 5
1221 512 5
1222 512 5
1223 512 5
1768 512 5
1769 512 5
1772 512 5
1773 512 5
603 513 5
604 513 5
605 513 5
816 513 5
817 513 5
818 513 5
819 513 5
891 513 5
892 513 5
893 513 5
954 513 5
955 513 5
957 513 5
958 513 5
1220 513 5
1221 513 5
1222 513 5
1223 513 5
1768 513 5
1769 513 5
1772 513 5
1773 513 5
603 514 5
604 514 5
605 514 5
816 514 5
817 514 5
818 514 5
891 514 5
892 514 5
893 514 5
954 514 5
955 514 5
957 514 5
958 514 5
1220 514 5
1221 514 5
1222 514 5
1768 514 5
1769 514 5
1772 514 5
1773 514 5
603 515 5
604 515 5
605 515 5
816 515 5
817 515 5
818 515 5
819 515 5
890 515 5
891 515 5
892 515 5
893 515 5
954 515 5
955 515 5
957 515 5
958 515 5
1220 515 5
1221 515 5
1222 515 5
1768 515 5
1769 515 5
1771 515 5
1772 515 5
602 516 5
603 516 5
604 516 5
605 516 5
816 516 5
817 516 5
818 516 5
819 516 5
890 516 5
891 516 5
892 516 5
955 516 5
956 516 5
957 516 5
958 516 5
1219 516 5
1220 516 5
1221 516 5
1222 516 5
1768 516 5
1769 516 5
1771 516 5
1772 516 5
602 517 5
603 517 5
604 517 5
816 517 5
817 517 5
818 517 5
819 517 5
890 517 5
891 517 5
892 517 5
955 517 5
956 517 5
957 517 5
958 517 5
1219 517 5
1220 517 5
1221 517 5
1222 517 5
1767 517 5
1768 517 5
1771 517 5
1772 517 5
602 518 5
603 518 5
604 518 5
816 518 5
817 518 5
818 518 5
819 518 5
890 518 5
891 518 5
892 518 5
955 518 5
956 518 5
957 518 5
958 518 5
1218 518 5
1219 518 5
1220 518 5
1221 518 5
1766 518 5
1767 518 5
1770 518 5
1771 518 5
602 519 5
603 519 5
604 519 5
816 519 5
817 519 5
818 519 5
819 519 5
889 519 5
890 519 5
891 519 5
892 519 5
955 519 5
956 519 5
957 519 5
958 519 5
1218 519 5
1219 519 5
1220 519 5
1221 519 5
1766 519 5
1767 519 5
1770 519 5
1771 519 5
602 520 5
603 520 5
604 520 5
817 520 5
818 520 5
819 520 5
889 520 5
890 520 5
891 520 5
955 520 5
956 520 5
957 520 5
958 520 5
1218 520 5
1219 520 5
1220 520 5
1765 520 5
1766 520 5
1770 520 5
1771 520 5
601 521 5
602 521 5
603 521 5
604 521 5
817 521 5
818 521 5
819 521 5
820 521 5
889 521 5
890 521 5
891 521 5
954 521 5
955 521 5
957 521 5
958 521 5
1217 521 5
1218 521 5
1219 521 5
1220 521 5
1765 521 5
1766 521 5
1769 521 5
1770 521 5
601 522 5
602 522 5
603 522 5
604 522 5
818 522 5
819 522 5
820 522 5
889 522 5
890 522 5
891 522 5
954 522 5
955 522 5
957 522 5
958 522 5
1217 522 5
1218 522 5
1219 522 5
1765 522 5
1766 522 5
1769 522 5
1770 522 5
601 523 5
602 523 5
603 523 5
604 523 5
818 523 5
819 523 5
820 523 5
888 523 5
889 523 5
890 523 5
891 523 5
954 523 5
955 523 5
957 523 5
958 523 5
1216 523 5
1217 523 5
1218 523 5
1219 523 5
1764 523 5
1765 523 5
1769 523 5
1770 523 5
601 524 5
602 524 5
603 524 5
604 524 5
818 524 5
819 524 5
820 524 5
821 524 5
888 524 5
889 524 5
890 524 5
954 524 5
955 524 5
957 524 5
958 524 5
1216 524 5
1217 524 5
1218 524 5
1764 524 5
1765 524 5
1768 524 5
1769 524 5
601 525 5
602 525 5
603 525 5
604 525 5
819 525 5
820 525 5
821 525 5
888 525 5
889 525 5
890 525 5
954 525 5
955 525 5
956 525 5
957 525 5
1215 525 5
1216 525 5
1217 525 5
1218 525 5
1763 525 5
1764 525 5
1768 525 5
1769 525 5
601 526 5
602 526 5
603 526 5
819 526 5
820 526 5
821 526 5
888 526 5
889 526 5
890 526 5
954 526 5
955 526 5
956 526 5
957 526 5
1215 526 5
1216 526 5
1217 526 5
1763 526 5
1764 526 5
1767 526 5
1768 526 5
601 527 5
602 527 5
603 527 5
819 527 5
820 527 5
821 527 5
888 527 5
889 527 5
890 527 5
954 527 5
955 527 5
956 527 5
957 527 5
1214 527 5
1215 527 5
1216 527 5
1217 527 5
1762 527 5
1763 527 5
1767 527 5
1768 527 5
601 528 5
602 528 5
603 528 5
819 528 5
820 528 5
821 528 5
887 528 5
888 528 5
889 528 5
890 528 5
954 528 5
955 528 5
956 528 5
957 528 5
1213 528 5
1214 528 5
1215 528 5
1216 528 5
1762 528 5
1763 528 5
1766 528 5
1767 528 5
600 529 5
601 529 5
602 529 5
603 529 5
819 529 5
820 529 5
821 529 5
887 529 5
888 529 5
889 529 5
954 529 5
955 529 5
956 529 5
957 529 5
1212 529 5
1213 529 5
1214 529 5
1215 529 5
1216 529 5
1761 529 5
1762 529 5
1766 529 5
1767 529 5
600 530 5
601 530 5
602 530 5
603 530 5
819 530 5
820 530 5
821 530 5
887 530 5
888 530 5
889 530 5
953 530 5
954 530 5
955 530 5
956 530 5
957 530 5
1211 530 5
1212 530 5
1215 530 5
1216 530 5
1761 530 5
1762 530 5
1765 530 5
1766 530 5
600 531 5
601 531 5
602 531 5
819 531 5
820 531 5
821 531 5
887 531 5
888 531 5
889 531 5
954 531 5
955 531 5
956 531 5
957 531 5
1212 531 5
1213 531 5
1215 531 5
1216 531 5
1760 531 5
1761 531 5
1765 531 5
1766 531 5
600 532 5
601 532 5
602 532 5
819 532 5
820 532 5
821 532 5
887 532 5
888 532 5
889 532 5
954 532 5
955 532 5
957 532 5
958 532 5
1213 532 5
1214 532 5
1215 532 5
1216 532 5
1760 532 5
1761 532 5
1764 532 5
1765 532 5
600 533 5
601 533 5
602 533 5
818 533 5
819 533 5
820 533 5
821 533 5
886 533 5
887 533 5
888 533 5
889 533 5
954 533 5
955 533 5
957 533 5
958 533 5
1213 533 5
1214 533 5
1215 533 5
1216 533 5
1759 533 5
1760 533 5
1763 533 5
1764 533 5
600 534 5
601 534 5
602 534 5
812 534 5
813 534 5
814 534 5
818 534 5
819 534 5
820 534 5
886 534 5
887 534 5
888 534 5
889 534 5
954 534 5
955 534 5
957 534 5
958 534 5
1213 534 5
1214 534 5
1215 534 5
1759 534 5
1760 534 5
1763 534 5
1764 534 5
600 535 5
601 535 5
602 535 5
811 535 5
812 535 5
813 535 5
814 535 5
815 535 5
816 535 5
817 535 5
818 535 5
819 535 5
820 535 5
886 535 5
887 535 5
888 535 5
955 535 5
956 535 5
957 535 5
958 535 5
1213 535 5
1214 535 5
1215 535 5
1758 535 5
1759 535 5
1762 535 5
1763 535 5
599 536 5
600 536 5
601 536 5
602 536 5
810 536 5
811 536 5
815 536 5
816 536 5
817 536 5
818 536 5
819 536 5
886 536 5
887 536 5
888 536 5
955 536 5
956 536 5
958 536 5
959 536 5
1213 536 5
1214 536 5
1215 536 5
1216 536 5
1758 536 5
1759 536 5
1761 536 5
1762 536 5
599 537 5
600 537 5
601 537 5
810 537 5
811 537 5
817 537 5
818 537 5
819 537 5
886 537 5
887 537 5
888 537 5
954 537 5
955 537 5
958 537 5
959 537 5
1213 537 5
1214 537 5
1215 537 5
1216 537 5
1757 537 5
1758 537 5
1761 537 5
1762 537 5
599 538 5
600 538 5
601 538 5
810 538 5
811 538 5
816 538 5
817 538 5
818 538 5
886 538 5
887 538 5
888 538 5
954 538 5
955 538 5
958 538 5
959 538 5
1213 538 5
1214 538 5
1215 538 5
1216 538 5
1755 538 5
1756 538 5
1757 538 5
1758 538 5
1761 538 5
1762 538 5
599 539 5
600 539 5
601 539 5
810 539 5
811 539 5
815 539 5
816 539 5
817 539 5
886 539 5
887 539 5
888 539 5
954 539 5
955 539 5
958 539 5
959 539 5
1212 539 5
1213 539 5
1214 539 5
1215 539 5
1754 539 5
1755 539 5
1756 539 5
1757 539 5
1758 539 5
1759 539 5
1761 539 5
1762 539 5
599 540 5
600 540 5
601 540 5
810 540 5
811 540 5
814 540 5
815 540 5
885 540 5
886 540 5
887 540 5
888 540 5
954 540 5
955 540 5
957 540 5
958 540 5
1212 540 5
1213 540 5
1214 540 5
1215 540 5
1753 540 5
1754 540 5
1758 540 5
1761 540 5
1762 540 5
598 541 5
599 541 5
600 541 5
601 541 5
810 541 5
811 541 5
813 541 5
814 541 5
885 541 5
886 541 5
887 541 5
954 541 5
955 541 5
957 541 5
958 541 5
1211 541 5
1212 541 5
1214 541 5
1215 541 5
1753 541 5
1754 541 5
1759 541 5
1760 541 5
1761 541 5
598 542 5
599 542 5
600 542 5
601 542 5
810 542 5
811 542 5
812 542 5
813 542 5
885 542 5
886 542 5
887 542 5
954 542 5
955 542 5
956 542 5
957 542 5
1210 542 5
1211 542 5
1214 542 5
1215 542 5
1752 542 5
1753 542 5
1758 542 5
1759 542 5
1760 542 5
598 543 5
599 543 5
600 543 5
601 543 5
809 543 5
810 543 5
812 543 5
813 543 5
885 543 5
886 543 5
887 543 5
954 543 5
955 543 5
956 543 5
957 543 5
1210 543 5
1211 543 5
1213 543 5
1214 543 5
1752 543 5
1753 543 5
1757 543 5
1758 543 5
598 544 5
599 544 5
600 544 5
809 544 5
810 544 5
811 544 5
812 544 5
885 544 5
886 544 5
887 544 5
954 544 5
955 544 5
956 544 5
957 544 5
1210 544 5
1211 544 5
1213 544 5
1214 544 5
1751 544 5
1752 544 5
1756 544 5
1757 544 5
598 545 5
599 545 5
600 545 5
808 545 5
809 545 5
810 545 5
811 545 5
884 545 5
885 545 5
886 545 5
887 545 5
954 545 5
955 545 5
956 545 5
957 545 5
1210 545 5
1211 545 5
1213 545 5
1214 545 5
1751 545 5
1752 545 5
1756 545 5
1757 545 5
598 546 5
599 546 5
600 546 5
807 546 5
808 546 5
809 546 5
810 546 5
884 546 5
885 546 5
886 546 5
887 546 5
954 546 5
955 546 5
956 546 5
957 546 5
1209 546 5
1210 546 5
1213 546 5
1214 546 5
1751 546 5
1752 546 5
1756 546 5
1757 546 5
598 547 5
599 547 5
600 547 5
804 547 5
805 547 5
806 547 5
807 547 5
808 547 5
809 547 5
810 547 5
884 547 5
885 547 5
886 547 5
887 547 5
954 547 5
955 547 5
956 547 5
957 547 5
1209 547 5
1210 547 5
1213 547 5
1214 547 5
1751 547 5
1752 547 5
1756 547 5
1757 547 5
597 548 5
598 548 5
599 548 5
600 548 5
800 548 5
801 548 5
803 548 5
804 548 5
805 548 5
806 548 5
807 548 5
808 548 5
809 548 5
884 548 5
885 548 5
886 548 5
887 548 5
954 548 5
955 548 5
956 548 5
957 548 5
1209 548 5
1210 548 5
1212 548 5
1213 548 5
1750 548 5
1751 548 5
1755 548 5
1756 548 5
597 549 5
598 549 5
599 549 5
600 549 5
799 549 5
800 549 5
801 549 5
802 549 5
803 549 5
804 549 5
805 549 5
806 549 5
807 549 5
884 549 5
885 549 5
886 549 5
954 549 5
955 549 5
957 549 5
958 549 5
1209 549 5
1210 549 5
1212 549 5
1213 549 5
1750 549 5
1751 549 5
1754 549 5
1755 549 5
597 550 5
598 550 5
599 550 5
600 550 5
799 550 5
800 550 5
802 550 5
803 550 5
804 550 5
884 550 5
885 550 5
886 550 5
954 550 5
955 550 5
957 550 5
958 550 5
1209 550 5
1210 550 5
1212 550 5
1213 550 5
1749 550 5
1750 550 5
1753 550 5
1754 550 5
597 551 5
598 551 5
599 551 5
798 551 5
799 551 5
802 551 5
803 551 5
884 551 5
885 551 5
886 551 5
955 551 5
956 551 5
957 551 5
958 551 5
1209 551 5
1210 551 5
1212 551 5
1213 551 5
1749 551 5
1750 551 5
1753 551 5
1754 551 5
597 552 5
598 552 5
599 552 5
798 552 5
799 552 5
801 552 5
802 552 5
883 552 5
884 552 5
885 552 5
886 552 5
955 552 5
956 552 5
957 552 5
1209 552 5
1210 552 5
1212 552 5
1213 552 5
1749 552 5
1750 552 5
1752 552 5
1753 552 5
597 553 5
598 553 5
599 553 5
797 553 5
798 553 5
800 553 5
801 553 5
883 553 5
884 553 5
885 553 5
886 553 5
955 553 5
956 553 5
957 553 5
958 553 5
1209 553 5
1210 553 5
1212 553 5
1213 553 5
1749 553 5
1750 553 5
1751 553 5
1752 553 5
597 554 5
598 554 5
599 554 5
797 554 5
798 554 5
800 554 5
801 554 5
883 554 5
884 554 5
885 554 5
886 554 5
956 554 5
957 554 5
958 554 5
1209 554 5
1210 554 5
1212 554 5
1213 554 5
1748 554 5
1749 554 5
1751 554 5
1752 554 5
597 555 5
598 555 5
599 555 5
796 555 5
797 555 5
800 555 5
801 555 5
883 555 5
884 555 5
885 555 5
886 555 5
956 555 5
957 555 5
958 555 5
1209 555 5
1210 555 5
1212 555 5
1213 555 5
1748 555 5
1749 555 5
1751 555 5
1752 555 5
597 556 5
598 556 5
599 556 5
796 556 5
797 556 5
801 556 5
802 556 5
883 556 5
884 556 5
885 556 5
886 556 5
956 556 5
957 556 5
958 556 5
1208 556 5
1209 556 5
1212 556 5
1213 556 5
1748 556 5
1749 556 5
1750 556 5
1751 556 5
597 557 5
598 557 5
599 557 5
796 557 5
797 557 5
801 557 5
802 557 5
883 557 5
884 557 5
885 557 5
886 557 5
956 557 5
957 557 5
958 557 5
959 557 5
1208 557 5
1209 557 5
1211 557 5
1212 557 5
1747 557 5
1748 557 5
1750 557 5
1751 557 5
597 558 5
598 558 5
599 558 5
796 558 5
797 558 5
799 558 5
801 558 5
802 558 5
883 558 5
884 558 5
885 558 5
886 558 5
956 558 5
957 558 5
958 558 5
959 558 5
1209 558 5
1210 558 5
1211 558 5
1212 558 5
1747 558 5
1748 558 5
1749 558 5
1750 558 5
597 559 5
598 559 5
599 559 5
796 559 5
797 559 5
798 559 5
799 559 5
800 559 5
801 559 5
883 559 5
884 559 5
885 559 5
886 559 5
956 559 5
957 559 5
958 559 5
959 559 5
1209 559 5
1210 559 5
1211 559 5
1212 559 5
1746 559 5
1747 559 5
1749 559 5
1750 559 5
597 560 5
598 560 5
599 560 5
796 560 5
797 560 5
798 560 5
800 560 5
883 560 5
884 560 5
885 560 5
956 560 5
957 560 5
958 560 5
959 560 5
1210 560 5
1211 560 5
1212 560 5
1746 560 5
1747 560 5
1748 560 5
1749 560 5
597 561 5
598 561 5
599 561 5
796 561 5
797 561 5
798 561 5
883 561 5
884 561 5
885 561 5
956 561 5
957 561 5
958 561 5
959 561 5
1210 561 5
1211 561 5
1212 561 5
1745 561 5
1746 561 5
1748 561 5
1749 561 5
597 562 5
598 562 5
599 562 5
795 562 5
796 562 5
797 562 5
798 562 5
881 562 5
882 562 5
883 562 5
884 562 5
885 562 5
956 562 5
957 562 5
958 562 5
959 562 5
1210 562 5
1211 562 5
1212 562 5
1745 562 5
1746 562 5
1748 562 5
1749 562 5
597 563 5
598 563 5
599 563 5
795 563 5
796 563 5
797 563 5
878 563 5
879 563 5
880 563 5
881 563 5
882 563 5
883 563 5
884 563 5
956 563 5
957 563 5
958 563 5
959 563 5
1210 563 5
1211 563 5
1212 563 5
1745 563 5
1746 563 5
1747 563 5
1748 563 5
597 564 5
598 564 5
599 564 5
794 564 5
795 564 5
796 564 5
797 564 5
877 564 5
878 564 5
879 564 5
880 564 5
881 564 5
882 564 5
883 564 5
956 564 5
957 564 5
958 564 5
959 564 5
1210 564 5
1211 564 5
1212 564 5
1744 564 5
1745 564 5
1747 564 5
1748 564 5
597 565 5
598 565 5
599 565 5
794 565 5
795 565 5
796 565 5
797 565 5
875 565 5
876 565 5
877 565 5
878 565 5
879 565 5
880 565 5
881 565 5
956 565 5
957 565 5
958 565 5
959 565 5
1210 565 5
1211 565 5
1212 565 5
1744 565 5
1745 565 5
1746 565 5
1747 565 5
596 566 5
597 566 5
598 566 5
599 566 5
794 566 5
795 566 5
796 566 5
873 566 5
874 566 5
875 566 5
876 566 5
877 566 5
878 566 5
956 566 5
957 566 5
958 566 5
959 566 5
1210 566 5
1211 566 5
1212 566 5
1743 566 5
1744 566 5
1746 566 5
1747 566 5
596 567 5
597 567 5
598 567 5
793 567 5
794 567 5
795 567 5
796 567 5
868 567 5
869 567 5
870 567 5
871 567 5
872 567 5
873 567 5
874 567 5
875 567 5
876 567 5
877 567 5
956 567 5
957 567 5
958 567 5
959 567 5
1210 567 5
1211 567 5
1212 567 5
1743 567 5
1744 567 5
1746 567 5
1747 567 5
596 568 5
597 568 5
598 568 5
792 568 5
793 568 5
794 568 5
795 568 5
864 568 5
865 568 5
866 568 5
867 568 5
868 568 5
869 568 5
870 568 5
871 568 5
872 568 5
873 568 5
874 568 5
875 568 5
956 568 5
957 568 5
958 568 5
959 568 5
1210 568 5
1211 568 5
1212 568 5
1743 568 5
1744 568 5
1746 568 5
1747 568 5
595 569 5
596 569 5
597 569 5
598 569 5
791 569 5
792 569 5
793 569 5
794 569 5
862 569 5
863 569 5
864 569 5
865 569 5
866 569 5
867 569 5
868 569 5
869 569 5
870 569 5
871 569 5
872 569 5
873 569 5
956 569 5
957 569 5
958 569 5
959 569 5
1210 569 5
1211 569 5
1212 569 5
1742 569 5
1743 569 5
1746 569 5
1747 569 5
595 570 5
596 570 5
597 570 5
598 570 5
791 570 5
792 570 5
793 570 5
859 570 5
860 570 5
861 570 5
862 570 5
863 570 5
864 570 5
865 570 5
866 570 5
867 570 5
868 570 5
869 570 5
870 570 5
871 570 5
956 570 5
957 570 5
958 570 5
959 570 5
1210 570 5
1211 570 5
1212 570 5
1741 570 5
1742 570 5
1745 570 5
1746 570 5
595 571 5
596 571 5
597 571 5
789 571 5
790 571 5
791 571 5
792 571 5
793 571 5
858 571 5
859 571 5
860 571 5
861 571 5
862 571 5
863 571 5
864 571 5
956 571 5
957 571 5
958 571 5
959 571 5
1210 571 5
1211 571 5
1212 571 5
1741 571 5
1742 571 5
1744 571 5
1745 571 5
594 572 5
595 572 5
596 572 5
597 572 5
788 572 5
789 572 5
790 572 5
791 572 5
792 572 5
857 572 5
858 572 5
859 572 5
860 572 5
861 572 5
862 572 5
956 572 5
957 572 5
958 572 5
959 572 5
1209 572 5
1210 572 5
1211 572 5
1212 572 5
1740 572 5
1741 572 5
1744 572 5
1745 572 5
594 573 5
595 573 5
596 573 5
787 573 5
788 573 5
790 573 5
791 573 5
857 573 5
858 573 5
859 573 5
956 573 5
957 573 5
958 573 5
959 573 5
1209 573 5
1210 573 5
1211 573 5
1740 573 5
1741 573 5
1744 573 5
1745 573 5
594 574 5
595 574 5
596 574 5
786 574 5
787 574 5
790 574 5
791 574 5
856 574 5
857 574 5
858 574 5
859 574 5
956 574 5
957 574 5
958 574 5
959 574 5
1209 574 5
1210 574 5
1211 574 5
1740 574 5
1741 574 5
1743 574 5
1744 574 5
593 575 5
594 575 5
595 575 5
596 575 5
786 575 5
787 575 5
789 575 5
790 575 5
855 575 5
856 575 5
857 575 5
858 575 5
956 575 5
957 575 5
958 575 5
959 575 5
1208 575 5
1209 575 5
1210 575 5
1211 575 5
1740 575 5
1741 575 5
1743 575 5
1744 575 5
593 576 5
594 576 5
595 576 5
596 576 5
783 576 5
784 576 5
785 576 5
786 576 5
787 576 5
788 576 5
789 576 5
853 576 5
854 576 5
855 576 5
856 576 5
857 576 5
957 576 5
958 576 5
959 576 5
1208 576 5
1209 576 5
1210 576 5
1740 576 5
1741 576 5
1743 576 5
1744 576 5
593 577 5
594 577 5
595 577 5
780 577 5
781 577 5
782 577 5
783 577 5
784 577 5
785 577 5
786 577 5
787 577 5
788 577 5
851 577 5
852 577 5
853 577 5
854 577 5
855 577 5
856 577 5
957 577 5
958 577 5
959 577 5
1206 577 5
1207 577 5
1208 577 5
1209 577 5
1210 577 5
1740 577 5
1741 577 5
1742 577 5
1743 577 5
592 578 5
593 578 5
594 578 5
595 578 5
779 578 5
780 578 5
781 578 5
782 578 5
783 578 5
784 578 5
785 578 5
786 578 5
850 578 5
851 578 5
852 578 5
853 578 5
854 578 5
855 578 5
957 578 5
958 578 5
959 578 5
1205 578 5
1206 578 5
1207 578 5
1208 578 5
1209 578 5
1739 578 5
1740 578 5
1741 578 5
1742 578 5
1743 578 5
592 579 5
593 579 5
594 579 5
595 579 5
776 579 5
777 579 5
778 579 5
779 579 5
780 579 5
781 579 5
782 579 5
783 579 5
784 579 5
850 579 5
851 579 5
852 579 5
853 579 5
957 579 5
958 579 5
959 579 5
1204 579 5
1205 579 5
1206 579 5
1207 579 5
1208 579 5
1739 579 5
1740 579 5
1741 579 5
1742 579 5
1743 579 5
592 580 5
593 580 5
594 580 5
595 580 5
771 580 5
772 580 5
773 580 5
774 580 5
775 580 5
776 580 5
777 580 5
778 580 5
779 580 5
780 580 5
849 580 5
850 580 5
851 580 5
852 580 5
957 580 5
958 580 5
959 580 5
1203 580 5
1204 580 5
1205 580 5
1206 580 5
1207 580 5
1738 580 5
1739 580 5
1741 580 5
1742 580 5
592 581 5
593 581 5
594 581 5
753 581 5
754 581 5
755 581 5
756 581 5
757 581 5
758 581 5
759 581 5
768 581 5
769 581 5
770 581 5
771 581 5
772 581 5
773 581 5
774 581 5
775 581 5
776 581 5
777 581 5
778 581 5
779 581 5
848 581 5
849 581 5
850 581 5
851 581 5
957 581 5
958 581 5
959 581 5
1202 581 5
1203 581 5
1204 581 5
1205 581 5
1206 581 5
1738 581 5
1739 581 5
1741 581 5
1742 581 5
592 582 5
593 582 5
594 582 5
752 582 5
753 582 5
754 582 5
755 582 5
756 582 5
757 582 5
758 582 5
759 582 5
760 582 5
761 582 5
762 582 5
763 582 5
764 582 5
765 582 5
766 582 5
767 582 5
768 582 5
769 582 5
770 582 5
771 582 5
772 582 5
773 582 5
774 582 5
775 582 5
776 582 5
848 582 5
849 582 5
850 582 5
957 582 5
958 582 5
959 582 5
1200 582 5
1201 582 5
1202 582 5
1203 582 5
1204 582 5
1205 582 5
1738 582 5
1739 582 5
1741 582 5
1742 582 5
591 583 5
592 583 5
593 583 5
594 583 5
753 583 5
754 583 5
755 583 5
756 583 5
757 583 5
758 583 5
759 583 5
760 583 5
761 583 5
762 583 5
763 583 5
764 583 5
765 583 5
766 583 5
767 583 5
768 583 5
769 583 5
770 583 5
771 583 5
772 583 5
773 583 5
774 583 5
775 583 5
848 583 5
849 583 5
850 583 5
957 583 5
958 583 5
959 583 5
1198 583 5
1199 583 5
1200 583 5
1201 583 5
1202 583 5
1203 583 5
1204 583 5
1737 583 5
1738 583 5
1740 583 5
1741 583 5
591 584 5
592 584 5
593 584 5
594 584 5
754 584 5
755 584 5
756 584 5
757 584 5
758 584 5
759 584 5
760 584 5
761 584 5
762 584 5
763 584 5
764 584 5
765 584 5
766 584 5
767 584 5
768 584 5
769 584 5
770 584 5
847 584 5
848 584 5
849 584 5
850 584 5
957 584 5
958 584 5
959 584 5
1197 584 5
1198 584 5
1199 584 5
1202 584 5
1203 584 5
1737 584 5
1738 584 5
1740 584 5
1741 584 5
591 585 5
592 585 5
593 585 5
594 585 5
846 585 5
847 585 5
848 585 5
849 585 5
850 585 5
957 585 5
958 585 5
959 585 5
960 585 5
1196 585 5
1197 585 5
1201 585 5
1202 585 5
1736 585 5
1737 585 5
1739 585 5
1740 585 5
591 586 5
592 586 5
593 586 5
840 586 5
841 586 5
842 586 5
843 586 5
844 586 5
845 586 5
846 586 5
847 586 5
848 586 5
849 586 5
957 586 5
958 586 5
959 586 5
960 586 5
1196 586 5
1197 586 5
1199 586 5
1200 586 5
1201 586 5
1736 586 5
1737 586 5
1740 586 5
1741 586 5
591 587 5
592 587 5
593 587 5
835 587 5
836 587 5
837 587 5
838 587 5
839 587 5
840 587 5
841 587 5
842 587 5
843 587 5
844 587 5
845 587 5
846 587 5
847 587 5
848 587 5
957 587 5
958 587 5
959 587 5
960 587 5
1195 587 5
1196 587 5
1198 587 5
1199 587 5
1200 587 5
1736 587 5
1737 587 5
1740 587 5
1741 587 5
591 588 5
592 588 5
593 588 5
833 588 5
834 588 5
835 588 5
836 588 5
837 588 5
838 588 5
839 588 5
840 588 5
841 588 5
842 588 5
843 588 5
844 588 5
845 588 5
846 588 5
847 588 5
957 588 5
958 588 5
959 588 5
960 588 5
1194 588 5
1195 588 5
1198 588 5
1199 588 5
1735 588 5
1736 588 5
1739 588 5
1740 588 5
591 589 5
592 589 5
593 589 5
831 589 5
832 589 5
833 589 5
834 589 5
835 589 5
836 589 5
837 589 5
838 589 5
839 589 5
840 589 5
841 589 5
842 589 5
957 589 5
958 589 5
959 589 5
960 589 5
1193 589 5
1194 589 5
1197 589 5
1198 589 5
1735 589 5
1736 589 5
1737 589 5
1739 589 5
1740 589 5
591 590 5
592 590 5
593 590 5
830 590 5
831 590 5
832 590 5
833 590 5
834 590 5
835 590 5
957 590 5
958 590 5
959 590 5
960 590 5
1193 590 5
1194 590 5
1196 590 5
1197 590 5
1734 590 5
1735 590 5
1736 590 5
1739 590 5
1740 590 5
591 591 5
592 591 5
593 591 5
830 591 5
831 591 5
832 591 5
833 591 5
957 591 5
958 591 5
959 591 5
960 591 5
1193 591 5
1194 591 5
1196 591 5
1197 591 5
1734 591 5
1735 591 5
1738 591 5
1739 591 5
591 592 5
592 592 5
593 592 5
828 592 5
829 592 5
830 592 5
831 592 5
832 592 5
957 592 5
958 592 5
959 592 5
960 592 5
1193 592 5
1194 592 5
1196 592 5
1197 592 5
1734 592 5
1735 592 5
1737 592 5
1738 592 5
590 593 5
591 593 5
592 593 5
593 593 5
826 593 5
827 593 5
828 593 5
829 593 5
830 593 5
831 593 5
957 593 5
958 593 5
959 593 5
960 593 5
1194 593 5
1195 593 5
1196 593 5
1197 593 5
1734 593 5
1735 593 5
1737 593 5
1738 593 5
590 594 5
591 594 5
592 594 5
825 594 5
826 594 5
827 594 5
828 594 5
829 594 5
830 594 5
957 594 5
958 594 5
959 594 5
960 594 5
1194 594 5
1195 594 5
1196 594 5
1197 594 5
1733 594 5
1734 594 5
1737 594 5
1738 594 5
590 595 5
591 595 5
592 595 5
826 595 5
827 595 5
828 595 5
829 595 5
957 595 5
958 595 5
959 595 5
960 595 5
1193 595 5
1194 595 5
1196 595 5
1197 595 5
1733 595 5
1734 595 5
1736 595 5
1737 595 5
590 596 5
591 596 5
592 596 5
957 596 5
958 596 5
959 596 5
960 596 5
1193 596 5
1194 596 5
1195 596 5
1196 596 5
1732 596 5
1733 596 5
1736 596 5
1737 596 5
590 597 5
591 597 5
592 597 5
957 597 5
958 597 5
959 597 5
960 597 5
1192 597 5
1193 597 5
1194 597 5
1195 597 5
1196 597 5
1732 597 5
1733 597 5
1735 597 5
1736 597 5
590 598 5
591 598 5
592 598 5
957 598 5
958 598 5
959 598 5
960 598 5
1192 598 5
1193 598 5
1194 598 5
1195 598 5
1196 598 5
1732 598 5
1733 598 5
1735 598 5
1736 598 5
589 599 5
590 599 5
591 599 5
592 599 5
957 599 5
958 599 5
959 599 5
960 599 5
1192 599 5
1193 599 5
1194 599 5
1195 599 5
1196 599 5
1731 599 5
1732 599 5
1734 599 5
1735 599 5
589 600 5
590 600 5
591 600 5
957 600 5
958 600 5
959 600 5
960 600 5
1192 600 5
1193 600 5
1194 600 5
1195 600 5
1731 600 5
1732 600 5
1733 600 5
1734 600 5
589 601 5
590 601 5
591 601 5
956 601 5
957 601 5
959 601 5
960 601 5
1192 601 5
1193 601 5
1194 601 5
1195 601 5
1730 601 5
1731 601 5
1732 601 5
1733 601 5
588 602 5
589 602 5
590 602 5
591 602 5
956 602 5
957 602 5
959 602 5
960 602 5
1191 602 5
1192 602 5
1193 602 5
1194 602 5
1730 602 5
1731 602 5
1732 602 5
588 603 5
589 603 5
590 603 5
956 603 5
957 603 5
959 603 5
960 603 5
1191 603 5
1192 603 5
1193 603 5
1194 603 5
1729 603 5
1730 603 5
1731 603 5
1732 603 5
588 604 5
589 604 5
590 604 5
956 604 5
957 604 5
959 604 5
960 604 5
1190 604 5
1191 604 5
1192 604 5
1193 604 5
1729 604 5
1730 604 5
1731 604 5
1732 604 5
587 605 5
588 605 5
589 605 5
590 605 5
956 605 5
957 605 5
959 605 5
960 605 5
1190 605 5
1191 605 5
1192 605 5
1193 605 5
1728 605 5
1729 605 5
1730 605 5
1731 605 5
587 606 5
588 606 5
589 606 5
590 606 5
956 606 5
957 606 5
959 606 5
960 606 5
1189 606 5
1190 606 5
1191 606 5
1192 606 5
1725 606 5
1726 606 5
1727 606 5
1728 606 5
1730 606 5
1731 606 5
587 607 5
588 607 5
589 607 5
955 607 5
956 607 5
959 607 5
960 607 5
1189 607 5
1190 607 5
1191 607 5
1724 607 5
1725 607 5
1726 607 5
1727 607 5
1730 607 5
1731 607 5
586 608 5
587 608 5
588 608 5
589 608 5
955 608 5
956 608 5
959 608 5
960 608 5
1188 608 5
1189 608 5
1190 608 5
1191 608 5
1723 608 5
1724 608 5
1729 608 5
1730 608 5
586 609 5
587 609 5
588 609 5
955 609 5
956 609 5
958 609 5
959 609 5
1188 609 5
1189 609 5
1190 609 5
1722 609 5
1723 609 5
1728 609 5
1729 609 5
585 610 5
586 610 5
587 610 5
588 610 5
955 610 5
956 610 5
958 610 5
959 610 5
1187 610 5
1188 610 5
1189 610 5
1190 610 5
1722 610 5
1723 610 5
1727 610 5
1728 610 5
585 611 5
586 611 5
587 611 5
955 611 5
956 611 5
958 611 5
959 611 5
1187 611 5
1188 611 5
1189 611 5
1721 611 5
1722 611 5
1726 611 5
1727 611 5
585 612 5
586 612 5
587 612 5
955 612 5
956 612 5
958 612 5
959 612 5
1186 612 5
1187 612 5
1188 612 5
1189 612 5
1720 612 5
1721 612 5
1722 612 5
1726 612 5
1727 612 5
584 613 5
585 613 5
586 613 5
587 613 5
955 613 5
956 613 5
958 613 5
959 613 5
1185 613 5
1186 613 5
1187 613 5
1188 613 5
1719 613 5
1720 613 5
1721 613 5
1725 613 5
1726 613 5
583 614 5
584 614 5
585 614 5
586 614 5
955 614 5
956 614 5
958 614 5
959 614 5
1185 614 5
1186 614 5
1187 614 5
1718 614 5
1719 614 5
1724 614 5
1725 614 5
583 615 5
584 615 5
585 615 5
955 615 5
956 615 5
958 615 5
959 615 5
1183 615 5
1184 615 5
1185 615 5
1186 615 5
1187 615 5
1718 615 5
1719 615 5
1724 615 5
1725 615 5
582 616 5
583 616 5
584 616 5
585 616 5
955 616 5
956 616 5
958 616 5
959 616 5
1182 616 5
1183 616 5
1184 616 5
1185 616 5
1186 616 5
1718 616 5
1719 616 5
1723 616 5
1724 616 5
581 617 5
582 617 5
583 617 5
584 617 5
955 617 5
956 617 5
957 617 5
958 617 5
1181 617 5
1182 617 5
1184 617 5
1185 617 5
1718 617 5
1719 617 5
1722 617 5
1723 617 5
581 618 5
582 618 5
583 618 5
955 618 5
956 618 5
957 618 5
958 618 5
1181 618 5
1182 618 5
1184 618 5
1185 618 5
1718 618 5
1719 618 5
1722 618 5
1723 618 5
580 619 5
581 619 5
582 619 5
583 619 5
955 619 5
956 619 5
957 619 5
958 619 5
1181 619 5
1182 619 5
1185 619 5
1186 619 5
1718 619 5
1719 619 5
1721 619 5
1722 619 5
579 620 5
580 620 5
581 620 5
582 620 5
955 620 5
956 620 5
957 620 5
958 620 5
1181 620 5
1182 620 5
1185 620 5
1186 620 5
1718 620 5
1719 620 5
1721 620 5
1722 620 5
579 621 5
580 621 5
581 621 5
582 621 5
955 621 5
956 621 5
957 621 5
958 621 5
1181 621 5
1182 621 5
1185 621 5
1186 621 5
1717 621 5
1718 621 5
1720 621 5
1721 621 5
578 622 5
579 622 5
580 622 5
581 622 5
955 622 5
956 622 5
957 622 5
958 622 5
1181 622 5
1182 622 5
1185 622 5
1186 622 5
1716 622 5
1717 622 5
1720 622 5
1721 622 5
578 623 5
579 623 5
580 623 5
954 623 5
955 623 5
956 623 5
957 623 5
1181 623 5
1182 623 5
1185 623 5
1186 623 5
1715 623 5
1716 623 5
1719 623 5
1720 623 5
577 624 5
578 624 5
579 624 5
580 624 5
954 624 5
955 624 5
956 624 5
957 624 5
1181 624 5
1182 624 5
1185 624 5
1186 624 5
1715 624 5
1716 624 5
1718 624 5
1719 624 5
577 625 5
578 625 5
579 625 5
954 625 5
955 625 5
956 625 5
957 625 5
1181 625 5
1182 625 5
1185 625 5
1186 625 5
1714 625 5
1715 625 5
1718 625 5
1719 625 5
576 626 5
577 626 5
578 626 5
579 626 5
954 626 5
955 626 5
956 626 5
957 626 5
1181 626 5
1182 626 5
1185 626 5
1186 626 5
1713 626 5
1714 626 5
1717 626 5
1718 626 5
575 627 5
576 627 5
577 627 5
578 627 5
954 627 5
955 627 5
956 627 5
957 627 5
1181 627 5
1182 627 5
1184 627 5
1185 627 5
1710 627 5
1711 627 5
1712 627 5
1713 627 5
1716 627 5
1717 627 5
574 628 5
575 628 5
576 628 5
577 628 5
578 628 5
953 628 5
954 628 5
955 628 5
956 628 5
1180 628 5
1181 628 5
1184 628 5
1185 628 5
1709 628 5
1710 628 5
1711 628 5
1712 628 5
1715 628 5
1716 628 5
574 629 5
575 629 5
576 629 5
577 629 5
952 629 5
953 629 5
954 629 5
955 629 5
956 629 5
1179 629 5
1180 629 5
1183 629 5
1184 629 5
1708 629 5
1709 629 5
1715 629 5
1716 629 5
574 630 5
575 630 5
576 630 5
952 630 5
953 630 5
955 630 5
956 630 5
1178 630 5
1179 630 5
1182 630 5
1183 630 5
1706 630 5
1707 630 5
1708 630 5
1711 630 5
1712 630 5
1713 630 5
1714 630 5
1715 630 5
573 631 5
574 631 5
575 631 5
576 631 5
952 631 5
953 631 5
955 631 5
956 631 5
1177 631 5
1178 631 5
1181 631 5
1182 631 5
1183 631 5
1704 631 5
1705 631 5
1706 631 5
1707 631 5
1710 631 5
1711 631 5
1712 631 5
1713 631 5
1714 631 5
573 632 5
574 632 5
575 632 5
952 632 5
953 632 5
955 632 5
956 632 5
1178 632 5
1179 632 5
1180 632 5
1181 632 5
1182 632 5
1703 632 5
1704 632 5
1705 632 5
1708 632 5
1709 632 5
1710 632 5
573 633 5
574 633 5
575 633 5
952 633 5
953 633 5
954 633 5
955 633 5
1153 633 5
1154 633 5
1155 633 5
1170 633 5
1171 633 5
1172 633 5
1178 633 5
1179 633 5
1180 633 5
1702 633 5
1703 633 5
1706 633 5
1707 633 5
1708 633 5
1709 633 5
572 634 5
573 634 5
574 634 5
575 634 5
952 634 5
953 634 5
954 634 5
955 634 5
1152 634 5
1153 634 5
1154 634 5
1155 634 5
1156 634 5
1169 634 5
1170 634 5
1171 634 5
1172 634 5
1173 634 5
1174 634 5
1175 634 5
1176 634 5
1177 634 5
1178 634 5
1179 634 5
1701 634 5
1702 634 5
1705 634 5
1706 634 5
1707 634 5
572 635 5
573 635 5
574 635 5
952 635 5
953 635 5
954 635 5
1152 635 5
1153 635 5
1155 635 5
1156 635 5
1157 635 5
1168 635 5
1169 635 5
1173 635 5
1174 635 5
1175 635 5
1176 635 5
1177 635 5
1178 635 5
1179 635 5
1700 635 5
1701 635 5
1704 635 5
1705 635 5
571 636 5
572 636 5
573 636 5
574 636 5
951 636 5
952 636 5
953 636 5
954 636 5
1152 636 5
1153 636 5
1156 636 5
1157 636 5
1158 636 5
1168 636 5
1169 636 5
1178 636 5
1179 636 5
1180 636 5
1699 636 5
1700 636 5
1704 636 5
1705 636 5
570 637 5
571 637 5
573 637 5
574 637 5
951 637 5
952 637 5
953 637 5
954 637 5
1152 637 5
1153 637 5
1156 637 5
1157 637 5
1158 637 5
1168 637 5
1169 637 5
1179 637 5
1180 637 5
1697 637 5
1698 637 5
1699 637 5
1705 637 5
1706 637 5
569 638 5
570 638 5
572 638 5
573 638 5
950 638 5
951 638 5
953 638 5
954 638 5
1153 638 5
1154 638 5
1155 638 5
1157 638 5
1158 638 5
1159 638 5
1165 638 5
1166 638 5
1167 638 5
1168 638 5
1171 638 5
1172 638 5
1173 638 5
1174 638 5
1175 638 5
1176 638 5
1177 638 5
1178 638 5
1179 638 5
1670 638 5
1689 638 5
1693 638 5
1696 638 5
1697 638 5
1698 638 5
1705 638 5
1706 638 5
569 639 5
570 639 5
571 639 5
572 639 5
573 639 5
950 639 5
951 639 5
953 639 5
954 639 5
1154 639 5
1155 639 5
1156 639 5
1158 639 5
1159 639 5
1164 639 5
1165 639 5
1166 639 5
1167 639 5
1170 639 5
1171 639 5
1172 639 5
1173 639 5
1174 639 5
1175 639 5
1176 639 5
1177 639 5
1178 639 5
1668 639 5
1669 639 5
1670 639 5
1671 639 5
1672 639 5
1685 639 5
1686 639 5
1687 639 5
1688 639 5
1689 639 5
1690 639 5
1691 639 5
1692 639 5
1693 639 5
1694 639 5
1695 639 5
1696 639 5
1705 639 5
1706 639 5
570 640 5
571 640 5
572 640 5
573 640 5
950 640 5
951 640 5
953 640 5
954 640 5
1155 640 5
1156 640 5
1159 640 5
1160 640 5
1163 640 5
1164 640 5
1165 640 5
1166 640 5
1167 640 5
1170 640 5
1171 640 5
1667 640 5
1668 640 5
1669 640 5
1671 640 5
1672 640 5
1673 640 5
1681 640 5
1682 640 5
1683 640 5
1684 640 5
1685 640 5
1686 640 5
1687 640 5
1688 640 5
1690 640 5
1691 640 5
1692 640 5
1694 640 5
1695 640 5
1705 640 5
1706 640 5
571 641 5
572 641 5
573 641 5
950 641 5
951 641 5
953 641 5
954 641 5
1156 641 5
1157 641 5
1160 641 5
1161 641 5
1162 641 5
1163 641 5
1164 641 5
1165 641 5
1166 641 5
1167 641 5
1168 641 5
1170 641 5
1171 641 5
1667 641 5
1668 641 5
1672 641 5
1673 641 5
1674 641 5
1675 641 5
1676 641 5
1677 641 5
1678 641 5
1679 641 5
1680 641 5
1681 641 5
1682 641 5
1683 641 5
1684 641 5
1704 641 5
1705 641 5
571 642 5
572 642 5
573 642 5
949 642 5
950 642 5
952 642 5
953 642 5
1157 642 5
1158 642 5
1161 642 5
1162 642 5
1163 642 5
1164 642 5
1167 642 5
1168 642 5
1170 642 5
1171 642 5
1667 642 5
1668 642 5
1673 642 5
1674 642 5
1675 642 5
1676 642 5
1677 642 5
1678 642 5
1679 642 5
1680 642 5
1704 642 5
1705 642 5
571 643 5
572 643 5
573 643 5
949 643 5
950 643 5
952 643 5
953 643 5
1158 643 5
1159 643 5
1161 643 5
1162 643 5
1163 643 5
1167 643 5
1168 643 5
1170 643 5
1171 643 5
1667 643 5
1668 643 5
1702 643 5
1703 643 5
1704 643 5
571 644 5
572 644 5
573 644 5
949 644 5
950 644 5
952 644 5
953 644 5
1158 644 5
1159 644 5
1162 644 5
1163 644 5
1168 644 5
1169 644 5
1170 644 5
1661 644 5
1662 644 5
1663 644 5
1664 644 5
1668 644 5
1669 644 5
1701 644 5
1702 644 5
1703 644 5
571 645 5
572 645 5
573 645 5
949 645 5
950 645 5
952 645 5
953 645 5
1158 645 5
1159 645 5
1162 645 5
1163 645 5
1169 645 5
1660 645 5
1661 645 5
1662 645 5
1663 645 5
1664 645 5
1665 645 5
1668 645 5
1669 645 5
1700 645 5
1701 645 5
571 646 5
572 646 5
573 646 5
948 646 5
949 646 5
952 646 5
953 646 5
1158 646 5
1159 646 5
1162 646 5
1163 646 5
1661 646 5
1662 646 5
1664 646 5
1665 646 5
1669 646 5
1670 646 5
1700 646 5
1701 646 5
570 647 5
571 647 5
572 647 5
573 647 5
948 647 5
949 647 5
951 647 5
952 647 5
1159 647 5
1160 647 5
1162 647 5
1163 647 5
1661 647 5
1662 647 5
1664 647 5
1665 647 5
1670 647 5
1671 647 5
1699 647 5
1700 647 5
569 648 5
570 648 5
571 648 5
572 648 5
947 648 5
948 648 5
951 648 5
952 648 5
1159 648 5
1160 648 5
1162 648 5
1163 648 5
1661 648 5
1662 648 5
1664 648 5
1665 648 5
1671 648 5
1672 648 5
1698 648 5
1699 648 5
568 649 5
569 649 5
570 649 5
571 649 5
947 649 5
948 649 5
951 649 5
952 649 5
1160 649 5
1161 649 5
1162 649 5
1661 649 5
1662 649 5
1664 649 5
1665 649 5
1672 649 5
1673 649 5
1698 649 5
1699 649 5
539 650 5
540 650 5
541 650 5
542 650 5
543 650 5
544 650 5
566 650 5
567 650 5
568 650 5
569 650 5
570 650 5
571 650 5
947 650 5
948 650 5
950 650 5
951 650 5
1161 650 5
1661 650 5
1662 650 5
1664 650 5
1665 650 5
1672 650 5
1673 650 5
1697 650 5
1698 650 5
538 651 5
539 651 5
540 651 5
541 651 5
542 651 5
543 651 5
544 651 5
545 651 5
564 651 5
565 651 5
566 651 5
567 651 5
568 651 5
569 651 5
570 651 5
947 651 5
948 651 5
950 651 5
951 651 5
1661 651 5
1662 651 5
1665 651 5
1666 651 5
1672 651 5
1673 651 5
1697 651 5
1698 651 5
537 652 5
538 652 5
539 652 5
540 652 5
541 652 5
542 652 5
543 652 5
544 652 5
545 652 5
546 652 5
563 652 5
564 652 5
565 652 5
566 652 5
567 652 5
568 652 5
569 652 5
947 652 5
948 652 5
949 652 5
950 652 5
1662 652 5
1663 652 5
1665 652 5
1666 652 5
1672 652 5
1673 652 5
1697 652 5
1698 652 5
536 653 5
537 653 5
538 653 5
539 653 5
544 653 5
545 653 5
546 653 5
547 653 5
562 653 5
563 653 5
564 653 5
565 653 5
566 653 5
947 653 5
948 653 5
949 653 5
950 653 5
1662 653 5
1663 653 5
1665 653 5
1666 653 5
1669 653 5
1670 653 5
1671 653 5
1672 653 5
1673 653 5
1696 653 5
1697 653 5
534 654 5
535 654 5
536 654 5
537 654 5
538 654 5
545 654 5
546 654 5
547 654 5
548 654 5
561 654 5
562 654 5
563 654 5
564 654 5
946 654 5
947 654 5
948 654 5
949 654 5
1662 654 5
1663 654 5
1666 654 5
1667 654 5
1668 654 5
1669 654 5
1670 654 5
1671 654 5
1672 654 5
1680 654 5
1681 654 5
1682 654 5
1695 654 5
1696 654 5
533 655 5
534 655 5
535 655 5
536 655 5
537 655 5
546 655 5
547 655 5
548 655 5
549 655 5
561 655 5
562 655 5
563 655 5
946 655 5
947 655 5
948 655 5
1663 655 5
1664 655 5
1667 655 5
1668 655 5
1678 655 5
1679 655 5
1680 655 5
1681 655 5
1682 655 5
1683 655 5
1694 655 5
1695 655 5
532 656 5
533 656 5
534 656 5
535 656 5
536 656 5
547 656 5
548 656 5
549 656 5
550 656 5
560 656 5
561 656 5
562 656 5
563 656 5
946 656 5
947 656 5
948 656 5
1663 656 5
1664 656 5
1672 656 5
1677 656 5
1678 656 5
1679 656 5
1682 656 5
1683 656 5
1693 656 5
1694 656 5
531 657 5
532 657 5
533 657 5
534 657 5
548 657 5
549 657 5
550 657 5
551 657 5
552 657 5
553 657 5
554 657 5
559 657 5
560 657 5
561 657 5
562 657 5
945 657 5
946 657 5
947 657 5
948 657 5
1664 657 5
1665 657 5
1670 657 5
1671 657 5
1672 657 5
1673 657 5
1676 657 5
1677 657 5
1683 657 5
1684 657 5
1692 657 5
1693 657 5
532 658 5
533 658 5
548 658 5
549 658 5
550 658 5
551 658 5
552 658 5
553 658 5
554 658 5
555 658 5
556 658 5
557 658 5
558 658 5
559 658 5
560 658 5
561 658 5
945 658 5
946 658 5
947 658 5
1663 658 5
1664 658 5
1667 658 5
1668 658 5
1669 658 5
1670 658 5
1671 658 5
1673 658 5
1674 658 5
1675 658 5
1676 658 5
1683 658 5
1684 658 5
1691 658 5
1692 658 5
549 659 5
550 659 5
551 659 5
555 659 5
556 659 5
557 659 5
558 659 5
559 659 5
560 659 5
944 659 5
945 659 5
946 659 5
947 659 5
1664 659 5
1665 659 5
1666 659 5
1667 659 5
1668 659 5
1669 659 5
1674 659 5
1675 659 5
1684 659 5
1685 659 5
1686 659 5
1687 659 5
1688 659 5
1689 659 5
1690 659 5
1691 659 5
550 660 5
551 660 5
552 660 5
553 660 5
554 660 5
555 660 5
556 660 5
557 660 5
558 660 5
559 660 5
944 660 5
945 660 5
946 660 5
1665 660 5
1666 660 5
1685 660 5
1686 660 5
1687 660 5
1688 660 5
1689 660 5
1690 660 5
551 661 5
552 661 5
553 661 5
554 661 5
555 661 5
556 661 5
943 661 5
944 661 5
945 661 5
946 661 5
942 662 5
943 662 5
944 662 5
945 662 5
941 663 5
942 663 5
944 663 5
945 663 5
940 664 5
941 664 5
943 664 5
944 664 5
939 665 5
940 665 5
941 665 5
942 665 5
943 665 5
944 665 5
938 666 5
939 666 5
940 666 5
941 666 5
942 666 5
943 666 5
937 667 5
938 667 5
939 667 5
940 667 5
935 668 5
936 668 5
937 668 5
939 668 5
940 668 5
934 669 5
935 669 5
936 669 5
939 669 5
940 669 5
933 670 5
934 670 5
937 670 5
938 670 5
939 670 5
932 671 5
933 671 5
936 671 5
937 671 5
938 671 5
931 672 5
932 672 5
934 672 5
935 672 5
936 672 5
929 673 5
930 673 5
931 673 5
933 673 5
934 673 5
935 673 5
889 674 5
890 674 5
927 674 5
928 674 5
929 674 5
930 674 5
932 674 5
933 674 5
888 675 5
889 675 5
890 675 5
891 675 5
892 675 5
893 675 5
894 675 5
895 675 5
896 675 5
897 675 5
898 675 5
899 675 5
900 675 5
925 675 5
926 675 5
927 675 5
928 675 5
930 675 5
931 675 5
932 675 5
889 676 5
890 676 5
891 676 5
892 676 5
893 676 5
894 676 5
895 676 5
896 676 5
897 676 5
898 676 5
899 676 5
900 676 5
901 676 5
902 676 5
903 676 5
904 676 5
923 676 5
924 676 5
925 676 5
926 676 5
929 676 5
930 676 5
931 676 5
890 677 5
891 677 5
892 677 5
893 677 5
894 677 5
895 677 5
896 677 5
897 677 5
898 677 5
899 677 5
900 677 5
901 677 5
902 677 5
903 677 5
904 677 5
905 677 5
906 677 5
907 677 5
908 677 5
909 677 5
910 677 5
911 677 5
921 677 5
922 677 5
923 677 5
924 677 5
927 677 5
928 677 5
929 677 5
896 678 5
897 678 5
898 678 5
899 678 5
900 678 5
901 678 5
902 678 5
903 678 5
904 678 5
905 678 5
906 678 5
907 678 5
908 678 5
909 678 5
910 678 5
911 678 5
912 678 5
913 678 5
914 678 5
919 678 5
920 678 5
921 678 5
922 678 5
926 678 5
927 678 5
928 678 5
900 679 5
901 679 5
902 679 5
903 679 5
904 679 5
905 679 5
906 679 5
907 679 5
908 679 5
909 679 5
910 679 5
911 679 5
912 679 5
913 679 5
914 679 5
915 679 5
916 679 5
917 679 5
918 679 5
919 679 5
920 679 5
924 679 5
925 679 5
926 679 5
906 680 5
907 680 5
908 680 5
909 680 5
910 680 5
911 680 5
912 680 5
913 680 5
914 680 5
915 680 5
916 680 5
917 680 5
918 680 5
919 680 5
920 680 5
921 680 5
922 680 5
923 680 5
924 680 5
925 680 5
912 681 5
913 681 5
914 681 5
915 681 5
916 681 5
917 681 5
918 681 5
919 681 5
920 681 5
921 681 5
922 681 5
923 681 5
