1906 326 35
1907 326 35
1908 326 35
1905 327 35
1906 327 35
1907 327 35
1908 327 35
1909 327 35
1904 328 35
1905 328 35
1908 328 35
1909 328 35
1903 329 35
1904 329 35
1907 329 35
1908 329 35
1902 330 35
1903 330 35
1906 330 35
1907 330 35
1901 331 35
1902 331 35
1905 331 35
1906 331 35
1900 332 35
1901 332 35
1904 332 35
1905 332 35
1899 333 35
1900 333 35
1903 333 35
1904 333 35
1897 334 35
1898 334 35
1899 334 35
1902 334 35
1903 334 35
1896 335 35
1897 335 35
1898 335 35
1901 335 35
1902 335 35
1895 336 35
1896 336 35
1899 336 35
1900 336 35
1901 336 35
1894 337 35
1895 337 35
1898 337 35
1899 337 35
1900 337 35
1893 338 35
1894 338 35
1897 338 35
1898 338 35
1892 339 35
1893 339 35
1896 339 35
1897 339 35
1889 340 35
1890 340 35
1891 340 35
1892 340 35
1895 340 35
1896 340 35
1888 341 35
1889 341 35
1890 341 35
1891 341 35
1894 341 35
1895 341 35
688 342 35
689 342 35
1884 342 35
1885 342 35
1886 342 35
1887 342 35
1888 342 35
1893 342 35
1894 342 35
687 343 35
688 343 35
689 343 35
690 343 35
1882 343 35
1883 343 35
1884 343 35
1885 343 35
1886 343 35
1887 343 35
1890 343 35
1891 343 35
1892 343 35
1893 343 35
687 344 35
688 344 35
689 344 35
690 344 35
1878 344 35
1879 344 35
1880 344 35
1881 344 35
1882 344 35
1883 344 35
1889 344 35
1890 344 35
1891 344 35
1892 344 35
687 345 35
688 345 35
689 345 35
690 345 35
1875 345 35
1876 345 35
1877 345 35
1878 345 35
1879 345 35
1880 345 35
1881 345 35
1885 345 35
1886 345 35
1887 345 35
1888 345 35
1889 345 35
687 346 35
688 346 35
689 346 35
690 346 35
1872 346 35
1873 346 35
1874 346 35
1875 346 35
1876 346 35
1877 346 35
1883 346 35
1884 346 35
1885 346 35
1886 346 35
1887 346 35
1888 346 35
687 347 35
688 347 35
689 347 35
690 347 35
1869 347 35
1870 347 35
1871 347 35
1872 347 35
1873 347 35
1874 347 35
1879 347 35
1880 347 35
1881 347 35
1882 347 35
1883 347 35
1884 347 35
687 348 35
688 348 35
689 348 35
690 348 35
1867 348 35
1868 348 35
1869 348 35
1870 348 35
1871 348 35
1876 348 35
1877 348 35
1878 348 35
1879 348 35
1880 348 35
1881 348 35
1882 348 35
687 349 35
688 349 35
689 349 35
690 349 35
1054 349 35
1865 349 35
1866 349 35
1867 349 35
1868 349 35
1873 349 35
1874 349 35
1875 349 35
1876 349 35
1877 349 35
1878 349 35
687 350 35
688 350 35
689 350 35
690 350 35
1053 350 35
1054 350 35
1055 350 35
1862 350 35
1863 350 35
1864 350 35
1865 350 35
1866 350 35
1870 350 35
1871 350 35
1872 350 35
1873 350 35
1874 350 35
1875 350 35
687 351 35
688 351 35
689 351 35
690 351 35
1052 351 35
1053 351 35
1054 351 35
1055 351 35
1860 351 35
1861 351 35
1862 351 35
1863 351 35
1864 351 35
1868 351 35
1869 351 35
1870 351 35
1871 351 35
1872 351 35
687 352 35
688 352 35
689 352 35
690 352 35
1051 352 35
1052 352 35
1054 352 35
1055 352 35
1858 352 35
1859 352 35
1860 352 35
1861 352 35
1865 352 35
1866 352 35
1867 352 35
1868 352 35
1869 352 35
687 353 35
688 353 35
689 353 35
690 353 35
1051 353 35
1052 353 35
1054 353 35
1055 353 35
1857 353 35
1858 353 35
1859 353 35
1863 353 35
1864 353 35
1865 353 35
1866 353 35
1867 353 35
686 354 35
687 354 35
689 354 35
690 354 35
1051 354 35
1052 354 35
1053 354 35
1054 354 35
1321 354 35
1855 354 35
1856 354 35
1857 354 35
1861 354 35
1862 354 35
1863 354 35
1864 354 35
686 355 35
687 355 35
689 355 35
690 355 35
1051 355 35
1052 355 35
1053 355 35
1054 355 35
1320 355 35
1321 355 35
1322 355 35
1854 355 35
1855 355 35
1856 355 35
1859 355 35
1860 355 35
1861 355 35
1862 355 35
686 356 35
687 356 35
689 356 35
690 356 35
1051 356 35
1052 356 35
1053 356 35
1054 356 35
1320 356 35
1321 356 35
1322 356 35
1853 356 35
1854 356 35
1858 356 35
1859 356 35
1860 356 35
686 357 35
687 357 35
689 357 35
690 357 35
1051 357 35
1052 357 35
1053 357 35
1054 357 35
1319 357 35
1320 357 35
1321 357 35
1322 357 35
1323 357 35
1853 357 35
1854 357 35
1857 357 35
1858 357 35
686 358 35
687 358 35
689 358 35
690 358 35
1050 358 35
1051 358 35
1052 358 35
1053 358 35
1054 358 35
1319 358 35
1320 358 35
1321 358 35
1322 358 35
1323 358 35
1852 358 35
1853 358 35
1857 358 35
1858 358 35
686 359 35
687 359 35
689 359 35
690 359 35
1050 359 35
1051 359 35
1052 359 35
1053 359 35
1054 359 35
1319 359 35
1320 359 35
1321 359 35
1322 359 35
1851 359 35
1852 359 35
1857 359 35
1858 359 35
686 360 35
687 360 35
689 360 35
690 360 35
1050 360 35
1051 360 35
1053 360 35
1054 360 35
1319 360 35
1320 360 35
1321 360 35
1322 360 35
1852 360 35
1853 360 35
1856 360 35
1857 360 35
686 361 35
687 361 35
689 361 35
690 361 35
1050 361 35
1051 361 35
1053 361 35
1054 361 35
1318 361 35
1319 361 35
1320 361 35
1321 361 35
1322 361 35
1853 361 35
1854 361 35
1856 361 35
1857 361 35
686 362 35
687 362 35
689 362 35
690 362 35
1050 362 35
1051 362 35
1053 362 35
1054 362 35
1318 362 35
1319 362 35
1320 362 35
1321 362 35
1854 362 35
1855 362 35
1857 362 35
1858 362 35
686 363 35
687 363 35
689 363 35
690 363 35
1050 363 35
1051 363 35
1053 363 35
1054 363 35
1318 363 35
1319 363 35
1320 363 35
1855 363 35
1856 363 35
1858 363 35
1859 363 35
686 364 35
687 364 35
689 364 35
690 364 35
1050 364 35
1051 364 35
1052 364 35
1053 364 35
1317 364 35
1318 364 35
1319 364 35
1320 364 35
1321 364 35
1855 364 35
1856 364 35
1859 364 35
1860 364 35
686 365 35
687 365 35
688 365 35
689 365 35
690 365 35
946 365 35
1050 365 35
1051 365 35
1052 365 35
1053 365 35
1317 365 35
1318 365 35
1319 365 35
1320 365 35
1856 365 35
1857 365 35
1859 365 35
1860 365 35
686 366 35
687 366 35
688 366 35
689 366 35
690 366 35
945 366 35
946 366 35
947 366 35
1050 366 35
1051 366 35
1052 366 35
1053 366 35
1317 366 35
1318 366 35
1319 366 35
1320 366 35
1857 366 35
1858 366 35
1859 366 35
1860 366 35
686 367 35
687 367 35
688 367 35
689 367 35
690 367 35
945 367 35
946 367 35
1050 367 35
1051 367 35
1052 367 35
1053 367 35
1317 367 35
1318 367 35
1319 367 35
1320 367 35
1857 367 35
1858 367 35
1860 367 35
1861 367 35
686 368 35
687 368 35
689 368 35
690 368 35
944 368 35
945 368 35
946 368 35
1050 368 35
1051 368 35
1052 368 35
1053 368 35
1317 368 35
1318 368 35
1319 368 35
1320 368 35
1857 368 35
1858 368 35
1860 368 35
1861 368 35
686 369 35
687 369 35
689 369 35
690 369 35
943 369 35
944 369 35
945 369 35
946 369 35
1050 369 35
1051 369 35
1052 369 35
1053 369 35
1316 369 35
1317 369 35
1318 369 35
1319 369 35
1856 369 35
1857 369 35
1859 369 35
1860 369 35
686 370 35
687 370 35
689 370 35
690 370 35
943 370 35
944 370 35
945 370 35
1049 370 35
1050 370 35
1052 370 35
1053 370 35
1316 370 35
1317 370 35
1318 370 35
1319 370 35
1856 370 35
1857 370 35
1858 370 35
1859 370 35
686 371 35
687 371 35
689 371 35
690 371 35
942 371 35
943 371 35
944 371 35
945 371 35
1049 371 35
1050 371 35
1052 371 35
1053 371 35
1316 371 35
1317 371 35
1318 371 35
1319 371 35
1856 371 35
1857 371 35
1858 371 35
1859 371 35
686 372 35
687 372 35
689 372 35
690 372 35
942 372 35
943 372 35
944 372 35
1049 372 35
1050 372 35
1052 372 35
1053 372 35
1315 372 35
1316 372 35
1317 372 35
1318 372 35
1856 372 35
1857 372 35
1858 372 35
1859 372 35
685 373 35
686 373 35
689 373 35
690 373 35
942 373 35
943 373 35
944 373 35
1049 373 35
1050 373 35
1052 373 35
1053 373 35
1315 373 35
1316 373 35
1317 373 35
1318 373 35
1856 373 35
1857 373 35
1858 373 35
1859 373 35
685 374 35
686 374 35
689 374 35
690 374 35
941 374 35
942 374 35
943 374 35
944 374 35
1049 374 35
1050 374 35
1052 374 35
1053 374 35
1315 374 35
1316 374 35
1317 374 35
1318 374 35
1857 374 35
1858 374 35
685 375 35
686 375 35
688 375 35
689 375 35
711 375 35
712 375 35
941 375 35
942 375 35
943 375 35
1048 375 35
1049 375 35
1050 375 35
1052 375 35
1053 375 35
1315 375 35
1316 375 35
1317 375 35
1856 375 35
685 376 35
686 376 35
688 376 35
689 376 35
710 376 35
711 376 35
712 376 35
713 376 35
940 376 35
941 376 35
942 376 35
943 376 35
1048 376 35
1049 376 35
1050 376 35
1051 376 35
1052 376 35
1053 376 35
1315 376 35
1316 376 35
1317 376 35
1855 376 35
1856 376 35
1857 376 35
685 377 35
686 377 35
688 377 35
689 377 35
710 377 35
711 377 35
712 377 35
713 377 35
940 377 35
941 377 35
942 377 35
1048 377 35
1049 377 35
1050 377 35
1052 377 35
1053 377 35
1314 377 35
1315 377 35
1316 377 35
1317 377 35
1853 377 35
1854 377 35
1855 377 35
1856 377 35
1857 377 35
685 378 35
686 378 35
688 378 35
689 378 35
690 378 35
710 378 35
711 378 35
712 378 35
713 378 35
940 378 35
941 378 35
942 378 35
1048 378 35
1049 378 35
1052 378 35
1053 378 35
1314 378 35
1315 378 35
1316 378 35
1852 378 35
1853 378 35
1854 378 35
1856 378 35
1857 378 35
685 379 35
686 379 35
689 379 35
690 379 35
691 379 35
692 379 35
710 379 35
711 379 35
712 379 35
713 379 35
939 379 35
940 379 35
941 379 35
942 379 35
1048 379 35
1049 379 35
1052 379 35
1053 379 35
1314 379 35
1315 379 35
1316 379 35
1852 379 35
1853 379 35
1855 379 35
1856 379 35
685 380 35
686 380 35
691 380 35
692 380 35
693 380 35
710 380 35
711 380 35
712 380 35
713 380 35
939 380 35
940 380 35
941 380 35
1048 380 35
1049 380 35
1051 380 35
1052 380 35
1313 380 35
1314 380 35
1315 380 35
1316 380 35
1851 380 35
1852 380 35
1854 380 35
1855 380 35
685 381 35
686 381 35
691 381 35
692 381 35
709 381 35
710 381 35
712 381 35
713 381 35
938 381 35
939 381 35
940 381 35
941 381 35
1048 381 35
1049 381 35
1051 381 35
1052 381 35
1313 381 35
1314 381 35
1315 381 35
1316 381 35
1850 381 35
1851 381 35
1854 381 35
1855 381 35
685 382 35
686 382 35
690 382 35
691 382 35
709 382 35
710 382 35
712 382 35
713 382 35
938 382 35
939 382 35
940 382 35
1047 382 35
1048 382 35
1049 382 35
1051 382 35
1052 382 35
1313 382 35
1314 382 35
1315 382 35
1850 382 35
1851 382 35
1853 382 35
1854 382 35
684 383 35
685 383 35
690 383 35
691 383 35
709 383 35
710 383 35
712 383 35
713 383 35
876 383 35
938 383 35
939 383 35
940 383 35
1047 383 35
1048 383 35
1049 383 35
1050 383 35
1051 383 35
1052 383 35
1313 383 35
1314 383 35
1315 383 35
1849 383 35
1850 383 35
1852 383 35
1853 383 35
684 384 35
685 384 35
689 384 35
690 384 35
709 384 35
710 384 35
711 384 35
712 384 35
875 384 35
876 384 35
877 384 35
937 384 35
938 384 35
939 384 35
940 384 35
1047 384 35
1048 384 35
1049 384 35
1050 384 35
1051 384 35
1052 384 35
1312 384 35
1313 384 35
1314 384 35
1315 384 35
1849 384 35
1850 384 35
1852 384 35
1853 384 35
684 385 35
685 385 35
688 385 35
689 385 35
709 385 35
710 385 35
711 385 35
712 385 35
875 385 35
876 385 35
877 385 35
937 385 35
938 385 35
939 385 35
1047 385 35
1048 385 35
1049 385 35
1050 385 35
1051 385 35
1052 385 35
1312 385 35
1313 385 35
1314 385 35
1848 385 35
1849 385 35
1852 385 35
1853 385 35
684 386 35
685 386 35
687 386 35
688 386 35
709 386 35
710 386 35
711 386 35
712 386 35
875 386 35
876 386 35
877 386 35
936 386 35
937 386 35
938 386 35
939 386 35
1047 386 35
1048 386 35
1049 386 35
1050 386 35
1051 386 35
1052 386 35
1312 386 35
1313 386 35
1314 386 35
1847 386 35
1848 386 35
1852 386 35
1853 386 35
684 387 35
685 387 35
687 387 35
688 387 35
709 387 35
710 387 35
711 387 35
712 387 35
875 387 35
876 387 35
877 387 35
936 387 35
937 387 35
938 387 35
939 387 35
1012 387 35
1047 387 35
1048 387 35
1049 387 35
1050 387 35
1051 387 35
1052 387 35
1311 387 35
1312 387 35
1313 387 35
1314 387 35
1847 387 35
1848 387 35
1852 387 35
1853 387 35
684 388 35
685 388 35
687 388 35
688 388 35
709 388 35
710 388 35
711 388 35
712 388 35
875 388 35
876 388 35
877 388 35
935 388 35
936 388 35
937 388 35
938 388 35
1011 388 35
1012 388 35
1013 388 35
1047 388 35
1048 388 35
1049 388 35
1050 388 35
1051 388 35
1052 388 35
1311 388 35
1312 388 35
1313 388 35
1314 388 35
1847 388 35
1848 388 35
1852 388 35
1853 388 35
683 389 35
684 389 35
687 389 35
688 389 35
708 389 35
709 389 35
711 389 35
712 389 35
875 389 35
876 389 35
877 389 35
935 389 35
936 389 35
937 389 35
938 389 35
1010 389 35
1011 389 35
1012 389 35
1013 389 35
1047 389 35
1048 389 35
1049 389 35
1050 389 35
1051 389 35
1052 389 35
1311 389 35
1312 389 35
1313 389 35
1314 389 35
1847 389 35
1848 389 35
1852 389 35
1853 389 35
683 390 35
684 390 35
688 390 35
689 390 35
708 390 35
709 390 35
710 390 35
711 390 35
874 390 35
875 390 35
876 390 35
877 390 35
935 390 35
936 390 35
937 390 35
938 390 35
1010 390 35
1011 390 35
1012 390 35
1047 390 35
1048 390 35
1049 390 35
1050 390 35
1051 390 35
1311 390 35
1312 390 35
1313 390 35
1846 390 35
1847 390 35
1852 390 35
1853 390 35
682 391 35
683 391 35
688 391 35
689 391 35
708 391 35
709 391 35
710 391 35
711 391 35
874 391 35
875 391 35
876 391 35
877 391 35
934 391 35
935 391 35
936 391 35
937 391 35
938 391 35
1010 391 35
1011 391 35
1012 391 35
1047 391 35
1048 391 35
1049 391 35
1050 391 35
1051 391 35
1311 391 35
1312 391 35
1313 391 35
1846 391 35
1847 391 35
1851 391 35
1852 391 35
682 392 35
683 392 35
688 392 35
689 392 35
703 392 35
707 392 35
708 392 35
709 392 35
710 392 35
874 392 35
875 392 35
876 392 35
934 392 35
935 392 35
936 392 35
937 392 35
1009 392 35
1010 392 35
1011 392 35
1012 392 35
1047 392 35
1048 392 35
1049 392 35
1050 392 35
1051 392 35
1310 392 35
1311 392 35
1312 392 35
1313 392 35
1846 392 35
1847 392 35
1851 392 35
1852 392 35
682 393 35
683 393 35
689 393 35
690 393 35
702 393 35
703 393 35
704 393 35
705 393 35
706 393 35
707 393 35
708 393 35
709 393 35
710 393 35
874 393 35
875 393 35
876 393 35
934 393 35
935 393 35
936 393 35
937 393 35
1009 393 35
1010 393 35
1011 393 35
1046 393 35
1047 393 35
1048 393 35
1049 393 35
1050 393 35
1051 393 35
1310 393 35
1311 393 35
1312 393 35
1313 393 35
1846 393 35
1847 393 35
1851 393 35
1852 393 35
682 394 35
683 394 35
689 394 35
690 394 35
702 394 35
703 394 35
704 394 35
705 394 35
706 394 35
707 394 35
709 394 35
710 394 35
874 394 35
875 394 35
876 394 35
934 394 35
935 394 35
936 394 35
937 394 35
1009 394 35
1010 394 35
1011 394 35
1046 394 35
1047 394 35
1048 394 35
1049 394 35
1050 394 35
1051 394 35
1310 394 35
1311 394 35
1312 394 35
1313 394 35
1846 394 35
1847 394 35
1851 394 35
1852 394 35
683 395 35
684 395 35
690 395 35
691 395 35
701 395 35
702 395 35
708 395 35
709 395 35
874 395 35
875 395 35
876 395 35
934 395 35
935 395 35
936 395 35
937 395 35
1008 395 35
1009 395 35
1010 395 35
1011 395 35
1046 395 35
1047 395 35
1048 395 35
1049 395 35
1050 395 35
1051 395 35
1310 395 35
1311 395 35
1312 395 35
1846 395 35
1847 395 35
1851 395 35
1852 395 35
682 396 35
683 396 35
690 396 35
691 396 35
701 396 35
702 396 35
707 396 35
708 396 35
874 396 35
875 396 35
876 396 35
933 396 35
934 396 35
935 396 35
936 396 35
937 396 35
1008 396 35
1009 396 35
1010 396 35
1046 396 35
1047 396 35
1048 396 35
1049 396 35
1050 396 35
1051 396 35
1309 396 35
1310 396 35
1311 396 35
1312 396 35
1845 396 35
1846 396 35
1850 396 35
1851 396 35
682 397 35
683 397 35
690 397 35
691 397 35
701 397 35
702 397 35
707 397 35
708 397 35
873 397 35
874 397 35
875 397 35
876 397 35
933 397 35
934 397 35
935 397 35
936 397 35
1008 397 35
1009 397 35
1010 397 35
1046 397 35
1047 397 35
1048 397 35
1049 397 35
1050 397 35
1051 397 35
1309 397 35
1310 397 35
1311 397 35
1312 397 35
1845 397 35
1846 397 35
1850 397 35
1851 397 35
682 398 35
683 398 35
690 398 35
691 398 35
701 398 35
702 398 35
706 398 35
707 398 35
873 398 35
874 398 35
875 398 35
876 398 35
933 398 35
934 398 35
935 398 35
936 398 35
1008 398 35
1009 398 35
1010 398 35
1046 398 35
1047 398 35
1048 398 35
1049 398 35
1050 398 35
1051 398 35
1309 398 35
1310 398 35
1311 398 35
1312 398 35
1845 398 35
1846 398 35
1850 398 35
1851 398 35
683 399 35
684 399 35
689 399 35
690 399 35
700 399 35
701 399 35
705 399 35
706 399 35
873 399 35
874 399 35
875 399 35
876 399 35
932 399 35
933 399 35
934 399 35
935 399 35
936 399 35
1007 399 35
1008 399 35
1009 399 35
1046 399 35
1047 399 35
1048 399 35
1049 399 35
1050 399 35
1309 399 35
1310 399 35
1311 399 35
1312 399 35
1845 399 35
1846 399 35
1849 399 35
1850 399 35
684 400 35
685 400 35
688 400 35
689 400 35
700 400 35
701 400 35
705 400 35
706 400 35
873 400 35
874 400 35
875 400 35
932 400 35
933 400 35
934 400 35
935 400 35
1007 400 35
1008 400 35
1009 400 35
1046 400 35
1047 400 35
1049 400 35
1050 400 35
1309 400 35
1310 400 35
1311 400 35
1312 400 35
1845 400 35
1846 400 35
1848 400 35
1849 400 35
684 401 35
685 401 35
688 401 35
689 401 35
700 401 35
701 401 35
704 401 35
705 401 35
873 401 35
874 401 35
875 401 35
932 401 35
933 401 35
934 401 35
935 401 35
1007 401 35
1008 401 35
1009 401 35
1046 401 35
1047 401 35
1049 401 35
1050 401 35
1309 401 35
1310 401 35
1311 401 35
1312 401 35
1844 401 35
1845 401 35
1847 401 35
1848 401 35
684 402 35
685 402 35
688 402 35
689 402 35
699 402 35
700 402 35
701 402 35
703 402 35
704 402 35
873 402 35
874 402 35
875 402 35
932 402 35
933 402 35
934 402 35
935 402 35
1006 402 35
1007 402 35
1008 402 35
1046 402 35
1047 402 35
1048 402 35
1049 402 35
1050 402 35
1309 402 35
1310 402 35
1311 402 35
1312 402 35
1844 402 35
1845 402 35
1847 402 35
1848 402 35
684 403 35
685 403 35
688 403 35
689 403 35
699 403 35
700 403 35
701 403 35
702 403 35
703 403 35
704 403 35
872 403 35
873 403 35
874 403 35
875 403 35
931 403 35
932 403 35
933 403 35
934 403 35
1006 403 35
1007 403 35
1008 403 35
1046 403 35
1047 403 35
1048 403 35
1049 403 35
1050 403 35
1309 403 35
1310 403 35
1311 403 35
1312 403 35
1844 403 35
1845 403 35
1847 403 35
1848 403 35
685 404 35
686 404 35
688 404 35
689 404 35
699 404 35
700 404 35
701 404 35
702 404 35
703 404 35
872 404 35
873 404 35
874 404 35
875 404 35
931 404 35
932 404 35
933 404 35
934 404 35
1006 404 35
1007 404 35
1008 404 35
1046 404 35
1047 404 35
1048 404 35
1049 404 35
1050 404 35
1309 404 35
1310 404 35
1311 404 35
1312 404 35
1845 404 35
1846 404 35
1847 404 35
686 405 35
687 405 35
689 405 35
690 405 35
699 405 35
700 405 35
702 405 35
703 405 35
872 405 35
873 405 35
874 405 35
875 405 35
931 405 35
932 405 35
933 405 35
1005 405 35
1006 405 35
1007 405 35
1046 405 35
1047 405 35
1048 405 35
1049 405 35
1050 405 35
1309 405 35
1310 405 35
1311 405 35
1312 405 35
1844 405 35
1845 405 35
1846 405 35
1847 405 35
687 406 35
688 406 35
689 406 35
690 406 35
698 406 35
699 406 35
701 406 35
702 406 35
872 406 35
873 406 35
874 406 35
875 406 35
931 406 35
932 406 35
933 406 35
1005 406 35
1006 406 35
1007 406 35
1046 406 35
1047 406 35
1049 406 35
1050 406 35
1309 406 35
1310 406 35
1311 406 35
1312 406 35
1844 406 35
1845 406 35
1846 406 35
1847 406 35
687 407 35
688 407 35
689 407 35
690 407 35
698 407 35
699 407 35
700 407 35
701 407 35
872 407 35
873 407 35
874 407 35
875 407 35
930 407 35
931 407 35
932 407 35
933 407 35
1005 407 35
1006 407 35
1007 407 35
1046 407 35
1047 407 35
1049 407 35
1050 407 35
1309 407 35
1310 407 35
1311 407 35
1312 407 35
1843 407 35
1844 407 35
1845 407 35
1846 407 35
687 408 35
688 408 35
689 408 35
690 408 35
698 408 35
699 408 35
700 408 35
701 408 35
872 408 35
873 408 35
874 408 35
875 408 35
930 408 35
931 408 35
932 408 35
933 408 35
1005 408 35
1006 408 35
1007 408 35
1045 408 35
1046 408 35
1049 408 35
1050 408 35
1309 408 35
1310 408 35
1311 408 35
1312 408 35
1843 408 35
1844 408 35
1845 408 35
1846 408 35
687 409 35
688 409 35
689 409 35
690 409 35
697 409 35
698 409 35
700 409 35
701 409 35
872 409 35
873 409 35
874 409 35
875 409 35
930 409 35
931 409 35
932 409 35
933 409 35
1004 409 35
1005 409 35
1006 409 35
1007 409 35
1045 409 35
1046 409 35
1049 409 35
1050 409 35
1309 409 35
1310 409 35
1311 409 35
1312 409 35
1843 409 35
1844 409 35
1845 409 35
1846 409 35
687 410 35
688 410 35
689 410 35
690 410 35
697 410 35
698 410 35
699 410 35
700 410 35
872 410 35
873 410 35
874 410 35
930 410 35
931 410 35
932 410 35
1004 410 35
1005 410 35
1006 410 35
1045 410 35
1046 410 35
1048 410 35
1049 410 35
1309 410 35
1310 410 35
1311 410 35
1312 410 35
1842 410 35
1843 410 35
1844 410 35
1845 410 35
1846 410 35
687 411 35
688 411 35
689 411 35
690 411 35
696 411 35
697 411 35
699 411 35
700 411 35
872 411 35
873 411 35
874 411 35
929 411 35
930 411 35
931 411 35
932 411 35
1004 411 35
1005 411 35
1006 411 35
1045 411 35
1046 411 35
1048 411 35
1049 411 35
1309 411 35
1310 411 35
1311 411 35
1312 411 35
1842 411 35
1843 411 35
1844 411 35
1845 411 35
688 412 35
689 412 35
690 412 35
691 412 35
695 412 35
696 412 35
698 412 35
699 412 35
872 412 35
873 412 35
874 412 35
929 412 35
930 412 35
931 412 35
932 412 35
1003 412 35
1004 412 35
1005 412 35
1006 412 35
1045 412 35
1046 412 35
1048 412 35
1049 412 35
1309 412 35
1310 412 35
1311 412 35
1312 412 35
1841 412 35
1842 412 35
1843 412 35
1844 412 35
1845 412 35
688 413 35
689 413 35
690 413 35
691 413 35
694 413 35
695 413 35
698 413 35
699 413 35
872 413 35
873 413 35
874 413 35
929 413 35
930 413 35
931 413 35
932 413 35
1003 413 35
1004 413 35
1005 413 35
1006 413 35
1045 413 35
1046 413 35
1047 413 35
1048 413 35
1049 413 35
1309 413 35
1310 413 35
1311 413 35
1312 413 35
1841 413 35
1842 413 35
1843 413 35
1844 413 35
1845 413 35
688 414 35
689 414 35
690 414 35
691 414 35
693 414 35
694 414 35
695 414 35
697 414 35
698 414 35
872 414 35
873 414 35
874 414 35
928 414 35
929 414 35
930 414 35
931 414 35
1003 414 35
1004 414 35
1005 414 35
1045 414 35
1046 414 35
1047 414 35
1048 414 35
1049 414 35
1309 414 35
1310 414 35
1311 414 35
1312 414 35
1841 414 35
1842 414 35
1843 414 35
1844 414 35
688 415 35
689 415 35
690 415 35
691 415 35
692 415 35
693 415 35
694 415 35
695 415 35
696 415 35
697 415 35
698 415 35
872 415 35
873 415 35
874 415 35
928 415 35
929 415 35
930 415 35
931 415 35
1002 415 35
1003 415 35
1004 415 35
1005 415 35
1044 415 35
1045 415 35
1046 415 35
1047 415 35
1048 415 35
1049 415 35
1309 415 35
1310 415 35
1311 415 35
1312 415 35
1840 415 35
1841 415 35
1842 415 35
1843 415 35
1844 415 35
688 416 35
689 416 35
690 416 35
691 416 35
692 416 35
693 416 35
695 416 35
696 416 35
697 416 35
872 416 35
873 416 35
874 416 35
928 416 35
929 416 35
930 416 35
931 416 35
1002 416 35
1003 416 35
1004 416 35
1005 416 35
1044 416 35
1045 416 35
1047 416 35
1048 416 35
1049 416 35
1309 416 35
1310 416 35
1311 416 35
1312 416 35
1840 416 35
1841 416 35
1842 416 35
1843 416 35
1844 416 35
688 417 35
689 417 35
690 417 35
691 417 35
692 417 35
695 417 35
696 417 35
872 417 35
873 417 35
874 417 35
928 417 35
929 417 35
930 417 35
931 417 35
1002 417 35
1003 417 35
1004 417 35
1044 417 35
1045 417 35
1047 417 35
1048 417 35
1309 417 35
1310 417 35
1311 417 35
1312 417 35
1839 417 35
1840 417 35
1842 417 35
1843 417 35
1844 417 35
688 418 35
689 418 35
690 418 35
691 418 35
692 418 35
693 418 35
694 418 35
695 418 35
871 418 35
872 418 35
873 418 35
874 418 35
927 418 35
928 418 35
929 418 35
930 418 35
931 418 35
1001 418 35
1002 418 35
1003 418 35
1004 418 35
1044 418 35
1045 418 35
1047 418 35
1048 418 35
1309 418 35
1310 418 35
1311 418 35
1312 418 35
1838 418 35
1839 418 35
1842 418 35
1843 418 35
688 419 35
689 419 35
691 419 35
692 419 35
693 419 35
694 419 35
871 419 35
872 419 35
873 419 35
874 419 35
927 419 35
928 419 35
929 419 35
930 419 35
931 419 35
1001 419 35
1002 419 35
1003 419 35
1004 419 35
1044 419 35
1045 419 35
1046 419 35
1047 419 35
1048 419 35
1309 419 35
1310 419 35
1311 419 35
1312 419 35
1838 419 35
1839 419 35
1843 419 35
1844 419 35
688 420 35
689 420 35
691 420 35
692 420 35
871 420 35
872 420 35
873 420 35
874 420 35
927 420 35
928 420 35
929 420 35
930 420 35
931 420 35
1001 420 35
1002 420 35
1003 420 35
1004 420 35
1044 420 35
1045 420 35
1046 420 35
1047 420 35
1048 420 35
1309 420 35
1310 420 35
1311 420 35
1312 420 35
1839 420 35
1840 420 35
1843 420 35
1844 420 35
688 421 35
689 421 35
690 421 35
691 421 35
871 421 35
872 421 35
873 421 35
874 421 35
927 421 35
928 421 35
929 421 35
930 421 35
931 421 35
1000 421 35
1001 421 35
1002 421 35
1003 421 35
1044 421 35
1045 421 35
1046 421 35
1047 421 35
1048 421 35
1309 421 35
1310 421 35
1311 421 35
1312 421 35
1839 421 35
1840 421 35
1843 421 35
1844 421 35
688 422 35
689 422 35
690 422 35
691 422 35
871 422 35
872 422 35
873 422 35
874 422 35
926 422 35
927 422 35
928 422 35
929 422 35
930 422 35
1000 422 35
1001 422 35
1002 422 35
1003 422 35
1044 422 35
1045 422 35
1046 422 35
1047 422 35
1309 422 35
1310 422 35
1311 422 35
1312 422 35
1839 422 35
1840 422 35
1843 422 35
1844 422 35
688 423 35
689 423 35
690 423 35
691 423 35
871 423 35
872 423 35
873 423 35
874 423 35
926 423 35
927 423 35
928 423 35
929 423 35
930 423 35
1000 423 35
1001 423 35
1002 423 35
1003 423 35
1044 423 35
1045 423 35
1046 423 35
1047 423 35
1309 423 35
1310 423 35
1311 423 35
1312 423 35
1839 423 35
1840 423 35
1842 423 35
1843 423 35
688 424 35
689 424 35
690 424 35
691 424 35
871 424 35
872 424 35
873 424 35
926 424 35
927 424 35
928 424 35
929 424 35
930 424 35
999 424 35
1000 424 35
1001 424 35
1002 424 35
1003 424 35
1044 424 35
1045 424 35
1046 424 35
1047 424 35
1309 424 35
1310 424 35
1311 424 35
1312 424 35
1839 424 35
1840 424 35
1842 424 35
1843 424 35
688 425 35
689 425 35
690 425 35
691 425 35
871 425 35
872 425 35
873 425 35
926 425 35
927 425 35
928 425 35
929 425 35
930 425 35
999 425 35
1000 425 35
1001 425 35
1002 425 35
1044 425 35
1045 425 35
1046 425 35
1047 425 35
1309 425 35
1310 425 35
1311 425 35
1312 425 35
1839 425 35
1840 425 35
1842 425 35
1843 425 35
688 426 35
689 426 35
690 426 35
691 426 35
871 426 35
872 426 35
873 426 35
926 426 35
927 426 35
928 426 35
929 426 35
999 426 35
1000 426 35
1001 426 35
1002 426 35
1043 426 35
1044 426 35
1046 426 35
1047 426 35
1309 426 35
1310 426 35
1311 426 35
1312 426 35
1839 426 35
1840 426 35
1842 426 35
1843 426 35
688 427 35
689 427 35
690 427 35
691 427 35
871 427 35
872 427 35
873 427 35
926 427 35
927 427 35
928 427 35
929 427 35
998 427 35
999 427 35
1000 427 35
1001 427 35
1002 427 35
1043 427 35
1044 427 35
1045 427 35
1046 427 35
1309 427 35
1310 427 35
1311 427 35
1312 427 35
1838 427 35
1839 427 35
1840 427 35
1842 427 35
1843 427 35
688 428 35
689 428 35
690 428 35
691 428 35
871 428 35
872 428 35
873 428 35
926 428 35
927 428 35
928 428 35
929 428 35
998 428 35
999 428 35
1000 428 35
1001 428 35
1002 428 35
1043 428 35
1044 428 35
1045 428 35
1046 428 35
1309 428 35
1310 428 35
1311 428 35
1312 428 35
1838 428 35
1839 428 35
1840 428 35
1841 428 35
1842 428 35
688 429 35
689 429 35
690 429 35
871 429 35
872 429 35
873 429 35
926 429 35
927 429 35
928 429 35
929 429 35
998 429 35
999 429 35
1000 429 35
1001 429 35
1002 429 35
1043 429 35
1044 429 35
1045 429 35
1046 429 35
1309 429 35
1310 429 35
1311 429 35
1312 429 35
1838 429 35
1839 429 35
1840 429 35
1841 429 35
688 430 35
689 430 35
690 430 35
871 430 35
872 430 35
873 430 35
926 430 35
927 430 35
928 430 35
929 430 35
997 430 35
998 430 35
999 430 35
1000 430 35
1001 430 35
1043 430 35
1044 430 35
1045 430 35
1046 430 35
1309 430 35
1310 430 35
1311 430 35
1312 430 35
1837 430 35
1838 430 35
1839 430 35
1840 430 35
688 431 35
689 431 35
690 431 35
871 431 35
872 431 35
873 431 35
926 431 35
927 431 35
928 431 35
929 431 35
997 431 35
998 431 35
999 431 35
1000 431 35
1001 431 35
1043 431 35
1044 431 35
1045 431 35
1046 431 35
1309 431 35
1310 431 35
1311 431 35
1312 431 35
1837 431 35
1838 431 35
1839 431 35
688 432 35
689 432 35
690 432 35
871 432 35
872 432 35
873 432 35
925 432 35
926 432 35
927 432 35
928 432 35
997 432 35
998 432 35
999 432 35
1000 432 35
1043 432 35
1044 432 35
1045 432 35
1046 432 35
1309 432 35
1310 432 35
1311 432 35
1312 432 35
1837 432 35
1838 432 35
1839 432 35
688 433 35
689 433 35
690 433 35
871 433 35
872 433 35
873 433 35
925 433 35
926 433 35
927 433 35
928 433 35
996 433 35
997 433 35
998 433 35
999 433 35
1043 433 35
1044 433 35
1045 433 35
1046 433 35
1309 433 35
1310 433 35
1311 433 35
1312 433 35
1837 433 35
1838 433 35
1839 433 35
688 434 35
689 434 35
690 434 35
870 434 35
871 434 35
872 434 35
873 434 35
925 434 35
926 434 35
927 434 35
928 434 35
996 434 35
997 434 35
998 434 35
999 434 35
1000 434 35
1043 434 35
1044 434 35
1045 434 35
1046 434 35
1309 434 35
1310 434 35
1311 434 35
1312 434 35
1836 434 35
1837 434 35
1838 434 35
1839 434 35
688 435 35
689 435 35
690 435 35
870 435 35
871 435 35
872 435 35
873 435 35
925 435 35
926 435 35
927 435 35
928 435 35
996 435 35
997 435 35
998 435 35
999 435 35
1000 435 35
1043 435 35
1044 435 35
1045 435 35
1046 435 35
1309 435 35
1310 435 35
1311 435 35
1312 435 35
1836 435 35
1837 435 35
1838 435 35
688 436 35
689 436 35
690 436 35
870 436 35
871 436 35
872 436 35
873 436 35
925 436 35
926 436 35
927 436 35
928 436 35
995 436 35
996 436 35
997 436 35
998 436 35
999 436 35
1043 436 35
1044 436 35
1045 436 35
1046 436 35
1309 436 35
1310 436 35
1311 436 35
1312 436 35
1836 436 35
1837 436 35
1838 436 35
688 437 35
689 437 35
690 437 35
870 437 35
871 437 35
872 437 35
873 437 35
925 437 35
926 437 35
927 437 35
928 437 35
995 437 35
996 437 35
997 437 35
998 437 35
999 437 35
1043 437 35
1044 437 35
1045 437 35
1046 437 35
1309 437 35
1310 437 35
1311 437 35
1312 437 35
1836 437 35
1837 437 35
1838 437 35
688 438 35
689 438 35
690 438 35
869 438 35
870 438 35
871 438 35
872 438 35
873 438 35
925 438 35
926 438 35
927 438 35
995 438 35
996 438 35
997 438 35
998 438 35
1043 438 35
1044 438 35
1045 438 35
1046 438 35
1309 438 35
1310 438 35
1311 438 35
1312 438 35
1835 438 35
1836 438 35
1837 438 35
1838 438 35
688 439 35
689 439 35
690 439 35
869 439 35
870 439 35
871 439 35
872 439 35
873 439 35
925 439 35
926 439 35
927 439 35
994 439 35
995 439 35
996 439 35
997 439 35
998 439 35
1043 439 35
1044 439 35
1045 439 35
1046 439 35
1309 439 35
1310 439 35
1311 439 35
1312 439 35
1835 439 35
1836 439 35
1837 439 35
687 440 35
688 440 35
689 440 35
690 440 35
869 440 35
870 440 35
871 440 35
872 440 35
924 440 35
925 440 35
926 440 35
927 440 35
994 440 35
995 440 35
996 440 35
997 440 35
998 440 35
1043 440 35
1044 440 35
1045 440 35
1046 440 35
1309 440 35
1310 440 35
1311 440 35
1312 440 35
1835 440 35
1836 440 35
1837 440 35
687 441 35
688 441 35
689 441 35
690 441 35
869 441 35
870 441 35
871 441 35
872 441 35
924 441 35
925 441 35
926 441 35
927 441 35
994 441 35
995 441 35
996 441 35
997 441 35
1043 441 35
1044 441 35
1045 441 35
1046 441 35
1309 441 35
1310 441 35
1311 441 35
1312 441 35
1835 441 35
1836 441 35
1837 441 35
687 442 35
688 442 35
689 442 35
690 442 35
869 442 35
870 442 35
871 442 35
872 442 35
924 442 35
925 442 35
926 442 35
927 442 35
994 442 35
995 442 35
996 442 35
997 442 35
1043 442 35
1044 442 35
1045 442 35
1046 442 35
1309 442 35
1310 442 35
1311 442 35
1312 442 35
1834 442 35
1835 442 35
1836 442 35
1837 442 35
687 443 35
688 443 35
689 443 35
690 443 35
869 443 35
870 443 35
871 443 35
872 443 35
924 443 35
925 443 35
926 443 35
993 443 35
994 443 35
995 443 35
996 443 35
1043 443 35
1044 443 35
1045 443 35
1046 443 35
1309 443 35
1310 443 35
1311 443 35
1312 443 35
1834 443 35
1835 443 35
1836 443 35
1837 443 35
687 444 35
688 444 35
689 444 35
690 444 35
868 444 35
869 444 35
870 444 35
871 444 35
872 444 35
924 444 35
925 444 35
926 444 35
993 444 35
994 444 35
995 444 35
996 444 35
1043 444 35
1044 444 35
1045 444 35
1046 444 35
1309 444 35
1310 444 35
1311 444 35
1312 444 35
1834 444 35
1835 444 35
1836 444 35
1837 444 35
687 445 35
688 445 35
689 445 35
690 445 35
868 445 35
869 445 35
870 445 35
871 445 35
872 445 35
924 445 35
925 445 35
926 445 35
993 445 35
994 445 35
995 445 35
996 445 35
1043 445 35
1044 445 35
1045 445 35
1046 445 35
1309 445 35
1310 445 35
1311 445 35
1312 445 35
1834 445 35
1835 445 35
1836 445 35
687 446 35
688 446 35
689 446 35
690 446 35
868 446 35
869 446 35
870 446 35
871 446 35
872 446 35
923 446 35
924 446 35
925 446 35
926 446 35
992 446 35
993 446 35
994 446 35
995 446 35
996 446 35
1043 446 35
1044 446 35
1045 446 35
1046 446 35
1309 446 35
1310 446 35
1311 446 35
1312 446 35
1834 446 35
1835 446 35
1836 446 35
687 447 35
688 447 35
689 447 35
690 447 35
867 447 35
868 447 35
871 447 35
872 447 35
923 447 35
924 447 35
925 447 35
926 447 35
992 447 35
993 447 35
994 447 35
995 447 35
1043 447 35
1044 447 35
1045 447 35
1046 447 35
1309 447 35
1310 447 35
1311 447 35
1312 447 35
1833 447 35
1834 447 35
1835 447 35
1836 447 35
687 448 35
688 448 35
689 448 35
867 448 35
868 448 35
870 448 35
871 448 35
923 448 35
924 448 35
925 448 35
926 448 35
992 448 35
993 448 35
994 448 35
995 448 35
1042 448 35
1043 448 35
1045 448 35
1046 448 35
1309 448 35
1310 448 35
1311 448 35
1312 448 35
1833 448 35
1834 448 35
1835 448 35
1836 448 35
687 449 35
688 449 35
689 449 35
867 449 35
868 449 35
870 449 35
871 449 35
923 449 35
924 449 35
925 449 35
926 449 35
991 449 35
992 449 35
993 449 35
994 449 35
995 449 35
1042 449 35
1043 449 35
1045 449 35
1046 449 35
1309 449 35
1310 449 35
1311 449 35
1312 449 35
1833 449 35
1834 449 35
1835 449 35
686 450 35
687 450 35
688 450 35
689 450 35
866 450 35
867 450 35
870 450 35
871 450 35
923 450 35
924 450 35
925 450 35
991 450 35
992 450 35
993 450 35
994 450 35
1042 450 35
1043 450 35
1044 450 35
1045 450 35
1309 450 35
1310 450 35
1311 450 35
1312 450 35
1833 450 35
1834 450 35
1835 450 35
686 451 35
687 451 35
688 451 35
866 451 35
867 451 35
869 451 35
870 451 35
923 451 35
924 451 35
925 451 35
991 451 35
992 451 35
993 451 35
994 451 35
1042 451 35
1043 451 35
1044 451 35
1045 451 35
1308 451 35
1309 451 35
1311 451 35
1312 451 35
1833 451 35
1834 451 35
1835 451 35
686 452 35
687 452 35
688 452 35
866 452 35
867 452 35
868 452 35
869 452 35
870 452 35
922 452 35
923 452 35
924 452 35
925 452 35
990 452 35
991 452 35
992 452 35
993 452 35
994 452 35
1042 452 35
1043 452 35
1044 452 35
1045 452 35
1307 452 35
1308 452 35
1311 452 35
1312 452 35
1832 452 35
1833 452 35
1834 452 35
1835 452 35
685 453 35
686 453 35
688 453 35
689 453 35
866 453 35
867 453 35
868 453 35
869 453 35
870 453 35
922 453 35
923 453 35
924 453 35
925 453 35
990 453 35
991 453 35
992 453 35
993 453 35
1042 453 35
1043 453 35
1044 453 35
1045 453 35
1307 453 35
1308 453 35
1311 453 35
1312 453 35
1832 453 35
1833 453 35
1834 453 35
1835 453 35
684 454 35
685 454 35
686 454 35
688 454 35
689 454 35
866 454 35
867 454 35
868 454 35
869 454 35
870 454 35
922 454 35
923 454 35
924 454 35
990 454 35
991 454 35
992 454 35
993 454 35
1042 454 35
1043 454 35
1044 454 35
1045 454 35
1307 454 35
1308 454 35
1311 454 35
1312 454 35
1832 454 35
1833 454 35
1834 454 35
683 455 35
684 455 35
685 455 35
688 455 35
689 455 35
865 455 35
866 455 35
867 455 35
868 455 35
869 455 35
870 455 35
921 455 35
922 455 35
923 455 35
924 455 35
989 455 35
990 455 35
991 455 35
992 455 35
1042 455 35
1043 455 35
1044 455 35
1045 455 35
1307 455 35
1308 455 35
1311 455 35
1312 455 35
1832 455 35
1833 455 35
1834 455 35
682 456 35
683 456 35
687 456 35
688 456 35
865 456 35
866 456 35
868 456 35
869 456 35
870 456 35
921 456 35
922 456 35
923 456 35
924 456 35
989 456 35
990 456 35
991 456 35
992 456 35
1042 456 35
1043 456 35
1044 456 35
1045 456 35
1307 456 35
1308 456 35
1311 456 35
1312 456 35
1831 456 35
1832 456 35
1833 456 35
1834 456 35
682 457 35
683 457 35
684 457 35
686 457 35
687 457 35
865 457 35
866 457 35
867 457 35
868 457 35
869 457 35
921 457 35
922 457 35
923 457 35
989 457 35
990 457 35
991 457 35
992 457 35
1041 457 35
1042 457 35
1044 457 35
1045 457 35
1307 457 35
1308 457 35
1311 457 35
1312 457 35
1831 457 35
1832 457 35
1833 457 35
1834 457 35
681 458 35
682 458 35
683 458 35
685 458 35
686 458 35
864 458 35
865 458 35
866 458 35
867 458 35
868 458 35
869 458 35
921 458 35
922 458 35
923 458 35
988 458 35
989 458 35
990 458 35
991 458 35
1041 458 35
1042 458 35
1043 458 35
1044 458 35
1045 458 35
1307 458 35
1308 458 35
1310 458 35
1311 458 35
1312 458 35
1831 458 35
1832 458 35
1833 458 35
681 459 35
682 459 35
684 459 35
685 459 35
864 459 35
865 459 35
867 459 35
868 459 35
869 459 35
920 459 35
921 459 35
922 459 35
923 459 35
988 459 35
989 459 35
990 459 35
991 459 35
1041 459 35
1042 459 35
1043 459 35
1044 459 35
1045 459 35
1306 459 35
1307 459 35
1309 459 35
1310 459 35
1311 459 35
1831 459 35
1832 459 35
1833 459 35
680 460 35
681 460 35
683 460 35
684 460 35
712 460 35
713 460 35
714 460 35
864 460 35
865 460 35
867 460 35
868 460 35
920 460 35
921 460 35
922 460 35
988 460 35
989 460 35
990 460 35
991 460 35
1041 460 35
1042 460 35
1043 460 35
1044 460 35
1045 460 35
1306 460 35
1307 460 35
1309 460 35
1310 460 35
1830 460 35
1831 460 35
1832 460 35
1833 460 35
680 461 35
681 461 35
683 461 35
684 461 35
711 461 35
712 461 35
713 461 35
714 461 35
715 461 35
864 461 35
865 461 35
866 461 35
867 461 35
868 461 35
920 461 35
921 461 35
922 461 35
987 461 35
988 461 35
989 461 35
990 461 35
1041 461 35
1042 461 35
1043 461 35
1044 461 35
1045 461 35
1306 461 35
1307 461 35
1308 461 35
1309 461 35
1310 461 35
1830 461 35
1831 461 35
1832 461 35
1833 461 35
680 462 35
681 462 35
682 462 35
683 462 35
711 462 35
712 462 35
713 462 35
714 462 35
864 462 35
865 462 35
866 462 35
867 462 35
868 462 35
919 462 35
920 462 35
921 462 35
922 462 35
987 462 35
988 462 35
989 462 35
990 462 35
1041 462 35
1042 462 35
1043 462 35
1044 462 35
1305 462 35
1306 462 35
1307 462 35
1308 462 35
1309 462 35
1830 462 35
1831 462 35
1832 462 35
1833 462 35
679 463 35
680 463 35
682 463 35
683 463 35
711 463 35
712 463 35
713 463 35
714 463 35
863 463 35
864 463 35
866 463 35
867 463 35
868 463 35
919 463 35
920 463 35
921 463 35
987 463 35
988 463 35
989 463 35
990 463 35
1042 463 35
1043 463 35
1044 463 35
1305 463 35
1306 463 35
1308 463 35
1309 463 35
1830 463 35
1831 463 35
1832 463 35
679 464 35
680 464 35
682 464 35
683 464 35
710 464 35
711 464 35
713 464 35
714 464 35
863 464 35
864 464 35
865 464 35
866 464 35
867 464 35
919 464 35
920 464 35
921 464 35
986 464 35
987 464 35
988 464 35
989 464 35
990 464 35
1042 464 35
1043 464 35
1044 464 35
1305 464 35
1306 464 35
1308 464 35
1309 464 35
1830 464 35
1831 464 35
1832 464 35
679 465 35
680 465 35
682 465 35
683 465 35
710 465 35
711 465 35
713 465 35
714 465 35
863 465 35
864 465 35
865 465 35
866 465 35
867 465 35
918 465 35
919 465 35
920 465 35
921 465 35
986 465 35
987 465 35
988 465 35
989 465 35
1041 465 35
1042 465 35
1043 465 35
1302 465 35
1303 465 35
1304 465 35
1305 465 35
1308 465 35
1309 465 35
1829 465 35
1830 465 35
1831 465 35
1832 465 35
679 466 35
680 466 35
682 466 35
683 466 35
710 466 35
711 466 35
713 466 35
714 466 35
863 466 35
864 466 35
865 466 35
866 466 35
867 466 35
918 466 35
919 466 35
920 466 35
921 466 35
986 466 35
987 466 35
988 466 35
989 466 35
1040 466 35
1041 466 35
1042 466 35
1043 466 35
1300 466 35
1301 466 35
1302 466 35
1303 466 35
1304 466 35
1307 466 35
1308 466 35
1829 466 35
1830 466 35
1831 466 35
1832 466 35
679 467 35
680 467 35
682 467 35
683 467 35
709 467 35
710 467 35
713 467 35
714 467 35
863 467 35
864 467 35
865 467 35
866 467 35
867 467 35
918 467 35
919 467 35
920 467 35
985 467 35
986 467 35
987 467 35
988 467 35
989 467 35
1039 467 35
1040 467 35
1041 467 35
1042 467 35
1299 467 35
1300 467 35
1301 467 35
1303 467 35
1304 467 35
1305 467 35
1306 467 35
1307 467 35
1829 467 35
1830 467 35
1831 467 35
1832 467 35
679 468 35
680 468 35
681 468 35
682 468 35
709 468 35
710 468 35
712 468 35
713 468 35
863 468 35
864 468 35
865 468 35
866 468 35
918 468 35
919 468 35
920 468 35
985 468 35
986 468 35
987 468 35
988 468 35
1039 468 35
1040 468 35
1041 468 35
1042 468 35
1298 468 35
1299 468 35
1304 468 35
1305 468 35
1306 468 35
1307 468 35
1829 468 35
1830 468 35
1831 468 35
679 469 35
680 469 35
681 469 35
682 469 35
709 469 35
710 469 35
712 469 35
713 469 35
863 469 35
864 469 35
865 469 35
866 469 35
917 469 35
918 469 35
919 469 35
920 469 35
985 469 35
986 469 35
987 469 35
988 469 35
1038 469 35
1039 469 35
1040 469 35
1041 469 35
1298 469 35
1299 469 35
1303 469 35
1304 469 35
1305 469 35
1306 469 35
1828 469 35
1829 469 35
1830 469 35
1831 469 35
679 470 35
680 470 35
681 470 35
682 470 35
708 470 35
709 470 35
712 470 35
713 470 35
862 470 35
863 470 35
865 470 35
866 470 35
917 470 35
918 470 35
919 470 35
984 470 35
985 470 35
986 470 35
987 470 35
988 470 35
1038 470 35
1039 470 35
1040 470 35
1041 470 35
1297 470 35
1298 470 35
1301 470 35
1302 470 35
1303 470 35
1304 470 35
1828 470 35
1829 470 35
1830 470 35
1831 470 35
679 471 35
680 471 35
681 471 35
682 471 35
708 471 35
709 471 35
712 471 35
713 471 35
862 471 35
863 471 35
865 471 35
866 471 35
916 471 35
917 471 35
918 471 35
919 471 35
984 471 35
985 471 35
986 471 35
987 471 35
988 471 35
1037 471 35
1038 471 35
1039 471 35
1040 471 35
1296 471 35
1297 471 35
1300 471 35
1301 471 35
1302 471 35
1828 471 35
1829 471 35
1830 471 35
1831 471 35
679 472 35
680 472 35
681 472 35
682 472 35
708 472 35
709 472 35
712 472 35
713 472 35
862 472 35
863 472 35
865 472 35
866 472 35
916 472 35
917 472 35
918 472 35
984 472 35
985 472 35
986 472 35
987 472 35
1037 472 35
1038 472 35
1039 472 35
1040 472 35
1295 472 35
1296 472 35
1299 472 35
1300 472 35
1828 472 35
1829 472 35
1830 472 35
679 473 35
680 473 35
681 473 35
682 473 35
708 473 35
709 473 35
712 473 35
713 473 35
862 473 35
863 473 35
865 473 35
866 473 35
916 473 35
917 473 35
918 473 35
983 473 35
984 473 35
985 473 35
986 473 35
987 473 35
1036 473 35
1037 473 35
1038 473 35
1039 473 35
1294 473 35
1295 473 35
1297 473 35
1298 473 35
1299 473 35
1828 473 35
1829 473 35
1830 473 35
679 474 35
680 474 35
681 474 35
682 474 35
708 474 35
709 474 35
712 474 35
713 474 35
861 474 35
862 474 35
863 474 35
865 474 35
866 474 35
915 474 35
916 474 35
917 474 35
918 474 35
983 474 35
984 474 35
985 474 35
986 474 35
987 474 35
1036 474 35
1037 474 35
1038 474 35
1039 474 35
1293 474 35
1294 474 35
1295 474 35
1296 474 35
1297 474 35
1298 474 35
1827 474 35
1828 474 35
1829 474 35
1830 474 35
679 475 35
680 475 35
681 475 35
682 475 35
707 475 35
708 475 35
712 475 35
713 475 35
861 475 35
862 475 35
863 475 35
864 475 35
865 475 35
915 475 35
916 475 35
917 475 35
918 475 35
983 475 35
984 475 35
985 475 35
986 475 35
987 475 35
1035 475 35
1036 475 35
1037 475 35
1038 475 35
1293 475 35
1294 475 35
1295 475 35
1296 475 35
1827 475 35
1828 475 35
1829 475 35
1830 475 35
679 476 35
680 476 35
681 476 35
682 476 35
707 476 35
708 476 35
712 476 35
713 476 35
861 476 35
862 476 35
863 476 35
864 476 35
865 476 35
913 476 35
914 476 35
915 476 35
916 476 35
917 476 35
983 476 35
984 476 35
985 476 35
986 476 35
1034 476 35
1035 476 35
1036 476 35
1037 476 35
1038 476 35
1292 476 35
1293 476 35
1294 476 35
1295 476 35
1827 476 35
1828 476 35
1829 476 35
679 477 35
680 477 35
681 477 35
682 477 35
707 477 35
708 477 35
711 477 35
712 477 35
861 477 35
862 477 35
864 477 35
865 477 35
912 477 35
913 477 35
914 477 35
915 477 35
916 477 35
982 477 35
983 477 35
984 477 35
985 477 35
986 477 35
1034 477 35
1035 477 35
1036 477 35
1037 477 35
1291 477 35
1292 477 35
1293 477 35
1294 477 35
1827 477 35
1828 477 35
1829 477 35
679 478 35
680 478 35
681 478 35
682 478 35
708 478 35
709 478 35
710 478 35
711 478 35
712 478 35
861 478 35
862 478 35
863 478 35
864 478 35
865 478 35
910 478 35
911 478 35
912 478 35
915 478 35
916 478 35
982 478 35
983 478 35
984 478 35
985 478 35
986 478 35
1034 478 35
1035 478 35
1036 478 35
1037 478 35
1290 478 35
1291 478 35
1292 478 35
1293 478 35
1826 478 35
1827 478 35
1828 478 35
1829 478 35
679 479 35
680 479 35
681 479 35
682 479 35
707 479 35
708 479 35
709 479 35
710 479 35
711 479 35
712 479 35
861 479 35
862 479 35
863 479 35
864 479 35
905 479 35
906 479 35
907 479 35
909 479 35
910 479 35
911 479 35
913 479 35
914 479 35
915 479 35
982 479 35
983 479 35
985 479 35
986 479 35
1033 479 35
1034 479 35
1035 479 35
1036 479 35
1289 479 35
1290 479 35
1291 479 35
1292 479 35
1826 479 35
1827 479 35
1828 479 35
1829 479 35
679 480 35
680 480 35
681 480 35
682 480 35
706 480 35
707 480 35
708 480 35
710 480 35
711 480 35
712 480 35
861 480 35
862 480 35
863 480 35
864 480 35
904 480 35
905 480 35
906 480 35
907 480 35
908 480 35
909 480 35
912 480 35
913 480 35
914 480 35
981 480 35
982 480 35
983 480 35
984 480 35
985 480 35
1033 480 35
1034 480 35
1035 480 35
1036 480 35
1288 480 35
1289 480 35
1290 480 35
1291 480 35
1826 480 35
1827 480 35
1828 480 35
1829 480 35
679 481 35
680 481 35
681 481 35
682 481 35
706 481 35
707 481 35
709 481 35
711 481 35
712 481 35
860 481 35
861 481 35
862 481 35
863 481 35
864 481 35
903 481 35
904 481 35
908 481 35
911 481 35
912 481 35
981 481 35
982 481 35
983 481 35
984 481 35
985 481 35
1033 481 35
1034 481 35
1035 481 35
1036 481 35
1288 481 35
1289 481 35
1290 481 35
1291 481 35
1826 481 35
1827 481 35
1828 481 35
678 482 35
679 482 35
681 482 35
682 482 35
706 482 35
707 482 35
708 482 35
709 482 35
710 482 35
711 482 35
712 482 35
860 482 35
861 482 35
862 482 35
863 482 35
902 482 35
903 482 35
905 482 35
906 482 35
911 482 35
912 482 35
981 482 35
982 482 35
984 482 35
985 482 35
1033 482 35
1034 482 35
1035 482 35
1036 482 35
1287 482 35
1288 482 35
1289 482 35
1290 482 35
1291 482 35
1825 482 35
1826 482 35
1827 482 35
1828 482 35
678 483 35
679 483 35
681 483 35
682 483 35
706 483 35
707 483 35
708 483 35
709 483 35
710 483 35
711 483 35
859 483 35
860 483 35
861 483 35
862 483 35
863 483 35
901 483 35
902 483 35
904 483 35
905 483 35
906 483 35
907 483 35
910 483 35
911 483 35
980 483 35
981 483 35
982 483 35
983 483 35
984 483 35
1033 483 35
1034 483 35
1035 483 35
1036 483 35
1287 483 35
1288 483 35
1289 483 35
1290 483 35
1291 483 35
1825 483 35
1826 483 35
1827 483 35
678 484 35
679 484 35
681 484 35
682 484 35
706 484 35
707 484 35
708 484 35
709 484 35
859 484 35
860 484 35
861 484 35
862 484 35
901 484 35
902 484 35
905 484 35
906 484 35
909 484 35
910 484 35
911 484 35
980 484 35
981 484 35
982 484 35
983 484 35
984 484 35
1033 484 35
1034 484 35
1035 484 35
1036 484 35
1287 484 35
1288 484 35
1289 484 35
1290 484 35
1825 484 35
1826 484 35
1827 484 35
678 485 35
679 485 35
680 485 35
681 485 35
706 485 35
707 485 35
708 485 35
709 485 35
859 485 35
860 485 35
861 485 35
862 485 35
900 485 35
901 485 35
908 485 35
909 485 35
910 485 35
980 485 35
981 485 35
983 485 35
984 485 35
1033 485 35
1034 485 35
1035 485 35
1036 485 35
1286 485 35
1287 485 35
1288 485 35
1289 485 35
1290 485 35
1825 485 35
1826 485 35
1827 485 35
678 486 35
679 486 35
680 486 35
681 486 35
706 486 35
707 486 35
708 486 35
709 486 35
858 486 35
859 486 35
860 486 35
861 486 35
862 486 35
900 486 35
901 486 35
906 486 35
907 486 35
909 486 35
910 486 35
979 486 35
980 486 35
981 486 35
982 486 35
983 486 35
984 486 35
1033 486 35
1034 486 35
1035 486 35
1036 486 35
1286 486 35
1287 486 35
1288 486 35
1289 486 35
1824 486 35
1825 486 35
1826 486 35
1827 486 35
677 487 35
678 487 35
680 487 35
681 487 35
706 487 35
707 487 35
708 487 35
858 487 35
859 487 35
860 487 35
861 487 35
899 487 35
900 487 35
905 487 35
906 487 35
907 487 35
908 487 35
909 487 35
910 487 35
979 487 35
980 487 35
981 487 35
982 487 35
983 487 35
1033 487 35
1034 487 35
1035 487 35
1036 487 35
1286 487 35
1287 487 35
1288 487 35
1289 487 35
1824 487 35
1825 487 35
1826 487 35
677 488 35
678 488 35
680 488 35
681 488 35
706 488 35
707 488 35
708 488 35
857 488 35
858 488 35
859 488 35
860 488 35
861 488 35
898 488 35
899 488 35
904 488 35
905 488 35
907 488 35
908 488 35
909 488 35
910 488 35
979 488 35
980 488 35
981 488 35
982 488 35
983 488 35
1033 488 35
1034 488 35
1035 488 35
1036 488 35
1285 488 35
1286 488 35
1287 488 35
1288 488 35
1289 488 35
1824 488 35
1825 488 35
1826 488 35
677 489 35
678 489 35
680 489 35
681 489 35
706 489 35
707 489 35
708 489 35
857 489 35
858 489 35
859 489 35
860 489 35
898 489 35
899 489 35
903 489 35
904 489 35
906 489 35
907 489 35
908 489 35
909 489 35
910 489 35
978 489 35
979 489 35
980 489 35
981 489 35
982 489 35
983 489 35
1033 489 35
1034 489 35
1035 489 35
1036 489 35
1285 489 35
1286 489 35
1287 489 35
1288 489 35
1824 489 35
1825 489 35
1826 489 35
677 490 35
678 490 35
680 490 35
681 490 35
706 490 35
707 490 35
708 490 35
857 490 35
858 490 35
859 490 35
860 490 35
897 490 35
898 490 35
903 490 35
904 490 35
906 490 35
907 490 35
908 490 35
909 490 35
910 490 35
978 490 35
979 490 35
980 490 35
981 490 35
982 490 35
1033 490 35
1034 490 35
1035 490 35
1285 490 35
1286 490 35
1287 490 35
1288 490 35
1824 490 35
1825 490 35
1826 490 35
677 491 35
678 491 35
679 491 35
680 491 35
705 491 35
706 491 35
707 491 35
708 491 35
856 491 35
857 491 35
858 491 35
859 491 35
897 491 35
898 491 35
903 491 35
904 491 35
906 491 35
907 491 35
908 491 35
909 491 35
978 491 35
979 491 35
980 491 35
981 491 35
982 491 35
1033 491 35
1034 491 35
1035 491 35
1284 491 35
1285 491 35
1286 491 35
1287 491 35
1823 491 35
1824 491 35
1825 491 35
1826 491 35
677 492 35
678 492 35
679 492 35
680 492 35
705 492 35
706 492 35
707 492 35
708 492 35
856 492 35
857 492 35
858 492 35
859 492 35
896 492 35
897 492 35
903 492 35
904 492 35
906 492 35
907 492 35
908 492 35
909 492 35
977 492 35
978 492 35
979 492 35
980 492 35
981 492 35
982 492 35
1032 492 35
1033 492 35
1034 492 35
1035 492 35
1284 492 35
1285 492 35
1286 492 35
1287 492 35
1823 492 35
1824 492 35
1825 492 35
676 493 35
677 493 35
679 493 35
680 493 35
705 493 35
706 493 35
707 493 35
708 493 35
855 493 35
856 493 35
857 493 35
858 493 35
896 493 35
897 493 35
902 493 35
903 493 35
906 493 35
907 493 35
908 493 35
909 493 35
977 493 35
978 493 35
979 493 35
980 493 35
981 493 35
982 493 35
1032 493 35
1033 493 35
1034 493 35
1035 493 35
1284 493 35
1285 493 35
1286 493 35
1287 493 35
1823 493 35
1824 493 35
1825 493 35
676 494 35
677 494 35
679 494 35
680 494 35
705 494 35
706 494 35
707 494 35
708 494 35
855 494 35
856 494 35
857 494 35
858 494 35
897 494 35
898 494 35
899 494 35
902 494 35
903 494 35
906 494 35
907 494 35
908 494 35
909 494 35
977 494 35
978 494 35
979 494 35
980 494 35
981 494 35
1032 494 35
1033 494 35
1034 494 35
1035 494 35
1284 494 35
1285 494 35
1286 494 35
1823 494 35
1824 494 35
1825 494 35
676 495 35
677 495 35
679 495 35
680 495 35
705 495 35
706 495 35
707 495 35
708 495 35
854 495 35
855 495 35
856 495 35
857 495 35
898 495 35
899 495 35
900 495 35
902 495 35
903 495 35
906 495 35
907 495 35
908 495 35
909 495 35
976 495 35
977 495 35
978 495 35
979 495 35
980 495 35
981 495 35
1032 495 35
1033 495 35
1034 495 35
1035 495 35
1284 495 35
1285 495 35
1286 495 35
1823 495 35
1824 495 35
1825 495 35
676 496 35
677 496 35
678 496 35
679 496 35
705 496 35
706 496 35
707 496 35
708 496 35
854 496 35
855 496 35
856 496 35
899 496 35
900 496 35
902 496 35
903 496 35
906 496 35
907 496 35
908 496 35
909 496 35
976 496 35
977 496 35
978 496 35
979 496 35
980 496 35
1032 496 35
1033 496 35
1034 496 35
1035 496 35
1283 496 35
1284 496 35
1285 496 35
1286 496 35
1822 496 35
1823 496 35
1824 496 35
1825 496 35
675 497 35
676 497 35
678 497 35
679 497 35
705 497 35
706 497 35
707 497 35
708 497 35
853 497 35
854 497 35
855 497 35
856 497 35
898 497 35
899 497 35
901 497 35
902 497 35
906 497 35
907 497 35
908 497 35
909 497 35
976 497 35
977 497 35
978 497 35
979 497 35
980 497 35
1032 497 35
1033 497 35
1034 497 35
1035 497 35
1283 497 35
1284 497 35
1285 497 35
1822 497 35
1823 497 35
1824 497 35
1825 497 35
675 498 35
676 498 35
678 498 35
679 498 35
705 498 35
706 498 35
707 498 35
708 498 35
853 498 35
854 498 35
855 498 35
898 498 35
899 498 35
901 498 35
902 498 35
905 498 35
906 498 35
908 498 35
909 498 35
975 498 35
976 498 35
977 498 35
978 498 35
979 498 35
980 498 35
1032 498 35
1033 498 35
1034 498 35
1035 498 35
1283 498 35
1284 498 35
1285 498 35
1822 498 35
1823 498 35
1824 498 35
1825 498 35
675 499 35
676 499 35
678 499 35
679 499 35
705 499 35
706 499 35
707 499 35
708 499 35
852 499 35
853 499 35
854 499 35
855 499 35
898 499 35
899 499 35
901 499 35
902 499 35
905 499 35
906 499 35
907 499 35
908 499 35
975 499 35
976 499 35
977 499 35
978 499 35
979 499 35
1032 499 35
1033 499 35
1034 499 35
1035 499 35
1283 499 35
1284 499 35
1285 499 35
1822 499 35
1823 499 35
1824 499 35
675 500 35
676 500 35
678 500 35
679 500 35
705 500 35
706 500 35
707 500 35
708 500 35
851 500 35
852 500 35
853 500 35
854 500 35
898 500 35
899 500 35
901 500 35
902 500 35
905 500 35
906 500 35
907 500 35
908 500 35
975 500 35
976 500 35
977 500 35
978 500 35
979 500 35
1032 500 35
1033 500 35
1034 500 35
1035 500 35
1283 500 35
1284 500 35
1285 500 35
1821 500 35
1822 500 35
1823 500 35
1824 500 35
675 501 35
676 501 35
677 501 35
678 501 35
705 501 35
706 501 35
707 501 35
708 501 35
851 501 35
852 501 35
853 501 35
898 501 35
899 501 35
901 501 35
902 501 35
904 501 35
905 501 35
906 501 35
907 501 35
974 501 35
975 501 35
976 501 35
977 501 35
978 501 35
979 501 35
1032 501 35
1033 501 35
1034 501 35
1035 501 35
1283 501 35
1284 501 35
1285 501 35
1821 501 35
1822 501 35
1823 501 35
1824 501 35
675 502 35
676 502 35
677 502 35
678 502 35
705 502 35
706 502 35
707 502 35
708 502 35
850 502 35
851 502 35
852 502 35
853 502 35
899 502 35
900 502 35
901 502 35
904 502 35
905 502 35
906 502 35
907 502 35
974 502 35
975 502 35
976 502 35
977 502 35
978 502 35
1031 502 35
1032 502 35
1033 502 35
1034 502 35
1035 502 35
1282 502 35
1283 502 35
1284 502 35
1285 502 35
1821 502 35
1822 502 35
1823 502 35
1824 502 35
675 503 35
676 503 35
677 503 35
678 503 35
705 503 35
706 503 35
707 503 35
708 503 35
849 503 35
850 503 35
851 503 35
852 503 35
900 503 35
904 503 35
905 503 35
906 503 35
907 503 35
974 503 35
975 503 35
976 503 35
977 503 35
978 503 35
1031 503 35
1032 503 35
1034 503 35
1035 503 35
1282 503 35
1283 503 35
1284 503 35
1285 503 35
1821 503 35
1822 503 35
1823 503 35
1824 503 35
675 504 35
676 504 35
677 504 35
678 504 35
705 504 35
706 504 35
707 504 35
708 504 35
848 504 35
849 504 35
850 504 35
851 504 35
903 504 35
904 504 35
905 504 35
906 504 35
973 504 35
974 504 35
975 504 35
976 504 35
977 504 35
978 504 35
1031 504 35
1032 504 35
1034 504 35
1035 504 35
1282 504 35
1283 504 35
1284 504 35
1285 504 35
1821 504 35
1822 504 35
1823 504 35
1824 504 35
674 505 35
675 505 35
677 505 35
678 505 35
705 505 35
706 505 35
707 505 35
708 505 35
848 505 35
849 505 35
850 505 35
903 505 35
904 505 35
905 505 35
906 505 35
973 505 35
974 505 35
975 505 35
976 505 35
977 505 35
978 505 35
1031 505 35
1032 505 35
1033 505 35
1034 505 35
1035 505 35
1282 505 35
1283 505 35
1284 505 35
1820 505 35
1821 505 35
1822 505 35
1823 505 35
1824 505 35
674 506 35
675 506 35
677 506 35
678 506 35
705 506 35
706 506 35
707 506 35
708 506 35
847 506 35
848 506 35
849 506 35
850 506 35
902 506 35
903 506 35
904 506 35
905 506 35
973 506 35
974 506 35
975 506 35
976 506 35
977 506 35
1031 506 35
1032 506 35
1033 506 35
1034 506 35
1035 506 35
1282 506 35
1283 506 35
1284 506 35
1820 506 35
1821 506 35
1822 506 35
1823 506 35
1824 506 35
674 507 35
675 507 35
676 507 35
677 507 35
704 507 35
705 507 35
706 507 35
707 507 35
708 507 35
846 507 35
847 507 35
848 507 35
849 507 35
902 507 35
903 507 35
904 507 35
905 507 35
972 507 35
973 507 35
974 507 35
975 507 35
976 507 35
977 507 35
1031 507 35
1032 507 35
1033 507 35
1034 507 35
1282 507 35
1283 507 35
1284 507 35
1820 507 35
1821 507 35
1822 507 35
1823 507 35
1824 507 35
674 508 35
675 508 35
676 508 35
677 508 35
704 508 35
705 508 35
706 508 35
707 508 35
845 508 35
846 508 35
847 508 35
848 508 35
901 508 35
902 508 35
903 508 35
904 508 35
972 508 35
973 508 35
974 508 35
975 508 35
976 508 35
977 508 35
1031 508 35
1032 508 35
1033 508 35
1034 508 35
1281 508 35
1282 508 35
1283 508 35
1284 508 35
1820 508 35
1821 508 35
1822 508 35
1823 508 35
1824 508 35
674 509 35
675 509 35
676 509 35
677 509 35
704 509 35
705 509 35
706 509 35
707 509 35
845 509 35
846 509 35
847 509 35
901 509 35
902 509 35
903 509 35
904 509 35
972 509 35
973 509 35
974 509 35
975 509 35
976 509 35
977 509 35
1031 509 35
1032 509 35
1033 509 35
1034 509 35
1281 509 35
1282 509 35
1283 509 35
1820 509 35
1821 509 35
1822 509 35
1823 509 35
674 510 35
675 510 35
676 510 35
704 510 35
705 510 35
706 510 35
707 510 35
844 510 35
845 510 35
846 510 35
847 510 35
900 510 35
901 510 35
902 510 35
903 510 35
972 510 35
973 510 35
974 510 35
975 510 35
976 510 35
1031 510 35
1032 510 35
1033 510 35
1034 510 35
1281 510 35
1282 510 35
1283 510 35
1820 510 35
1821 510 35
1822 510 35
1823 510 35
674 511 35
675 511 35
676 511 35
704 511 35
705 511 35
706 511 35
707 511 35
844 511 35
845 511 35
846 511 35
900 511 35
901 511 35
902 511 35
971 511 35
972 511 35
973 511 35
974 511 35
975 511 35
976 511 35
1031 511 35
1032 511 35
1033 511 35
1034 511 35
1281 511 35
1282 511 35
1283 511 35
1820 511 35
1821 511 35
1822 511 35
1823 511 35
674 512 35
675 512 35
676 512 35
703 512 35
704 512 35
705 512 35
706 512 35
843 512 35
844 512 35
845 512 35
899 512 35
900 512 35
901 512 35
902 512 35
971 512 35
972 512 35
973 512 35
974 512 35
975 512 35
976 512 35
1031 512 35
1032 512 35
1033 512 35
1034 512 35
1281 512 35
1282 512 35
1283 512 35
1820 512 35
1821 512 35
1822 512 35
1823 512 35
674 513 35
675 513 35
676 513 35
703 513 35
704 513 35
705 513 35
706 513 35
842 513 35
843 513 35
844 513 35
845 513 35
899 513 35
900 513 35
901 513 35
971 513 35
972 513 35
973 513 35
974 513 35
975 513 35
1031 513 35
1032 513 35
1033 513 35
1034 513 35
1281 513 35
1282 513 35
1283 513 35
1820 513 35
1821 513 35
1822 513 35
1823 513 35
673 514 35
674 514 35
675 514 35
676 514 35
702 514 35
703 514 35
704 514 35
705 514 35
841 514 35
842 514 35
843 514 35
844 514 35
898 514 35
899 514 35
900 514 35
901 514 35
970 514 35
971 514 35
972 514 35
973 514 35
974 514 35
975 514 35
1031 514 35
1032 514 35
1033 514 35
1034 514 35
1280 514 35
1281 514 35
1282 514 35
1283 514 35
1820 514 35
1821 514 35
1822 514 35
1823 514 35
673 515 35
674 515 35
675 515 35
676 515 35
701 515 35
702 515 35
704 515 35
705 515 35
840 515 35
841 515 35
842 515 35
843 515 35
898 515 35
899 515 35
900 515 35
970 515 35
971 515 35
972 515 35
973 515 35
974 515 35
975 515 35
1031 515 35
1032 515 35
1033 515 35
1034 515 35
1280 515 35
1281 515 35
1282 515 35
1820 515 35
1821 515 35
1822 515 35
1823 515 35
673 516 35
674 516 35
675 516 35
676 516 35
701 516 35
702 516 35
704 516 35
705 516 35
840 516 35
841 516 35
842 516 35
898 516 35
899 516 35
900 516 35
970 516 35
971 516 35
972 516 35
974 516 35
1031 516 35
1032 516 35
1033 516 35
1280 516 35
1281 516 35
1282 516 35
1820 516 35
1821 516 35
1822 516 35
1823 516 35
673 517 35
674 517 35
675 517 35
676 517 35
677 517 35
686 517 35
687 517 35
701 517 35
702 517 35
703 517 35
704 517 35
840 517 35
841 517 35
842 517 35
897 517 35
898 517 35
899 517 35
969 517 35
970 517 35
971 517 35
972 517 35
1030 517 35
1031 517 35
1032 517 35
1033 517 35
1034 517 35
1280 517 35
1281 517 35
1282 517 35
1820 517 35
1821 517 35
1822 517 35
1823 517 35
673 518 35
674 518 35
676 518 35
677 518 35
678 518 35
685 518 35
686 518 35
687 518 35
688 518 35
701 518 35
702 518 35
703 518 35
704 518 35
839 518 35
840 518 35
841 518 35
896 518 35
897 518 35
898 518 35
899 518 35
969 518 35
970 518 35
971 518 35
972 518 35
1029 518 35
1030 518 35
1031 518 35
1033 518 35
1034 518 35
1035 518 35
1280 518 35
1281 518 35
1282 518 35
1820 518 35
1821 518 35
1822 518 35
1823 518 35
674 519 35
675 519 35
678 519 35
679 519 35
684 519 35
685 519 35
687 519 35
688 519 35
701 519 35
702 519 35
703 519 35
704 519 35
838 519 35
839 519 35
840 519 35
841 519 35
896 519 35
897 519 35
898 519 35
969 519 35
970 519 35
971 519 35
972 519 35
1029 519 35
1030 519 35
1034 519 35
1035 519 35
1036 519 35
1279 519 35
1280 519 35
1281 519 35
1282 519 35
1820 519 35
1821 519 35
1822 519 35
1823 519 35
674 520 35
675 520 35
678 520 35
679 520 35
684 520 35
685 520 35
687 520 35
688 520 35
701 520 35
702 520 35
703 520 35
704 520 35
838 520 35
839 520 35
840 520 35
896 520 35
897 520 35
898 520 35
968 520 35
969 520 35
970 520 35
971 520 35
972 520 35
973 520 35
1029 520 35
1030 520 35
1035 520 35
1036 520 35
1037 520 35
1279 520 35
1280 520 35
1281 520 35
1282 520 35
1820 520 35
1821 520 35
1822 520 35
1823 520 35
674 521 35
675 521 35
678 521 35
679 521 35
683 521 35
684 521 35
686 521 35
687 521 35
701 521 35
702 521 35
703 521 35
704 521 35
837 521 35
838 521 35
839 521 35
840 521 35
895 521 35
896 521 35
897 521 35
898 521 35
968 521 35
969 521 35
970 521 35
971 521 35
972 521 35
973 521 35
1029 521 35
1030 521 35
1037 521 35
1038 521 35
1279 521 35
1280 521 35
1281 521 35
1282 521 35
1820 521 35
1821 521 35
1822 521 35
1823 521 35
674 522 35
675 522 35
678 522 35
679 522 35
683 522 35
684 522 35
686 522 35
687 522 35
700 522 35
701 522 35
703 522 35
704 522 35
837 522 35
838 522 35
839 522 35
895 522 35
896 522 35
897 522 35
968 522 35
969 522 35
970 522 35
971 522 35
972 522 35
1029 522 35
1030 522 35
1037 522 35
1038 522 35
1279 522 35
1280 522 35
1281 522 35
1282 522 35
1820 522 35
1821 522 35
1822 522 35
1823 522 35
674 523 35
675 523 35
678 523 35
679 523 35
682 523 35
683 523 35
686 523 35
687 523 35
688 523 35
700 523 35
701 523 35
703 523 35
704 523 35
838 523 35
894 523 35
895 523 35
896 523 35
897 523 35
967 523 35
968 523 35
969 523 35
970 523 35
971 523 35
972 523 35
1029 523 35
1030 523 35
1037 523 35
1038 523 35
1279 523 35
1280 523 35
1281 523 35
1282 523 35
1820 523 35
1821 523 35
1822 523 35
1823 523 35
674 524 35
675 524 35
678 524 35
679 524 35
682 524 35
683 524 35
685 524 35
686 524 35
687 524 35
688 524 35
689 524 35
699 524 35
700 524 35
701 524 35
702 524 35
703 524 35
704 524 35
894 524 35
895 524 35
896 524 35
967 524 35
968 524 35
969 524 35
970 524 35
971 524 35
1029 524 35
1030 524 35
1037 524 35
1038 524 35
1278 524 35
1279 524 35
1281 524 35
1282 524 35
1820 524 35
1821 524 35
1822 524 35
1823 524 35
674 525 35
675 525 35
678 525 35
679 525 35
682 525 35
683 525 35
685 525 35
686 525 35
687 525 35
688 525 35
689 525 35
690 525 35
699 525 35
700 525 35
701 525 35
703 525 35
704 525 35
893 525 35
894 525 35
895 525 35
896 525 35
967 525 35
968 525 35
969 525 35
970 525 35
971 525 35
1030 525 35
1031 525 35
1037 525 35
1038 525 35
1278 525 35
1279 525 35
1281 525 35
1282 525 35
1820 525 35
1821 525 35
1822 525 35
1823 525 35
674 526 35
675 526 35
678 526 35
679 526 35
681 526 35
682 526 35
684 526 35
685 526 35
687 526 35
688 526 35
689 526 35
690 526 35
691 526 35
692 526 35
693 526 35
694 526 35
698 526 35
699 526 35
700 526 35
701 526 35
702 526 35
703 526 35
704 526 35
705 526 35
893 526 35
894 526 35
895 526 35
966 526 35
967 526 35
968 526 35
969 526 35
970 526 35
971 526 35
1030 526 35
1031 526 35
1037 526 35
1038 526 35
1278 526 35
1279 526 35
1281 526 35
1282 526 35
1820 526 35
1821 526 35
1822 526 35
1823 526 35
674 527 35
675 527 35
679 527 35
680 527 35
681 527 35
684 527 35
685 527 35
688 527 35
689 527 35
690 527 35
691 527 35
692 527 35
693 527 35
694 527 35
695 527 35
696 527 35
697 527 35
698 527 35
699 527 35
700 527 35
701 527 35
702 527 35
703 527 35
704 527 35
893 527 35
894 527 35
895 527 35
966 527 35
967 527 35
968 527 35
969 527 35
970 527 35
1030 527 35
1031 527 35
1037 527 35
1038 527 35
1278 527 35
1279 527 35
1281 527 35
1282 527 35
1820 527 35
1821 527 35
1822 527 35
1823 527 35
674 528 35
675 528 35
680 528 35
684 528 35
685 528 35
689 528 35
690 528 35
695 528 35
696 528 35
697 528 35
698 528 35
699 528 35
892 528 35
893 528 35
894 528 35
966 528 35
967 528 35
968 528 35
969 528 35
970 528 35
1030 528 35
1031 528 35
1036 528 35
1037 528 35
1278 528 35
1279 528 35
1280 528 35
1281 528 35
1282 528 35
1820 528 35
1821 528 35
1822 528 35
1823 528 35
674 529 35
675 529 35
681 529 35
682 529 35
683 529 35
684 529 35
688 529 35
689 529 35
694 529 35
695 529 35
696 529 35
697 529 35
892 529 35
893 529 35
894 529 35
965 529 35
966 529 35
967 529 35
968 529 35
969 529 35
1030 529 35
1031 529 35
1036 529 35
1037 529 35
1278 529 35
1279 529 35
1280 529 35
1281 529 35
1282 529 35
1821 529 35
1822 529 35
1823 529 35
674 530 35
675 530 35
679 530 35
680 530 35
681 530 35
682 530 35
683 530 35
689 530 35
690 530 35
693 530 35
694 530 35
695 530 35
696 530 35
891 530 35
892 530 35
893 530 35
894 530 35
965 530 35
966 530 35
967 530 35
968 530 35
969 530 35
1030 530 35
1031 530 35
1036 530 35
1037 530 35
1278 530 35
1279 530 35
1280 530 35
1281 530 35
1282 530 35
1820 530 35
1821 530 35
1822 530 35
1823 530 35
673 531 35
674 531 35
677 531 35
678 531 35
679 531 35
680 531 35
688 531 35
689 531 35
693 531 35
694 531 35
695 531 35
891 531 35
892 531 35
893 531 35
965 531 35
966 531 35
967 531 35
968 531 35
969 531 35
1030 531 35
1031 531 35
1036 531 35
1037 531 35
1278 531 35
1279 531 35
1281 531 35
1282 531 35
1820 531 35
1821 531 35
1822 531 35
1823 531 35
672 532 35
673 532 35
676 532 35
677 532 35
678 532 35
688 532 35
689 532 35
690 532 35
693 532 35
694 532 35
695 532 35
696 532 35
890 532 35
891 532 35
892 532 35
893 532 35
964 532 35
965 532 35
966 532 35
967 532 35
968 532 35
1030 532 35
1031 532 35
1036 532 35
1037 532 35
1278 532 35
1279 532 35
1281 532 35
1282 532 35
1820 532 35
1821 532 35
1822 532 35
1823 532 35
673 533 35
674 533 35
676 533 35
677 533 35
689 533 35
690 533 35
691 533 35
692 533 35
693 533 35
694 533 35
696 533 35
697 533 35
890 533 35
891 533 35
892 533 35
893 533 35
964 533 35
965 533 35
966 533 35
967 533 35
968 533 35
1030 533 35
1031 533 35
1036 533 35
1037 533 35
1278 533 35
1279 533 35
1281 533 35
1282 533 35
1820 533 35
1821 533 35
1822 533 35
1823 533 35
672 534 35
673 534 35
676 534 35
677 534 35
690 534 35
691 534 35
692 534 35
693 534 35
696 534 35
697 534 35
889 534 35
890 534 35
891 534 35
892 534 35
964 534 35
965 534 35
966 534 35
967 534 35
1030 534 35
1031 534 35
1036 534 35
1037 534 35
1278 534 35
1279 534 35
1281 534 35
1282 534 35
1820 534 35
1821 534 35
1822 534 35
1823 534 35
672 535 35
673 535 35
677 535 35
678 535 35
691 535 35
692 535 35
693 535 35
694 535 35
696 535 35
697 535 35
889 535 35
890 535 35
891 535 35
963 535 35
964 535 35
965 535 35
966 535 35
967 535 35
1030 535 35
1031 535 35
1036 535 35
1037 535 35
1278 535 35
1279 535 35
1281 535 35
1282 535 35
1820 535 35
1821 535 35
1822 535 35
1823 535 35
672 536 35
673 536 35
678 536 35
679 536 35
694 536 35
695 536 35
696 536 35
697 536 35
698 536 35
888 536 35
889 536 35
890 536 35
891 536 35
963 536 35
964 536 35
965 536 35
966 536 35
1030 536 35
1031 536 35
1037 536 35
1038 536 35
1278 536 35
1279 536 35
1281 536 35
1282 536 35
1820 536 35
1821 536 35
1822 536 35
1823 536 35
672 537 35
673 537 35
678 537 35
679 537 35
695 537 35
696 537 35
697 537 35
698 537 35
699 537 35
888 537 35
889 537 35
890 537 35
963 537 35
964 537 35
965 537 35
1031 537 35
1032 537 35
1037 537 35
1038 537 35
1278 537 35
1279 537 35
1281 537 35
1282 537 35
1820 537 35
1821 537 35
1822 537 35
1823 537 35
672 538 35
673 538 35
678 538 35
679 538 35
695 538 35
696 538 35
698 538 35
699 538 35
700 538 35
887 538 35
888 538 35
889 538 35
890 538 35
962 538 35
963 538 35
964 538 35
1032 538 35
1033 538 35
1037 538 35
1038 538 35
1278 538 35
1279 538 35
1281 538 35
1282 538 35
1820 538 35
1821 538 35
1822 538 35
1823 538 35
671 539 35
672 539 35
678 539 35
679 539 35
696 539 35
697 539 35
698 539 35
699 539 35
700 539 35
886 539 35
887 539 35
888 539 35
889 539 35
962 539 35
963 539 35
964 539 35
965 539 35
1032 539 35
1033 539 35
1036 539 35
1037 539 35
1278 539 35
1279 539 35
1281 539 35
1282 539 35
1820 539 35
1821 539 35
1822 539 35
1823 539 35
671 540 35
672 540 35
678 540 35
679 540 35
696 540 35
697 540 35
698 540 35
699 540 35
700 540 35
701 540 35
886 540 35
887 540 35
888 540 35
962 540 35
963 540 35
964 540 35
1033 540 35
1034 540 35
1037 540 35
1038 540 35
1278 540 35
1279 540 35
1281 540 35
1282 540 35
1820 540 35
1821 540 35
1822 540 35
1823 540 35
671 541 35
672 541 35
678 541 35
679 541 35
696 541 35
697 541 35
698 541 35
700 541 35
701 541 35
702 541 35
885 541 35
886 541 35
887 541 35
888 541 35
961 541 35
962 541 35
963 541 35
1033 541 35
1034 541 35
1037 541 35
1038 541 35
1278 541 35
1279 541 35
1281 541 35
1282 541 35
1820 541 35
1821 541 35
1822 541 35
1823 541 35
671 542 35
672 542 35
679 542 35
680 542 35
696 542 35
697 542 35
698 542 35
701 542 35
884 542 35
885 542 35
886 542 35
887 542 35
961 542 35
962 542 35
963 542 35
1033 542 35
1034 542 35
1037 542 35
1038 542 35
1278 542 35
1279 542 35
1281 542 35
1282 542 35
1820 542 35
1821 542 35
1822 542 35
1823 542 35
671 543 35
672 543 35
679 543 35
680 543 35
696 543 35
697 543 35
698 543 35
884 543 35
885 543 35
886 543 35
961 543 35
962 543 35
963 543 35
1033 543 35
1034 543 35
1037 543 35
1038 543 35
1278 543 35
1279 543 35
1281 543 35
1282 543 35
1820 543 35
1821 543 35
1822 543 35
1823 543 35
671 544 35
672 544 35
679 544 35
680 544 35
696 544 35
697 544 35
698 544 35
883 544 35
884 544 35
885 544 35
886 544 35
961 544 35
962 544 35
963 544 35
1034 544 35
1035 544 35
1037 544 35
1038 544 35
1277 544 35
1278 544 35
1281 544 35
1282 544 35
1820 544 35
1821 544 35
1822 544 35
1823 544 35
671 545 35
672 545 35
680 545 35
681 545 35
696 545 35
697 545 35
698 545 35
883 545 35
884 545 35
885 545 35
960 545 35
961 545 35
962 545 35
1034 545 35
1035 545 35
1038 545 35
1039 545 35
1277 545 35
1278 545 35
1281 545 35
1282 545 35
1820 545 35
1821 545 35
1822 545 35
671 546 35
672 546 35
680 546 35
681 546 35
696 546 35
697 546 35
698 546 35
699 546 35
882 546 35
883 546 35
884 546 35
885 546 35
960 546 35
961 546 35
962 546 35
1035 546 35
1036 546 35
1038 546 35
1039 546 35
1277 546 35
1278 546 35
1281 546 35
1282 546 35
1820 546 35
1821 546 35
1822 546 35
670 547 35
671 547 35
680 547 35
681 547 35
696 547 35
697 547 35
698 547 35
699 547 35
882 547 35
883 547 35
884 547 35
959 547 35
960 547 35
961 547 35
962 547 35
1035 547 35
1036 547 35
1038 547 35
1039 547 35
1278 547 35
1279 547 35
1281 547 35
1282 547 35
1820 547 35
1821 547 35
1822 547 35
670 548 35
671 548 35
678 548 35
680 548 35
681 548 35
696 548 35
697 548 35
698 548 35
699 548 35
881 548 35
882 548 35
883 548 35
884 548 35
959 548 35
960 548 35
961 548 35
1035 548 35
1036 548 35
1037 548 35
1038 548 35
1278 548 35
1279 548 35
1281 548 35
1282 548 35
1820 548 35
1821 548 35
1822 548 35
670 549 35
671 549 35
676 549 35
677 549 35
678 549 35
679 549 35
680 549 35
696 549 35
697 549 35
698 549 35
699 549 35
880 549 35
881 549 35
882 549 35
883 549 35
958 549 35
959 549 35
960 549 35
961 549 35
1035 549 35
1036 549 35
1037 549 35
1038 549 35
1278 549 35
1279 549 35
1281 549 35
1282 549 35
1819 549 35
1820 549 35
1821 549 35
1822 549 35
670 550 35
671 550 35
675 550 35
676 550 35
677 550 35
679 550 35
696 550 35
697 550 35
698 550 35
699 550 35
880 550 35
881 550 35
882 550 35
958 550 35
959 550 35
960 550 35
961 550 35
1035 550 35
1036 550 35
1037 550 35
1038 550 35
1278 550 35
1279 550 35
1281 550 35
1282 550 35
1819 550 35
1820 550 35
1821 550 35
1822 550 35
669 551 35
670 551 35
673 551 35
674 551 35
675 551 35
696 551 35
697 551 35
698 551 35
699 551 35
879 551 35
880 551 35
881 551 35
882 551 35
957 551 35
958 551 35
959 551 35
960 551 35
1035 551 35
1036 551 35
1037 551 35
1038 551 35
1278 551 35
1279 551 35
1281 551 35
1282 551 35
1819 551 35
1820 551 35
1821 551 35
1822 551 35
669 552 35
670 552 35
672 552 35
673 552 35
674 552 35
696 552 35
697 552 35
698 552 35
699 552 35
879 552 35
880 552 35
881 552 35
957 552 35
958 552 35
959 552 35
960 552 35
1035 552 35
1036 552 35
1037 552 35
1038 552 35
1278 552 35
1279 552 35
1281 552 35
1282 552 35
1819 552 35
1820 552 35
1821 552 35
1822 552 35
669 553 35
670 553 35
672 553 35
673 553 35
696 553 35
697 553 35
698 553 35
699 553 35
878 553 35
879 553 35
880 553 35
881 553 35
957 553 35
958 553 35
959 553 35
960 553 35
1035 553 35
1036 553 35
1037 553 35
1038 553 35
1278 553 35
1279 553 35
1281 553 35
1282 553 35
1818 553 35
1819 553 35
1820 553 35
1821 553 35
669 554 35
670 554 35
672 554 35
673 554 35
696 554 35
697 554 35
698 554 35
699 554 35
878 554 35
879 554 35
880 554 35
957 554 35
958 554 35
959 554 35
1035 554 35
1036 554 35
1037 554 35
1038 554 35
1279 554 35
1280 554 35
1281 554 35
1282 554 35
1818 554 35
1819 554 35
1820 554 35
1821 554 35
668 555 35
669 555 35
672 555 35
673 555 35
697 555 35
698 555 35
699 555 35
700 555 35
877 555 35
878 555 35
879 555 35
880 555 35
956 555 35
957 555 35
958 555 35
959 555 35
1035 555 35
1036 555 35
1037 555 35
1038 555 35
1279 555 35
1280 555 35
1281 555 35
1282 555 35
1818 555 35
1819 555 35
1820 555 35
1821 555 35
668 556 35
669 556 35
672 556 35
673 556 35
698 556 35
699 556 35
876 556 35
877 556 35
878 556 35
879 556 35
956 556 35
957 556 35
958 556 35
959 556 35
1035 556 35
1036 556 35
1037 556 35
1038 556 35
1279 556 35
1280 556 35
1281 556 35
1282 556 35
1818 556 35
1819 556 35
1820 556 35
1821 556 35
668 557 35
669 557 35
672 557 35
673 557 35
875 557 35
876 557 35
877 557 35
878 557 35
956 557 35
957 557 35
958 557 35
1035 557 35
1036 557 35
1037 557 35
1038 557 35
1279 557 35
1280 557 35
1281 557 35
1282 557 35
1818 557 35
1819 557 35
1820 557 35
1821 557 35
668 558 35
669 558 35
672 558 35
673 558 35
679 558 35
680 558 35
874 558 35
875 558 35
876 558 35
877 558 35
955 558 35
956 558 35
957 558 35
958 558 35
1035 558 35
1036 558 35
1037 558 35
1038 558 35
1279 558 35
1280 558 35
1281 558 35
1282 558 35
1818 558 35
1819 558 35
1820 558 35
668 559 35
669 559 35
672 559 35
673 559 35
678 559 35
679 559 35
680 559 35
681 559 35
873 559 35
874 559 35
875 559 35
876 559 35
955 559 35
956 559 35
957 559 35
958 559 35
1035 559 35
1036 559 35
1037 559 35
1038 559 35
1280 559 35
1281 559 35
1282 559 35
1818 559 35
1819 559 35
1820 559 35
668 560 35
669 560 35
671 560 35
672 560 35
678 560 35
679 560 35
680 560 35
681 560 35
872 560 35
873 560 35
874 560 35
875 560 35
955 560 35
956 560 35
957 560 35
1035 560 35
1036 560 35
1037 560 35
1038 560 35
1280 560 35
1281 560 35
1282 560 35
1818 560 35
1819 560 35
1820 560 35
668 561 35
669 561 35
671 561 35
672 561 35
678 561 35
679 561 35
680 561 35
871 561 35
872 561 35
873 561 35
874 561 35
955 561 35
956 561 35
957 561 35
1035 561 35
1036 561 35
1037 561 35
1038 561 35
1280 561 35
1281 561 35
1282 561 35
1817 561 35
1818 561 35
1819 561 35
1820 561 35
667 562 35
668 562 35
670 562 35
671 562 35
677 562 35
678 562 35
679 562 35
680 562 35
870 562 35
871 562 35
872 562 35
873 562 35
955 562 35
956 562 35
957 562 35
1035 562 35
1036 562 35
1037 562 35
1038 562 35
1280 562 35
1281 562 35
1282 562 35
1817 562 35
1818 562 35
1819 562 35
1820 562 35
667 563 35
668 563 35
670 563 35
671 563 35
677 563 35
678 563 35
679 563 35
680 563 35
869 563 35
870 563 35
871 563 35
872 563 35
954 563 35
955 563 35
956 563 35
1035 563 35
1036 563 35
1037 563 35
1038 563 35
1280 563 35
1281 563 35
1282 563 35
1817 563 35
1818 563 35
1819 563 35
1820 563 35
667 564 35
668 564 35
670 564 35
671 564 35
676 564 35
677 564 35
678 564 35
679 564 35
680 564 35
870 564 35
871 564 35
954 564 35
955 564 35
956 564 35
1035 564 35
1036 564 35
1037 564 35
1038 564 35
1280 564 35
1281 564 35
1282 564 35
1817 564 35
1818 564 35
1819 564 35
1820 564 35
667 565 35
668 565 35
670 565 35
671 565 35
676 565 35
677 565 35
678 565 35
679 565 35
680 565 35
954 565 35
955 565 35
956 565 35
1035 565 35
1036 565 35
1037 565 35
1038 565 35
1280 565 35
1281 565 35
1282 565 35
1283 565 35
1817 565 35
1818 565 35
1819 565 35
1820 565 35
667 566 35
668 566 35
670 566 35
671 566 35
675 566 35
676 566 35
677 566 35
678 566 35
679 566 35
680 566 35
953 566 35
954 566 35
955 566 35
956 566 35
1035 566 35
1036 566 35
1037 566 35
1038 566 35
1280 566 35
1281 566 35
1282 566 35
1283 566 35
1817 566 35
1818 566 35
1819 566 35
1820 566 35
667 567 35
668 567 35
670 567 35
671 567 35
674 567 35
675 567 35
676 567 35
677 567 35
678 567 35
679 567 35
680 567 35
953 567 35
954 567 35
955 567 35
1035 567 35
1036 567 35
1037 567 35
1038 567 35
1280 567 35
1281 567 35
1282 567 35
1283 567 35
1817 567 35
1818 567 35
1819 567 35
667 568 35
668 568 35
670 568 35
671 568 35
673 568 35
674 568 35
676 568 35
677 568 35
678 568 35
679 568 35
953 568 35
954 568 35
955 568 35
1035 568 35
1036 568 35
1037 568 35
1038 568 35
1280 568 35
1281 568 35
1282 568 35
1283 568 35
1816 568 35
1817 568 35
1818 568 35
1819 568 35
667 569 35
668 569 35
670 569 35
671 569 35
673 569 35
674 569 35
675 569 35
676 569 35
677 569 35
952 569 35
953 569 35
954 569 35
955 569 35
1035 569 35
1036 569 35
1037 569 35
1038 569 35
1280 569 35
1281 569 35
1282 569 35
1283 569 35
1816 569 35
1817 569 35
1818 569 35
1819 569 35
666 570 35
667 570 35
669 570 35
670 570 35
672 570 35
673 570 35
675 570 35
676 570 35
952 570 35
953 570 35
954 570 35
955 570 35
1035 570 35
1036 570 35
1037 570 35
1038 570 35
1280 570 35
1281 570 35
1282 570 35
1283 570 35
1816 570 35
1817 570 35
1818 570 35
1819 570 35
666 571 35
667 571 35
669 571 35
670 571 35
672 571 35
673 571 35
675 571 35
676 571 35
952 571 35
953 571 35
954 571 35
955 571 35
1035 571 35
1036 571 35
1037 571 35
1280 571 35
1281 571 35
1282 571 35
1283 571 35
1816 571 35
1817 571 35
1818 571 35
666 572 35
667 572 35
669 572 35
670 572 35
671 572 35
672 572 35
674 572 35
675 572 35
951 572 35
952 572 35
953 572 35
954 572 35
955 572 35
1035 572 35
1036 572 35
1037 572 35
1280 572 35
1281 572 35
1282 572 35
1283 572 35
1816 572 35
1817 572 35
1818 572 35
666 573 35
667 573 35
669 573 35
670 573 35
671 573 35
672 573 35
673 573 35
674 573 35
951 573 35
952 573 35
953 573 35
954 573 35
955 573 35
1035 573 35
1036 573 35
1037 573 35
1280 573 35
1281 573 35
1282 573 35
1283 573 35
1816 573 35
1817 573 35
1818 573 35
666 574 35
667 574 35
669 574 35
670 574 35
671 574 35
672 574 35
673 574 35
674 574 35
951 574 35
952 574 35
953 574 35
954 574 35
1034 574 35
1035 574 35
1036 574 35
1037 574 35
1280 574 35
1281 574 35
1282 574 35
1283 574 35
1816 574 35
1817 574 35
1818 574 35
666 575 35
667 575 35
670 575 35
671 575 35
672 575 35
673 575 35
950 575 35
951 575 35
952 575 35
953 575 35
954 575 35
1034 575 35
1035 575 35
1036 575 35
1037 575 35
1280 575 35
1281 575 35
1282 575 35
1283 575 35
1816 575 35
1817 575 35
1818 575 35
666 576 35
667 576 35
670 576 35
671 576 35
672 576 35
950 576 35
951 576 35
952 576 35
953 576 35
954 576 35
1034 576 35
1035 576 35
1036 576 35
1280 576 35
1281 576 35
1282 576 35
1283 576 35
1815 576 35
1816 576 35
1817 576 35
1818 576 35
666 577 35
667 577 35
669 577 35
670 577 35
950 577 35
951 577 35
952 577 35
953 577 35
954 577 35
1034 577 35
1035 577 35
1036 577 35
1280 577 35
1281 577 35
1282 577 35
1283 577 35
1815 577 35
1816 577 35
1817 577 35
665 578 35
666 578 35
669 578 35
670 578 35
950 578 35
951 578 35
952 578 35
953 578 35
1033 578 35
1034 578 35
1035 578 35
1036 578 35
1280 578 35
1281 578 35
1282 578 35
1283 578 35
1815 578 35
1816 578 35
1817 578 35
665 579 35
666 579 35
669 579 35
670 579 35
949 579 35
950 579 35
951 579 35
952 579 35
953 579 35
1033 579 35
1034 579 35
1035 579 35
1036 579 35
1280 579 35
1281 579 35
1282 579 35
1283 579 35
1815 579 35
1816 579 35
1817 579 35
666 580 35
667 580 35
669 580 35
670 580 35
949 580 35
950 580 35
951 580 35
952 580 35
953 580 35
1033 580 35
1034 580 35
1035 580 35
1036 580 35
1279 580 35
1280 580 35
1282 580 35
1283 580 35
1815 580 35
1816 580 35
1817 580 35
667 581 35
668 581 35
669 581 35
670 581 35
949 581 35
950 581 35
951 581 35
952 581 35
1032 581 35
1033 581 35
1034 581 35
1035 581 35
1036 581 35
1279 581 35
1280 581 35
1282 581 35
1283 581 35
1815 581 35
1816 581 35
1817 581 35
667 582 35
668 582 35
669 582 35
670 582 35
948 582 35
949 582 35
950 582 35
951 582 35
952 582 35
1032 582 35
1033 582 35
1034 582 35
1035 582 35
1278 582 35
1279 582 35
1282 582 35
1283 582 35
1815 582 35
1816 582 35
1817 582 35
666 583 35
667 583 35
669 583 35
670 583 35
948 583 35
949 583 35
950 583 35
951 583 35
952 583 35
1032 583 35
1033 583 35
1034 583 35
1035 583 35
1278 583 35
1279 583 35
1282 583 35
1283 583 35
1814 583 35
1815 583 35
1816 583 35
666 584 35
667 584 35
669 584 35
670 584 35
948 584 35
949 584 35
950 584 35
951 584 35
1032 584 35
1033 584 35
1034 584 35
1277 584 35
1278 584 35
1281 584 35
1282 584 35
1814 584 35
1815 584 35
1816 584 35
666 585 35
667 585 35
669 585 35
670 585 35
947 585 35
948 585 35
949 585 35
950 585 35
951 585 35
1031 585 35
1032 585 35
1033 585 35
1277 585 35
1278 585 35
1281 585 35
1282 585 35
1814 585 35
1815 585 35
1816 585 35
666 586 35
667 586 35
669 586 35
670 586 35
947 586 35
948 586 35
949 586 35
950 586 35
951 586 35
1031 586 35
1032 586 35
1033 586 35
1277 586 35
1278 586 35
1281 586 35
1282 586 35
1814 586 35
1815 586 35
1816 586 35
666 587 35
667 587 35
669 587 35
670 587 35
947 587 35
948 587 35
949 587 35
950 587 35
1031 587 35
1032 587 35
1033 587 35
1277 587 35
1278 587 35
1281 587 35
1282 587 35
1814 587 35
1815 587 35
1816 587 35
666 588 35
667 588 35
669 588 35
670 588 35
946 588 35
947 588 35
948 588 35
949 588 35
950 588 35
1030 588 35
1031 588 35
1032 588 35
1033 588 35
1277 588 35
1278 588 35
1281 588 35
1282 588 35
1814 588 35
1815 588 35
1816 588 35
666 589 35
667 589 35
669 589 35
670 589 35
946 589 35
947 589 35
948 589 35
949 589 35
1030 589 35
1031 589 35
1032 589 35
1278 589 35
1279 589 35
1281 589 35
1282 589 35
1814 589 35
1815 589 35
1816 589 35
666 590 35
667 590 35
669 590 35
670 590 35
946 590 35
947 590 35
948 590 35
949 590 35
1030 590 35
1031 590 35
1032 590 35
1279 590 35
1280 590 35
1281 590 35
1814 590 35
1815 590 35
1816 590 35
666 591 35
667 591 35
669 591 35
670 591 35
945 591 35
946 591 35
947 591 35
948 591 35
1030 591 35
1031 591 35
1032 591 35
1279 591 35
1280 591 35
1281 591 35
1813 591 35
1814 591 35
1815 591 35
1816 591 35
666 592 35
667 592 35
669 592 35
670 592 35
945 592 35
946 592 35
947 592 35
948 592 35
1029 592 35
1030 592 35
1031 592 35
1032 592 35
1279 592 35
1280 592 35
1281 592 35
1813 592 35
1814 592 35
1815 592 35
1816 592 35
666 593 35
667 593 35
669 593 35
670 593 35
945 593 35
946 593 35
947 593 35
1029 593 35
1030 593 35
1031 593 35
1032 593 35
1278 593 35
1279 593 35
1280 593 35
1281 593 35
1813 593 35
1814 593 35
1815 593 35
1816 593 35
666 594 35
667 594 35
669 594 35
670 594 35
944 594 35
945 594 35
946 594 35
1029 594 35
1030 594 35
1031 594 35
1278 594 35
1279 594 35
1280 594 35
1281 594 35
1813 594 35
1814 594 35
1815 594 35
1816 594 35
665 595 35
666 595 35
669 595 35
670 595 35
944 595 35
945 595 35
946 595 35
1029 595 35
1030 595 35
1031 595 35
1278 595 35
1279 595 35
1280 595 35
1281 595 35
1813 595 35
1814 595 35
1815 595 35
1816 595 35
665 596 35
666 596 35
669 596 35
670 596 35
945 596 35
1028 596 35
1029 596 35
1030 596 35
1031 596 35
1278 596 35
1279 596 35
1280 596 35
1281 596 35
1813 596 35
1814 596 35
1815 596 35
1816 596 35
664 597 35
665 597 35
669 597 35
670 597 35
1028 597 35
1029 597 35
1030 597 35
1278 597 35
1279 597 35
1280 597 35
1281 597 35
1813 597 35
1814 597 35
1815 597 35
1816 597 35
664 598 35
665 598 35
669 598 35
670 598 35
1028 598 35
1029 598 35
1030 598 35
1278 598 35
1279 598 35
1280 598 35
1281 598 35
1813 598 35
1814 598 35
1815 598 35
1816 598 35
664 599 35
665 599 35
669 599 35
670 599 35
1027 599 35
1028 599 35
1029 599 35
1278 599 35
1279 599 35
1280 599 35
1281 599 35
1813 599 35
1814 599 35
1815 599 35
1816 599 35
664 600 35
665 600 35
669 600 35
670 600 35
1027 600 35
1028 600 35
1029 600 35
1278 600 35
1279 600 35
1280 600 35
1281 600 35
1813 600 35
1814 600 35
1815 600 35
1816 600 35
664 601 35
665 601 35
668 601 35
669 601 35
1026 601 35
1027 601 35
1028 601 35
1029 601 35
1278 601 35
1279 601 35
1280 601 35
1281 601 35
1813 601 35
1814 601 35
1815 601 35
1816 601 35
663 602 35
664 602 35
665 602 35
668 602 35
669 602 35
1026 602 35
1027 602 35
1028 602 35
1029 602 35
1278 602 35
1279 602 35
1280 602 35
1281 602 35
1813 602 35
1814 602 35
1815 602 35
1816 602 35
663 603 35
664 603 35
665 603 35
666 603 35
668 603 35
669 603 35
1026 603 35
1027 603 35
1028 603 35
1278 603 35
1279 603 35
1280 603 35
1281 603 35
1813 603 35
1814 603 35
1815 603 35
1816 603 35
663 604 35
664 604 35
665 604 35
666 604 35
667 604 35
668 604 35
1026 604 35
1027 604 35
1028 604 35
1278 604 35
1279 604 35
1280 604 35
1281 604 35
1813 604 35
1814 604 35
1815 604 35
1816 604 35
663 605 35
664 605 35
665 605 35
666 605 35
667 605 35
668 605 35
1026 605 35
1027 605 35
1028 605 35
1278 605 35
1279 605 35
1280 605 35
1281 605 35
1813 605 35
1814 605 35
1815 605 35
1816 605 35
663 606 35
664 606 35
665 606 35
666 606 35
667 606 35
1026 606 35
1027 606 35
1028 606 35
1278 606 35
1279 606 35
1280 606 35
1281 606 35
1813 606 35
1814 606 35
1815 606 35
1816 606 35
662 607 35
663 607 35
666 607 35
667 607 35
1025 607 35
1026 607 35
1027 607 35
1028 607 35
1278 607 35
1279 607 35
1280 607 35
1281 607 35
1813 607 35
1814 607 35
1815 607 35
1816 607 35
662 608 35
663 608 35
665 608 35
666 608 35
1025 608 35
1026 608 35
1027 608 35
1278 608 35
1279 608 35
1280 608 35
1813 608 35
1814 608 35
1815 608 35
1816 608 35
662 609 35
663 609 35
664 609 35
665 609 35
1025 609 35
1026 609 35
1027 609 35
1278 609 35
1279 609 35
1280 609 35
1813 609 35
1814 609 35
1815 609 35
1816 609 35
661 610 35
662 610 35
664 610 35
665 610 35
1024 610 35
1025 610 35
1026 610 35
1027 610 35
1278 610 35
1279 610 35
1280 610 35
1813 610 35
1814 610 35
1815 610 35
1816 610 35
661 611 35
662 611 35
663 611 35
664 611 35
1024 611 35
1025 611 35
1026 611 35
1027 611 35
1278 611 35
1279 611 35
1280 611 35
1813 611 35
1814 611 35
1815 611 35
1816 611 35
661 612 35
662 612 35
663 612 35
664 612 35
1024 612 35
1025 612 35
1026 612 35
1278 612 35
1279 612 35
1280 612 35
1813 612 35
1814 612 35
1815 612 35
1816 612 35
660 613 35
661 613 35
662 613 35
663 613 35
1024 613 35
1025 613 35
1026 613 35
1278 613 35
1279 613 35
1280 613 35
1813 613 35
1814 613 35
1815 613 35
1816 613 35
660 614 35
661 614 35
662 614 35
663 614 35
1023 614 35
1024 614 35
1025 614 35
1026 614 35
1278 614 35
1279 614 35
1280 614 35
1813 614 35
1814 614 35
1815 614 35
1816 614 35
660 615 35
661 615 35
662 615 35
663 615 35
1023 615 35
1024 615 35
1025 615 35
1026 615 35
1277 615 35
1278 615 35
1279 615 35
1280 615 35
1813 615 35
1814 615 35
1815 615 35
1816 615 35
659 616 35
660 616 35
662 616 35
663 616 35
1023 616 35
1024 616 35
1025 616 35
1026 616 35
1277 616 35
1278 616 35
1279 616 35
1813 616 35
1814 616 35
1815 616 35
1816 616 35
659 617 35
660 617 35
661 617 35
662 617 35
1023 617 35
1024 617 35
1025 617 35
1277 617 35
1278 617 35
1279 617 35
1813 617 35
1814 617 35
1815 617 35
1816 617 35
658 618 35
659 618 35
661 618 35
662 618 35
1023 618 35
1024 618 35
1025 618 35
1277 618 35
1278 618 35
1279 618 35
1813 618 35
1814 618 35
1815 618 35
1816 618 35
658 619 35
659 619 35
660 619 35
661 619 35
1023 619 35
1024 619 35
1025 619 35
1277 619 35
1278 619 35
1279 619 35
1813 619 35
1814 619 35
1815 619 35
1816 619 35
658 620 35
659 620 35
660 620 35
661 620 35
1023 620 35
1024 620 35
1025 620 35
1276 620 35
1277 620 35
1278 620 35
1279 620 35
1813 620 35
1814 620 35
1815 620 35
1816 620 35
657 621 35
658 621 35
660 621 35
661 621 35
1023 621 35
1024 621 35
1025 621 35
1276 621 35
1277 621 35
1278 621 35
1279 621 35
1813 621 35
1814 621 35
1815 621 35
1816 621 35
657 622 35
658 622 35
660 622 35
661 622 35
1023 622 35
1024 622 35
1025 622 35
1276 622 35
1277 622 35
1278 622 35
1813 622 35
1814 622 35
1815 622 35
1816 622 35
657 623 35
658 623 35
660 623 35
661 623 35
1023 623 35
1024 623 35
1025 623 35
1275 623 35
1276 623 35
1277 623 35
1278 623 35
1813 623 35
1814 623 35
1815 623 35
1816 623 35
656 624 35
657 624 35
659 624 35
660 624 35
1023 624 35
1024 624 35
1025 624 35
1275 624 35
1276 624 35
1277 624 35
1813 624 35
1814 624 35
1815 624 35
1816 624 35
656 625 35
657 625 35
658 625 35
659 625 35
1023 625 35
1024 625 35
1025 625 35
1274 625 35
1275 625 35
1276 625 35
1277 625 35
1813 625 35
1814 625 35
1815 625 35
1816 625 35
656 626 35
657 626 35
658 626 35
1023 626 35
1024 626 35
1025 626 35
1273 626 35
1274 626 35
1275 626 35
1276 626 35
1813 626 35
1814 626 35
1815 626 35
1816 626 35
657 627 35
1022 627 35
1023 627 35
1024 627 35
1025 627 35
1273 627 35
1274 627 35
1275 627 35
1813 627 35
1814 627 35
1815 627 35
1816 627 35
1022 628 35
1023 628 35
1024 628 35
1025 628 35
1272 628 35
1273 628 35
1274 628 35
1275 628 35
1814 628 35
1815 628 35
1022 629 35
1023 629 35
1024 629 35
1025 629 35
1272 629 35
1273 629 35
1274 629 35
1022 630 35
1023 630 35
1024 630 35
1025 630 35
1272 630 35
1273 630 35
1274 630 35
1022 631 35
1023 631 35
1024 631 35
1025 631 35
1271 631 35
1272 631 35
1273 631 35
1274 631 35
1022 632 35
1023 632 35
1024 632 35
1025 632 35
1271 632 35
1272 632 35
1273 632 35
1274 632 35
1022 633 35
1023 633 35
1024 633 35
1025 633 35
1271 633 35
1272 633 35
1273 633 35
1274 633 35
1022 634 35
1023 634 35
1024 634 35
1025 634 35
1271 634 35
1272 634 35
1273 634 35
1274 634 35
1022 635 35
1023 635 35
1024 635 35
1025 635 35
1271 635 35
1272 635 35
1273 635 35
1274 635 35
1022 636 35
1023 636 35
1024 636 35
1025 636 35
1271 636 35
1272 636 35
1273 636 35
1274 636 35
1022 637 35
1023 637 35
1024 637 35
1025 637 35
1270 637 35
1271 637 35
1273 637 35
1274 637 35
1022 638 35
1023 638 35
1024 638 35
1025 638 35
1270 638 35
1271 638 35
1273 638 35
1274 638 35
1022 639 35
1023 639 35
1024 639 35
1025 639 35
1270 639 35
1271 639 35
1273 639 35
1274 639 35
1022 640 35
1023 640 35
1024 640 35
1025 640 35
1270 640 35
1271 640 35
1272 640 35
1273 640 35
1022 641 35
1023 641 35
1024 641 35
1025 641 35
1270 641 35
1271 641 35
1272 641 35
1273 641 35
1022 642 35
1023 642 35
1024 642 35
1025 642 35
1269 642 35
1270 642 35
1272 642 35
1273 642 35
1022 643 35
1023 643 35
1024 643 35
1025 643 35
1269 643 35
1270 643 35
1272 643 35
1273 643 35
1022 644 35
1023 644 35
1024 644 35
1025 644 35
1269 644 35
1270 644 35
1271 644 35
1272 644 35
1022 645 35
1023 645 35
1024 645 35
1025 645 35
1269 645 35
1270 645 35
1271 645 35
1272 645 35
1022 646 35
1023 646 35
1024 646 35
1025 646 35
1268 646 35
1269 646 35
1270 646 35
1271 646 35
1022 647 35
1023 647 35
1024 647 35
1025 647 35
1268 647 35
1269 647 35
1270 647 35
1271 647 35
1022 648 35
1023 648 35
1024 648 35
1266 648 35
1267 648 35
1268 648 35
1270 648 35
1271 648 35
1022 649 35
1023 649 35
1024 649 35
1265 649 35
1266 649 35
1267 649 35
1269 649 35
1270 649 35
1022 650 35
1023 650 35
1024 650 35
1264 650 35
1265 650 35
1266 650 35
1267 650 35
1268 650 35
1269 650 35
1270 650 35
1021 651 35
1022 651 35
1023 651 35
1024 651 35
1264 651 35
1265 651 35
1266 651 35
1267 651 35
1268 651 35
1269 651 35
1021 652 35
1022 652 35
1023 652 35
1024 652 35
1264 652 35
1265 652 35
1266 652 35
1267 652 35
1268 652 35
1021 653 35
1022 653 35
1023 653 35
1264 653 35
1265 653 35
1266 653 35
1267 653 35
1021 654 35
1022 654 35
1023 654 35
1265 654 35
1266 654 35
1021 655 35
1022 655 35
1023 655 35
1021 656 35
1022 656 35
1023 656 35
1020 657 35
1021 657 35
1022 657 35
1023 657 35
1020 658 35
1021 658 35
1022 658 35
1023 658 35
1020 659 35
1021 659 35
1022 659 35
1023 659 35
1020 660 35
1021 660 35
1022 660 35
1023 660 35
1020 661 35
1021 661 35
1022 661 35
1023 661 35
1020 662 35
1021 662 35
1022 662 35
1023 662 35
1021 663 35
1022 663 35
1023 663 35
1022 664 35
