1894 323 25
1895 323 25
1896 323 25
1897 323 25
1891 324 25
1892 324 25
1893 324 25
1894 324 25
1895 324 25
1896 324 25
1897 324 25
1898 324 25
693 325 25
1888 325 25
1889 325 25
1890 325 25
1891 325 25
1892 325 25
1893 325 25
1898 325 25
1899 325 25
692 326 25
693 326 25
694 326 25
1886 326 25
1887 326 25
1888 326 25
1889 326 25
1890 326 25
1899 326 25
1900 326 25
690 327 25
691 327 25
692 327 25
693 327 25
694 327 25
1885 327 25
1886 327 25
1887 327 25
1899 327 25
1900 327 25
689 328 25
690 328 25
691 328 25
692 328 25
693 328 25
1883 328 25
1884 328 25
1885 328 25
1896 328 25
1897 328 25
1898 328 25
1899 328 25
688 329 25
689 329 25
691 329 25
692 329 25
1881 329 25
1882 329 25
1883 329 25
1884 329 25
1893 329 25
1894 329 25
1895 329 25
1896 329 25
1897 329 25
1898 329 25
686 330 25
687 330 25
688 330 25
689 330 25
690 330 25
691 330 25
1880 330 25
1881 330 25
1882 330 25
1890 330 25
1891 330 25
1892 330 25
1893 330 25
1894 330 25
1895 330 25
685 331 25
686 331 25
687 331 25
688 331 25
689 331 25
690 331 25
1879 331 25
1880 331 25
1888 331 25
1889 331 25
1890 331 25
1891 331 25
1892 331 25
684 332 25
685 332 25
687 332 25
688 332 25
1878 332 25
1879 332 25
1886 332 25
1887 332 25
1888 332 25
1889 332 25
683 333 25
684 333 25
686 333 25
687 333 25
1877 333 25
1878 333 25
1885 333 25
1886 333 25
1887 333 25
682 334 25
683 334 25
685 334 25
686 334 25
1876 334 25
1877 334 25
1883 334 25
1884 334 25
1885 334 25
681 335 25
682 335 25
683 335 25
684 335 25
685 335 25
1874 335 25
1875 335 25
1876 335 25
1882 335 25
1883 335 25
1884 335 25
679 336 25
680 336 25
681 336 25
682 336 25
683 336 25
684 336 25
1873 336 25
1874 336 25
1875 336 25
1881 336 25
1882 336 25
678 337 25
679 337 25
680 337 25
681 337 25
682 337 25
1872 337 25
1873 337 25
1880 337 25
1881 337 25
678 338 25
679 338 25
680 338 25
681 338 25
1870 338 25
1871 338 25
1872 338 25
1879 338 25
1880 338 25
677 339 25
678 339 25
679 339 25
1868 339 25
1869 339 25
1870 339 25
1871 339 25
1878 339 25
1879 339 25
676 340 25
677 340 25
678 340 25
679 340 25
1867 340 25
1868 340 25
1869 340 25
1876 340 25
1877 340 25
1878 340 25
675 341 25
676 341 25
677 341 25
678 341 25
1865 341 25
1866 341 25
1867 341 25
1875 341 25
1876 341 25
1877 341 25
674 342 25
675 342 25
676 342 25
677 342 25
1864 342 25
1865 342 25
1866 342 25
1874 342 25
1875 342 25
673 343 25
674 343 25
675 343 25
676 343 25
1862 343 25
1863 343 25
1864 343 25
1872 343 25
1873 343 25
1874 343 25
672 344 25
673 344 25
674 344 25
675 344 25
1860 344 25
1861 344 25
1862 344 25
1863 344 25
1870 344 25
1871 344 25
1872 344 25
1873 344 25
671 345 25
672 345 25
674 345 25
675 345 25
1859 345 25
1860 345 25
1861 345 25
1869 345 25
1870 345 25
1871 345 25
669 346 25
670 346 25
671 346 25
673 346 25
674 346 25
675 346 25
1857 346 25
1858 346 25
1859 346 25
1867 346 25
1868 346 25
1869 346 25
668 347 25
669 347 25
670 347 25
671 347 25
672 347 25
673 347 25
674 347 25
1856 347 25
1857 347 25
1858 347 25
1866 347 25
1867 347 25
1868 347 25
667 348 25
668 348 25
669 348 25
670 348 25
671 348 25
672 348 25
1088 348 25
1089 348 25
1090 348 25
1091 348 25
1092 348 25
1093 348 25
1094 348 25
1095 348 25
1096 348 25
1855 348 25
1856 348 25
1864 348 25
1865 348 25
1866 348 25
665 349 25
666 349 25
667 349 25
668 349 25
669 349 25
670 349 25
1083 349 25
1084 349 25
1085 349 25
1086 349 25
1087 349 25
1088 349 25
1089 349 25
1090 349 25
1091 349 25
1092 349 25
1093 349 25
1094 349 25
1095 349 25
1096 349 25
1097 349 25
1851 349 25
1852 349 25
1853 349 25
1854 349 25
1855 349 25
1862 349 25
1863 349 25
1864 349 25
1865 349 25
664 350 25
665 350 25
666 350 25
667 350 25
668 350 25
1081 350 25
1082 350 25
1083 350 25
1084 350 25
1085 350 25
1086 350 25
1087 350 25
1097 350 25
1098 350 25
1850 350 25
1851 350 25
1852 350 25
1853 350 25
1854 350 25
1861 350 25
1862 350 25
1863 350 25
663 351 25
664 351 25
666 351 25
667 351 25
1080 351 25
1081 351 25
1082 351 25
1089 351 25
1090 351 25
1091 351 25
1092 351 25
1093 351 25
1094 351 25
1095 351 25
1096 351 25
1097 351 25
1848 351 25
1849 351 25
1850 351 25
1859 351 25
1860 351 25
1861 351 25
661 352 25
662 352 25
663 352 25
664 352 25
665 352 25
666 352 25
1078 352 25
1079 352 25
1080 352 25
1084 352 25
1085 352 25
1086 352 25
1087 352 25
1088 352 25
1089 352 25
1090 352 25
1091 352 25
1092 352 25
1093 352 25
1094 352 25
1095 352 25
1096 352 25
1845 352 25
1846 352 25
1847 352 25
1848 352 25
1849 352 25
1857 352 25
1858 352 25
1859 352 25
1860 352 25
660 353 25
661 353 25
662 353 25
663 353 25
664 353 25
665 353 25
1077 353 25
1078 353 25
1079 353 25
1082 353 25
1083 353 25
1084 353 25
1085 353 25
1086 353 25
1087 353 25
1088 353 25
1843 353 25
1844 353 25
1845 353 25
1846 353 25
1847 353 25
1855 353 25
1856 353 25
1857 353 25
1858 353 25
659 354 25
660 354 25
661 354 25
662 354 25
663 354 25
1077 354 25
1078 354 25
1081 354 25
1082 354 25
1083 354 25
1310 354 25
1841 354 25
1842 354 25
1843 354 25
1844 354 25
1853 354 25
1854 354 25
1855 354 25
1856 354 25
657 355 25
658 355 25
659 355 25
660 355 25
661 355 25
662 355 25
1076 355 25
1077 355 25
1080 355 25
1081 355 25
1307 355 25
1308 355 25
1309 355 25
1310 355 25
1311 355 25
1839 355 25
1840 355 25
1841 355 25
1842 355 25
1850 355 25
1851 355 25
1852 355 25
1853 355 25
1854 355 25
656 356 25
657 356 25
658 356 25
659 356 25
660 356 25
1076 356 25
1077 356 25
1079 356 25
1080 356 25
1306 356 25
1307 356 25
1308 356 25
1309 356 25
1310 356 25
1836 356 25
1837 356 25
1838 356 25
1839 356 25
1840 356 25
1848 356 25
1849 356 25
1850 356 25
1851 356 25
1852 356 25
654 357 25
655 357 25
656 357 25
657 357 25
658 357 25
659 357 25
1075 357 25
1076 357 25
1079 357 25
1080 357 25
1305 357 25
1306 357 25
1307 357 25
1308 357 25
1309 357 25
1834 357 25
1835 357 25
1836 357 25
1837 357 25
1838 357 25
1847 357 25
1848 357 25
1849 357 25
653 358 25
654 358 25
655 358 25
656 358 25
657 358 25
1074 358 25
1075 358 25
1078 358 25
1079 358 25
1304 358 25
1305 358 25
1306 358 25
1832 358 25
1833 358 25
1834 358 25
1835 358 25
1845 358 25
1846 358 25
1847 358 25
653 359 25
654 359 25
655 359 25
656 359 25
1071 359 25
1072 359 25
1073 359 25
1074 359 25
1077 359 25
1078 359 25
1300 359 25
1301 359 25
1302 359 25
1303 359 25
1305 359 25
1830 359 25
1831 359 25
1832 359 25
1833 359 25
1843 359 25
1844 359 25
1845 359 25
1846 359 25
652 360 25
653 360 25
654 360 25
655 360 25
1062 360 25
1063 360 25
1064 360 25
1065 360 25
1066 360 25
1067 360 25
1068 360 25
1069 360 25
1070 360 25
1071 360 25
1072 360 25
1073 360 25
1076 360 25
1077 360 25
1299 360 25
1300 360 25
1301 360 25
1302 360 25
1303 360 25
1304 360 25
1828 360 25
1829 360 25
1830 360 25
1831 360 25
1840 360 25
1841 360 25
1842 360 25
1843 360 25
1844 360 25
652 361 25
653 361 25
654 361 25
1054 361 25
1055 361 25
1056 361 25
1057 361 25
1058 361 25
1059 361 25
1060 361 25
1061 361 25
1062 361 25
1063 361 25
1064 361 25
1065 361 25
1066 361 25
1067 361 25
1068 361 25
1069 361 25
1070 361 25
1074 361 25
1075 361 25
1076 361 25
1298 361 25
1299 361 25
1304 361 25
1305 361 25
1827 361 25
1828 361 25
1829 361 25
1837 361 25
1838 361 25
1839 361 25
1840 361 25
1841 361 25
1842 361 25
651 362 25
652 362 25
653 362 25
654 362 25
1048 362 25
1049 362 25
1050 362 25
1051 362 25
1052 362 25
1053 362 25
1054 362 25
1055 362 25
1056 362 25
1057 362 25
1058 362 25
1059 362 25
1060 362 25
1061 362 25
1072 362 25
1073 362 25
1074 362 25
1075 362 25
1297 362 25
1298 362 25
1301 362 25
1302 362 25
1303 362 25
1304 362 25
1825 362 25
1826 362 25
1827 362 25
1835 362 25
1836 362 25
1837 362 25
1838 362 25
1839 362 25
651 363 25
652 363 25
653 363 25
1047 363 25
1048 363 25
1049 363 25
1050 363 25
1051 363 25
1052 363 25
1053 363 25
1061 363 25
1062 363 25
1063 363 25
1064 363 25
1065 363 25
1066 363 25
1067 363 25
1068 363 25
1069 363 25
1070 363 25
1071 363 25
1072 363 25
1073 363 25
1296 363 25
1297 363 25
1300 363 25
1301 363 25
1302 363 25
1303 363 25
1824 363 25
1825 363 25
1826 363 25
1833 363 25
1834 363 25
1835 363 25
1836 363 25
651 364 25
652 364 25
653 364 25
856 364 25
1046 364 25
1047 364 25
1054 364 25
1055 364 25
1056 364 25
1057 364 25
1058 364 25
1059 364 25
1060 364 25
1061 364 25
1062 364 25
1063 364 25
1064 364 25
1065 364 25
1066 364 25
1067 364 25
1068 364 25
1069 364 25
1070 364 25
1071 364 25
1295 364 25
1296 364 25
1300 364 25
1301 364 25
1822 364 25
1823 364 25
1824 364 25
1832 364 25
1833 364 25
1834 364 25
651 365 25
652 365 25
653 365 25
854 365 25
855 365 25
856 365 25
857 365 25
1044 365 25
1045 365 25
1046 365 25
1053 365 25
1054 365 25
1055 365 25
1056 365 25
1057 365 25
1058 365 25
1059 365 25
1060 365 25
1294 365 25
1295 365 25
1299 365 25
1300 365 25
1820 365 25
1821 365 25
1822 365 25
1823 365 25
1830 365 25
1831 365 25
1832 365 25
651 366 25
652 366 25
653 366 25
853 366 25
854 366 25
855 366 25
856 366 25
857 366 25
920 366 25
921 366 25
1042 366 25
1043 366 25
1044 366 25
1045 366 25
1052 366 25
1053 366 25
1293 366 25
1294 366 25
1298 366 25
1299 366 25
1818 366 25
1819 366 25
1820 366 25
1821 366 25
1828 366 25
1829 366 25
1830 366 25
1831 366 25
651 367 25
652 367 25
653 367 25
654 367 25
655 367 25
852 367 25
853 367 25
856 367 25
857 367 25
919 367 25
920 367 25
921 367 25
922 367 25
1041 367 25
1042 367 25
1043 367 25
1052 367 25
1053 367 25
1292 367 25
1293 367 25
1297 367 25
1298 367 25
1817 367 25
1818 367 25
1819 367 25
1827 367 25
1828 367 25
1829 367 25
652 368 25
653 368 25
654 368 25
655 368 25
656 368 25
852 368 25
853 368 25
856 368 25
857 368 25
919 368 25
920 368 25
921 368 25
1040 368 25
1041 368 25
1051 368 25
1052 368 25
1291 368 25
1292 368 25
1295 368 25
1296 368 25
1297 368 25
1815 368 25
1816 368 25
1817 368 25
1826 368 25
1827 368 25
653 369 25
654 369 25
655 369 25
656 369 25
657 369 25
852 369 25
853 369 25
856 369 25
857 369 25
918 369 25
919 369 25
920 369 25
921 369 25
1039 369 25
1040 369 25
1049 369 25
1050 369 25
1051 369 25
1291 369 25
1292 369 25
1294 369 25
1295 369 25
1296 369 25
1814 369 25
1815 369 25
1816 369 25
1824 369 25
1825 369 25
1826 369 25
655 370 25
656 370 25
657 370 25
658 370 25
851 370 25
852 370 25
855 370 25
856 370 25
918 370 25
919 370 25
920 370 25
921 370 25
1039 370 25
1040 370 25
1047 370 25
1048 370 25
1049 370 25
1050 370 25
1290 370 25
1291 370 25
1294 370 25
1295 370 25
1813 370 25
1814 370 25
1822 370 25
1823 370 25
1824 370 25
1825 370 25
656 371 25
657 371 25
658 371 25
659 371 25
851 371 25
852 371 25
855 371 25
856 371 25
917 371 25
918 371 25
919 371 25
920 371 25
1038 371 25
1039 371 25
1045 371 25
1046 371 25
1047 371 25
1048 371 25
1290 371 25
1291 371 25
1293 371 25
1294 371 25
1811 371 25
1812 371 25
1813 371 25
1820 371 25
1821 371 25
1822 371 25
1823 371 25
657 372 25
658 372 25
659 372 25
660 372 25
851 372 25
852 372 25
855 372 25
856 372 25
916 372 25
917 372 25
919 372 25
920 372 25
1037 372 25
1038 372 25
1044 372 25
1045 372 25
1046 372 25
1289 372 25
1290 372 25
1293 372 25
1294 372 25
1810 372 25
1811 372 25
1812 372 25
1819 372 25
1820 372 25
1821 372 25
658 373 25
659 373 25
660 373 25
661 373 25
662 373 25
851 373 25
852 373 25
855 373 25
856 373 25
915 373 25
916 373 25
919 373 25
920 373 25
1037 373 25
1038 373 25
1043 373 25
1044 373 25
1289 373 25
1290 373 25
1292 373 25
1293 373 25
1809 373 25
1810 373 25
1817 373 25
1818 373 25
1819 373 25
659 374 25
660 374 25
661 374 25
662 374 25
663 374 25
851 374 25
852 374 25
855 374 25
856 374 25
915 374 25
916 374 25
918 374 25
919 374 25
986 374 25
1037 374 25
1038 374 25
1043 374 25
1044 374 25
1289 374 25
1290 374 25
1292 374 25
1293 374 25
1808 374 25
1809 374 25
1816 374 25
1817 374 25
1818 374 25
659 375 25
660 375 25
662 375 25
663 375 25
851 375 25
852 375 25
855 375 25
856 375 25
915 375 25
916 375 25
918 375 25
919 375 25
984 375 25
985 375 25
986 375 25
987 375 25
1036 375 25
1037 375 25
1042 375 25
1043 375 25
1289 375 25
1290 375 25
1292 375 25
1293 375 25
1807 375 25
1808 375 25
1815 375 25
1816 375 25
660 376 25
661 376 25
662 376 25
663 376 25
851 376 25
852 376 25
855 376 25
856 376 25
915 376 25
916 376 25
918 376 25
919 376 25
983 376 25
984 376 25
985 376 25
987 376 25
988 376 25
1036 376 25
1037 376 25
1042 376 25
1043 376 25
1288 376 25
1289 376 25
1292 376 25
1293 376 25
1806 376 25
1807 376 25
1813 376 25
1814 376 25
1815 376 25
660 377 25
661 377 25
662 377 25
663 377 25
852 377 25
853 377 25
855 377 25
856 377 25
915 377 25
916 377 25
919 377 25
920 377 25
983 377 25
984 377 25
987 377 25
988 377 25
1036 377 25
1037 377 25
1042 377 25
1043 377 25
1288 377 25
1289 377 25
1291 377 25
1292 377 25
1806 377 25
1807 377 25
1812 377 25
1813 377 25
1814 377 25
660 378 25
661 378 25
662 378 25
663 378 25
852 378 25
853 378 25
855 378 25
856 378 25
915 378 25
916 378 25
917 378 25
918 378 25
919 378 25
920 378 25
921 378 25
984 378 25
985 378 25
987 378 25
988 378 25
1037 378 25
1038 378 25
1041 378 25
1042 378 25
1288 378 25
1289 378 25
1291 378 25
1292 378 25
1805 378 25
1806 378 25
1811 378 25
1812 378 25
660 379 25
661 379 25
662 379 25
663 379 25
852 379 25
853 379 25
855 379 25
856 379 25
915 379 25
916 379 25
917 379 25
918 379 25
919 379 25
920 379 25
921 379 25
985 379 25
986 379 25
987 379 25
988 379 25
1033 379 25
1034 379 25
1035 379 25
1036 379 25
1037 379 25
1040 379 25
1041 379 25
1288 379 25
1289 379 25
1291 379 25
1292 379 25
1805 379 25
1806 379 25
1810 379 25
1811 379 25
660 380 25
661 380 25
662 380 25
663 380 25
853 380 25
854 380 25
855 380 25
856 380 25
916 380 25
918 380 25
919 380 25
920 380 25
921 380 25
985 380 25
986 380 25
987 380 25
988 380 25
1032 380 25
1033 380 25
1034 380 25
1035 380 25
1036 380 25
1038 380 25
1039 380 25
1040 380 25
1288 380 25
1289 380 25
1291 380 25
1292 380 25
1805 380 25
1806 380 25
1810 380 25
1811 380 25
660 381 25
661 381 25
662 381 25
663 381 25
853 381 25
854 381 25
855 381 25
856 381 25
919 381 25
920 381 25
985 381 25
986 381 25
987 381 25
988 381 25
1030 381 25
1031 381 25
1032 381 25
1036 381 25
1037 381 25
1038 381 25
1039 381 25
1288 381 25
1289 381 25
1291 381 25
1292 381 25
1804 381 25
1805 381 25
1810 381 25
1811 381 25
660 382 25
661 382 25
662 382 25
663 382 25
853 382 25
854 382 25
855 382 25
856 382 25
919 382 25
920 382 25
921 382 25
985 382 25
986 382 25
987 382 25
988 382 25
1029 382 25
1030 382 25
1031 382 25
1034 382 25
1035 382 25
1036 382 25
1037 382 25
1288 382 25
1289 382 25
1291 382 25
1292 382 25
1803 382 25
1804 382 25
1809 382 25
1810 382 25
660 383 25
661 383 25
662 383 25
663 383 25
853 383 25
854 383 25
856 383 25
857 383 25
919 383 25
920 383 25
921 383 25
985 383 25
986 383 25
987 383 25
988 383 25
1027 383 25
1028 383 25
1029 383 25
1032 383 25
1033 383 25
1034 383 25
1035 383 25
1287 383 25
1288 383 25
1289 383 25
1291 383 25
1292 383 25
1803 383 25
1804 383 25
1809 383 25
1810 383 25
660 384 25
661 384 25
662 384 25
663 384 25
853 384 25
854 384 25
856 384 25
857 384 25
919 384 25
920 384 25
921 384 25
985 384 25
986 384 25
987 384 25
1026 384 25
1027 384 25
1028 384 25
1029 384 25
1030 384 25
1031 384 25
1032 384 25
1033 384 25
1286 384 25
1287 384 25
1288 384 25
1290 384 25
1291 384 25
1802 384 25
1803 384 25
1808 384 25
1809 384 25
660 385 25
661 385 25
662 385 25
663 385 25
853 385 25
854 385 25
856 385 25
857 385 25
919 385 25
920 385 25
921 385 25
985 385 25
986 385 25
987 385 25
1025 385 25
1026 385 25
1028 385 25
1029 385 25
1030 385 25
1031 385 25
1286 385 25
1287 385 25
1290 385 25
1291 385 25
1802 385 25
1803 385 25
1807 385 25
1808 385 25
659 386 25
660 386 25
662 386 25
663 386 25
853 386 25
854 386 25
855 386 25
856 386 25
857 386 25
919 386 25
920 386 25
921 386 25
985 386 25
986 386 25
987 386 25
1024 386 25
1025 386 25
1027 386 25
1028 386 25
1286 386 25
1287 386 25
1288 386 25
1290 386 25
1291 386 25
1801 386 25
1802 386 25
1807 386 25
1808 386 25
659 387 25
660 387 25
662 387 25
663 387 25
853 387 25
854 387 25
855 387 25
856 387 25
857 387 25
919 387 25
920 387 25
921 387 25
985 387 25
986 387 25
987 387 25
1024 387 25
1025 387 25
1026 387 25
1027 387 25
1287 387 25
1288 387 25
1289 387 25
1290 387 25
1291 387 25
1801 387 25
1802 387 25
1806 387 25
1807 387 25
659 388 25
660 388 25
662 388 25
663 388 25
853 388 25
854 388 25
855 388 25
856 388 25
857 388 25
919 388 25
920 388 25
921 388 25
985 388 25
986 388 25
987 388 25
1023 388 25
1024 388 25
1026 388 25
1027 388 25
1287 388 25
1288 388 25
1290 388 25
1291 388 25
1801 388 25
1802 388 25
1806 388 25
1807 388 25
659 389 25
660 389 25
661 389 25
662 389 25
853 389 25
854 389 25
855 389 25
856 389 25
918 389 25
919 389 25
920 389 25
921 389 25
984 389 25
985 389 25
986 389 25
987 389 25
1023 389 25
1024 389 25
1026 389 25
1027 389 25
1287 389 25
1288 389 25
1290 389 25
1291 389 25
1801 389 25
1802 389 25
1806 389 25
1807 389 25
659 390 25
660 390 25
661 390 25
662 390 25
853 390 25
854 390 25
855 390 25
856 390 25
918 390 25
919 390 25
920 390 25
921 390 25
984 390 25
985 390 25
986 390 25
1023 390 25
1024 390 25
1026 390 25
1027 390 25
1287 390 25
1288 390 25
1290 390 25
1291 390 25
1801 390 25
1802 390 25
1806 390 25
1807 390 25
659 391 25
660 391 25
661 391 25
662 391 25
853 391 25
854 391 25
855 391 25
918 391 25
919 391 25
920 391 25
921 391 25
984 391 25
985 391 25
986 391 25
1023 391 25
1024 391 25
1026 391 25
1027 391 25
1287 391 25
1288 391 25
1290 391 25
1291 391 25
1801 391 25
1802 391 25
1806 391 25
1807 391 25
659 392 25
660 392 25
661 392 25
662 392 25
852 392 25
853 392 25
854 392 25
855 392 25
918 392 25
919 392 25
920 392 25
921 392 25
984 392 25
985 392 25
986 392 25
1023 392 25
1024 392 25
1026 392 25
1027 392 25
1287 392 25
1288 392 25
1289 392 25
1290 392 25
1801 392 25
1802 392 25
1806 392 25
1807 392 25
659 393 25
660 393 25
661 393 25
662 393 25
852 393 25
853 393 25
854 393 25
855 393 25
918 393 25
919 393 25
920 393 25
921 393 25
983 393 25
984 393 25
985 393 25
986 393 25
1023 393 25
1024 393 25
1026 393 25
1027 393 25
1286 393 25
1287 393 25
1289 393 25
1290 393 25
1802 393 25
1803 393 25
1805 393 25
1806 393 25
659 394 25
660 394 25
661 394 25
662 394 25
852 394 25
853 394 25
854 394 25
855 394 25
918 394 25
919 394 25
920 394 25
983 394 25
984 394 25
985 394 25
986 394 25
1023 394 25
1024 394 25
1026 394 25
1027 394 25
1286 394 25
1287 394 25
1289 394 25
1290 394 25
1803 394 25
1804 394 25
1805 394 25
1806 394 25
1807 394 25
1808 394 25
1809 394 25
659 395 25
660 395 25
661 395 25
662 395 25
852 395 25
853 395 25
854 395 25
855 395 25
918 395 25
919 395 25
920 395 25
983 395 25
984 395 25
985 395 25
986 395 25
1023 395 25
1024 395 25
1026 395 25
1027 395 25
1286 395 25
1287 395 25
1289 395 25
1290 395 25
1804 395 25
1806 395 25
1807 395 25
1808 395 25
1809 395 25
1810 395 25
659 396 25
660 396 25
661 396 25
662 396 25
852 396 25
853 396 25
854 396 25
917 396 25
918 396 25
919 396 25
920 396 25
983 396 25
984 396 25
985 396 25
1023 396 25
1024 396 25
1026 396 25
1027 396 25
1286 396 25
1287 396 25
1289 396 25
1290 396 25
1806 396 25
1807 396 25
1808 396 25
1809 396 25
1810 396 25
659 397 25
660 397 25
661 397 25
662 397 25
852 397 25
853 397 25
854 397 25
917 397 25
918 397 25
919 397 25
982 397 25
983 397 25
984 397 25
985 397 25
1023 397 25
1024 397 25
1026 397 25
1027 397 25
1285 397 25
1286 397 25
1289 397 25
1290 397 25
1807 397 25
1808 397 25
1809 397 25
1810 397 25
1811 397 25
659 398 25
660 398 25
661 398 25
662 398 25
851 398 25
852 398 25
853 398 25
854 398 25
917 398 25
918 398 25
919 398 25
982 398 25
983 398 25
984 398 25
1023 398 25
1024 398 25
1026 398 25
1027 398 25
1285 398 25
1286 398 25
1288 398 25
1289 398 25
1809 398 25
1810 398 25
1811 398 25
659 399 25
660 399 25
661 399 25
662 399 25
851 399 25
852 399 25
853 399 25
916 399 25
917 399 25
918 399 25
919 399 25
982 399 25
983 399 25
984 399 25
1023 399 25
1024 399 25
1026 399 25
1027 399 25
1285 399 25
1286 399 25
1288 399 25
1289 399 25
1809 399 25
1810 399 25
1811 399 25
659 400 25
660 400 25
661 400 25
662 400 25
851 400 25
852 400 25
853 400 25
916 400 25
917 400 25
918 400 25
982 400 25
983 400 25
984 400 25
1024 400 25
1025 400 25
1026 400 25
1027 400 25
1284 400 25
1285 400 25
1286 400 25
1288 400 25
1289 400 25
1809 400 25
1810 400 25
1811 400 25
659 401 25
660 401 25
661 401 25
662 401 25
851 401 25
852 401 25
853 401 25
916 401 25
917 401 25
918 401 25
981 401 25
982 401 25
983 401 25
984 401 25
1024 401 25
1025 401 25
1026 401 25
1027 401 25
1284 401 25
1285 401 25
1286 401 25
1287 401 25
1288 401 25
1289 401 25
1809 401 25
1810 401 25
1811 401 25
1812 401 25
658 402 25
659 402 25
660 402 25
661 402 25
851 402 25
852 402 25
853 402 25
915 402 25
916 402 25
917 402 25
918 402 25
981 402 25
982 402 25
983 402 25
1024 402 25
1025 402 25
1026 402 25
1027 402 25
1284 402 25
1285 402 25
1286 402 25
1288 402 25
1289 402 25
1810 402 25
1811 402 25
1812 402 25
657 403 25
658 403 25
659 403 25
660 403 25
851 403 25
852 403 25
853 403 25
915 403 25
916 403 25
917 403 25
981 403 25
982 403 25
983 403 25
1024 403 25
1025 403 25
1026 403 25
1027 403 25
1284 403 25
1285 403 25
1288 403 25
1289 403 25
1810 403 25
1811 403 25
1812 403 25
1813 403 25
656 404 25
657 404 25
658 404 25
659 404 25
851 404 25
852 404 25
853 404 25
914 404 25
915 404 25
916 404 25
917 404 25
981 404 25
982 404 25
983 404 25
1024 404 25
1025 404 25
1026 404 25
1027 404 25
1283 404 25
1284 404 25
1285 404 25
1288 404 25
1289 404 25
1810 404 25
1811 404 25
1812 404 25
1813 404 25
654 405 25
655 405 25
656 405 25
657 405 25
658 405 25
851 405 25
852 405 25
853 405 25
914 405 25
915 405 25
916 405 25
980 405 25
981 405 25
982 405 25
983 405 25
1024 405 25
1025 405 25
1026 405 25
1027 405 25
1283 405 25
1284 405 25
1285 405 25
1286 405 25
1288 405 25
1289 405 25
1810 405 25
1811 405 25
1812 405 25
1813 405 25
653 406 25
654 406 25
655 406 25
656 406 25
657 406 25
850 406 25
851 406 25
852 406 25
853 406 25
914 406 25
915 406 25
916 406 25
980 406 25
981 406 25
982 406 25
1024 406 25
1025 406 25
1026 406 25
1027 406 25
1284 406 25
1285 406 25
1287 406 25
1288 406 25
1811 406 25
1812 406 25
1813 406 25
1814 406 25
652 407 25
653 407 25
654 407 25
655 407 25
656 407 25
850 407 25
851 407 25
852 407 25
853 407 25
913 407 25
914 407 25
915 407 25
916 407 25
979 407 25
980 407 25
981 407 25
982 407 25
1024 407 25
1025 407 25
1026 407 25
1027 407 25
1284 407 25
1285 407 25
1286 407 25
1287 407 25
1811 407 25
1812 407 25
1813 407 25
1814 407 25
651 408 25
652 408 25
653 408 25
654 408 25
850 408 25
851 408 25
852 408 25
913 408 25
914 408 25
915 408 25
979 408 25
980 408 25
981 408 25
1024 408 25
1025 408 25
1026 408 25
1027 408 25
1284 408 25
1285 408 25
1287 408 25
1288 408 25
1811 408 25
1812 408 25
1813 408 25
1814 408 25
650 409 25
651 409 25
652 409 25
653 409 25
850 409 25
851 409 25
852 409 25
912 409 25
913 409 25
914 409 25
915 409 25
978 409 25
979 409 25
980 409 25
981 409 25
1024 409 25
1025 409 25
1026 409 25
1027 409 25
1283 409 25
1284 409 25
1287 409 25
1288 409 25
1811 409 25
1812 409 25
1813 409 25
1814 409 25
650 410 25
651 410 25
652 410 25
653 410 25
850 410 25
851 410 25
852 410 25
911 410 25
912 410 25
913 410 25
914 410 25
978 410 25
979 410 25
980 410 25
1024 410 25
1025 410 25
1026 410 25
1027 410 25
1283 410 25
1284 410 25
1287 410 25
1288 410 25
1812 410 25
1813 410 25
1814 410 25
1815 410 25
650 411 25
651 411 25
652 411 25
850 411 25
851 411 25
852 411 25
910 411 25
911 411 25
912 411 25
913 411 25
977 411 25
978 411 25
979 411 25
980 411 25
1024 411 25
1025 411 25
1026 411 25
1027 411 25
1283 411 25
1284 411 25
1287 411 25
1288 411 25
1812 411 25
1813 411 25
1814 411 25
1815 411 25
649 412 25
650 412 25
651 412 25
652 412 25
849 412 25
850 412 25
851 412 25
852 412 25
909 412 25
910 412 25
911 412 25
912 412 25
977 412 25
978 412 25
979 412 25
980 412 25
1024 412 25
1025 412 25
1026 412 25
1027 412 25
1283 412 25
1284 412 25
1287 412 25
1288 412 25
1813 412 25
1814 412 25
1815 412 25
647 413 25
648 413 25
649 413 25
650 413 25
651 413 25
849 413 25
850 413 25
851 413 25
852 413 25
908 413 25
909 413 25
910 413 25
911 413 25
977 413 25
978 413 25
979 413 25
980 413 25
1024 413 25
1025 413 25
1026 413 25
1027 413 25
1282 413 25
1283 413 25
1286 413 25
1287 413 25
1813 413 25
1814 413 25
1815 413 25
646 414 25
647 414 25
648 414 25
649 414 25
650 414 25
849 414 25
850 414 25
851 414 25
907 414 25
908 414 25
909 414 25
910 414 25
977 414 25
978 414 25
979 414 25
980 414 25
1024 414 25
1025 414 25
1026 414 25
1027 414 25
1282 414 25
1283 414 25
1286 414 25
1287 414 25
1813 414 25
1814 414 25
1815 414 25
646 415 25
647 415 25
649 415 25
650 415 25
849 415 25
850 415 25
851 415 25
906 415 25
907 415 25
908 415 25
909 415 25
977 415 25
978 415 25
979 415 25
980 415 25
1024 415 25
1025 415 25
1026 415 25
1027 415 25
1282 415 25
1283 415 25
1286 415 25
1287 415 25
1813 415 25
1814 415 25
1815 415 25
646 416 25
647 416 25
649 416 25
650 416 25
849 416 25
850 416 25
851 416 25
905 416 25
906 416 25
907 416 25
908 416 25
977 416 25
978 416 25
979 416 25
980 416 25
1024 416 25
1025 416 25
1026 416 25
1027 416 25
1282 416 25
1283 416 25
1285 416 25
1286 416 25
1813 416 25
1814 416 25
1815 416 25
645 417 25
646 417 25
649 417 25
650 417 25
849 417 25
850 417 25
851 417 25
904 417 25
905 417 25
906 417 25
907 417 25
977 417 25
978 417 25
979 417 25
980 417 25
1024 417 25
1025 417 25
1026 417 25
1027 417 25
1282 417 25
1283 417 25
1285 417 25
1286 417 25
1812 417 25
1813 417 25
1814 417 25
1815 417 25
645 418 25
646 418 25
649 418 25
650 418 25
674 418 25
675 418 25
849 418 25
850 418 25
851 418 25
903 418 25
904 418 25
905 418 25
906 418 25
977 418 25
978 418 25
979 418 25
980 418 25
1024 418 25
1025 418 25
1026 418 25
1027 418 25
1281 418 25
1282 418 25
1285 418 25
1286 418 25
1812 418 25
1813 418 25
1814 418 25
1815 418 25
645 419 25
646 419 25
649 419 25
650 419 25
673 419 25
674 419 25
675 419 25
676 419 25
849 419 25
850 419 25
851 419 25
902 419 25
903 419 25
904 419 25
905 419 25
977 419 25
978 419 25
979 419 25
980 419 25
1024 419 25
1025 419 25
1026 419 25
1027 419 25
1281 419 25
1282 419 25
1284 419 25
1285 419 25
1812 419 25
1813 419 25
1814 419 25
1815 419 25
645 420 25
646 420 25
649 420 25
650 420 25
673 420 25
674 420 25
676 420 25
677 420 25
849 420 25
850 420 25
851 420 25
901 420 25
902 420 25
903 420 25
904 420 25
905 420 25
977 420 25
978 420 25
979 420 25
980 420 25
1024 420 25
1025 420 25
1026 420 25
1027 420 25
1281 420 25
1282 420 25
1284 420 25
1285 420 25
1812 420 25
1813 420 25
1814 420 25
1815 420 25
645 421 25
646 421 25
649 421 25
650 421 25
674 421 25
675 421 25
676 421 25
677 421 25
848 421 25
849 421 25
850 421 25
851 421 25
901 421 25
902 421 25
903 421 25
904 421 25
977 421 25
978 421 25
979 421 25
980 421 25
1024 421 25
1025 421 25
1026 421 25
1027 421 25
1281 421 25
1282 421 25
1284 421 25
1285 421 25
1812 421 25
1813 421 25
1814 421 25
1815 421 25
645 422 25
646 422 25
649 422 25
650 422 25
674 422 25
675 422 25
676 422 25
677 422 25
848 422 25
849 422 25
850 422 25
900 422 25
901 422 25
902 422 25
903 422 25
977 422 25
978 422 25
979 422 25
980 422 25
1024 422 25
1025 422 25
1026 422 25
1027 422 25
1281 422 25
1282 422 25
1284 422 25
1285 422 25
1812 422 25
1813 422 25
1814 422 25
1815 422 25
645 423 25
646 423 25
649 423 25
650 423 25
674 423 25
675 423 25
676 423 25
677 423 25
848 423 25
849 423 25
850 423 25
900 423 25
901 423 25
902 423 25
977 423 25
978 423 25
979 423 25
980 423 25
1024 423 25
1025 423 25
1026 423 25
1027 423 25
1280 423 25
1281 423 25
1284 423 25
1285 423 25
1812 423 25
1813 423 25
1814 423 25
1815 423 25
645 424 25
646 424 25
649 424 25
650 424 25
674 424 25
675 424 25
676 424 25
677 424 25
848 424 25
849 424 25
850 424 25
899 424 25
900 424 25
901 424 25
902 424 25
977 424 25
978 424 25
979 424 25
980 424 25
1024 424 25
1025 424 25
1026 424 25
1027 424 25
1280 424 25
1281 424 25
1283 424 25
1284 424 25
1812 424 25
1813 424 25
1814 424 25
645 425 25
646 425 25
649 425 25
650 425 25
674 425 25
675 425 25
677 425 25
678 425 25
848 425 25
849 425 25
850 425 25
898 425 25
899 425 25
900 425 25
901 425 25
977 425 25
978 425 25
979 425 25
1024 425 25
1025 425 25
1026 425 25
1027 425 25
1280 425 25
1281 425 25
1283 425 25
1284 425 25
1812 425 25
1813 425 25
1814 425 25
645 426 25
646 426 25
649 426 25
650 426 25
675 426 25
676 426 25
678 426 25
679 426 25
848 426 25
849 426 25
850 426 25
898 426 25
899 426 25
900 426 25
976 426 25
977 426 25
978 426 25
979 426 25
1023 426 25
1024 426 25
1025 426 25
1026 426 25
1027 426 25
1279 426 25
1280 426 25
1283 426 25
1284 426 25
1812 426 25
1813 426 25
1814 426 25
645 427 25
646 427 25
649 427 25
650 427 25
676 427 25
677 427 25
678 427 25
679 427 25
847 427 25
848 427 25
849 427 25
850 427 25
897 427 25
898 427 25
899 427 25
900 427 25
976 427 25
977 427 25
978 427 25
1023 427 25
1024 427 25
1025 427 25
1026 427 25
1279 427 25
1280 427 25
1282 427 25
1283 427 25
1812 427 25
1813 427 25
1814 427 25
646 428 25
647 428 25
649 428 25
650 428 25
676 428 25
677 428 25
679 428 25
680 428 25
847 428 25
848 428 25
849 428 25
897 428 25
898 428 25
899 428 25
900 428 25
976 428 25
977 428 25
978 428 25
1022 428 25
1023 428 25
1024 428 25
1279 428 25
1280 428 25
1282 428 25
1283 428 25
1812 428 25
1813 428 25
1814 428 25
646 429 25
647 429 25
649 429 25
650 429 25
677 429 25
678 429 25
679 429 25
680 429 25
847 429 25
848 429 25
849 429 25
896 429 25
897 429 25
898 429 25
899 429 25
975 429 25
976 429 25
977 429 25
978 429 25
1021 429 25
1022 429 25
1023 429 25
1278 429 25
1279 429 25
1282 429 25
1283 429 25
1812 429 25
1813 429 25
1814 429 25
646 430 25
647 430 25
649 430 25
650 430 25
677 430 25
678 430 25
680 430 25
681 430 25
847 430 25
848 430 25
849 430 25
896 430 25
897 430 25
898 430 25
899 430 25
975 430 25
976 430 25
977 430 25
1021 430 25
1022 430 25
1023 430 25
1278 430 25
1279 430 25
1282 430 25
1283 430 25
1811 430 25
1812 430 25
1813 430 25
1814 430 25
646 431 25
647 431 25
649 431 25
650 431 25
678 431 25
679 431 25
681 431 25
682 431 25
846 431 25
847 431 25
848 431 25
849 431 25
895 431 25
896 431 25
897 431 25
898 431 25
974 431 25
975 431 25
976 431 25
977 431 25
1020 431 25
1021 431 25
1022 431 25
1278 431 25
1279 431 25
1281 431 25
1282 431 25
1811 431 25
1812 431 25
1813 431 25
1814 431 25
646 432 25
647 432 25
648 432 25
649 432 25
679 432 25
680 432 25
682 432 25
683 432 25
846 432 25
847 432 25
848 432 25
895 432 25
896 432 25
897 432 25
898 432 25
974 432 25
975 432 25
976 432 25
1019 432 25
1020 432 25
1021 432 25
1278 432 25
1279 432 25
1281 432 25
1282 432 25
1811 432 25
1812 432 25
1813 432 25
1814 432 25
646 433 25
647 433 25
648 433 25
649 433 25
680 433 25
681 433 25
682 433 25
683 433 25
845 433 25
846 433 25
847 433 25
848 433 25
895 433 25
896 433 25
897 433 25
973 433 25
974 433 25
975 433 25
976 433 25
1018 433 25
1019 433 25
1020 433 25
1021 433 25
1277 433 25
1278 433 25
1280 433 25
1281 433 25
1811 433 25
1812 433 25
1813 433 25
646 434 25
647 434 25
648 434 25
649 434 25
680 434 25
681 434 25
682 434 25
683 434 25
845 434 25
846 434 25
847 434 25
894 434 25
895 434 25
896 434 25
897 434 25
973 434 25
974 434 25
975 434 25
1017 434 25
1018 434 25
1019 434 25
1020 434 25
1277 434 25
1278 434 25
1280 434 25
1281 434 25
1811 434 25
1812 434 25
1813 434 25
646 435 25
647 435 25
648 435 25
649 435 25
680 435 25
681 435 25
682 435 25
683 435 25
844 435 25
845 435 25
846 435 25
847 435 25
894 435 25
895 435 25
896 435 25
972 435 25
973 435 25
974 435 25
975 435 25
1017 435 25
1018 435 25
1019 435 25
1277 435 25
1278 435 25
1280 435 25
1281 435 25
1810 435 25
1811 435 25
1812 435 25
1813 435 25
646 436 25
647 436 25
648 436 25
649 436 25
680 436 25
681 436 25
682 436 25
683 436 25
844 436 25
845 436 25
846 436 25
847 436 25
894 436 25
895 436 25
896 436 25
972 436 25
973 436 25
974 436 25
1016 436 25
1017 436 25
1018 436 25
1019 436 25
1277 436 25
1278 436 25
1280 436 25
1281 436 25
1810 436 25
1811 436 25
1812 436 25
1813 436 25
646 437 25
647 437 25
648 437 25
649 437 25
680 437 25
681 437 25
682 437 25
683 437 25
844 437 25
845 437 25
846 437 25
847 437 25
893 437 25
894 437 25
895 437 25
896 437 25
971 437 25
972 437 25
973 437 25
974 437 25
1016 437 25
1017 437 25
1018 437 25
1276 437 25
1277 437 25
1280 437 25
1281 437 25
1810 437 25
1811 437 25
1812 437 25
646 438 25
647 438 25
648 438 25
649 438 25
680 438 25
681 438 25
682 438 25
683 438 25
844 438 25
845 438 25
846 438 25
893 438 25
894 438 25
895 438 25
971 438 25
972 438 25
973 438 25
1015 438 25
1016 438 25
1017 438 25
1018 438 25
1276 438 25
1277 438 25
1280 438 25
1281 438 25
1810 438 25
1811 438 25
1812 438 25
646 439 25
647 439 25
648 439 25
649 439 25
680 439 25
681 439 25
682 439 25
683 439 25
843 439 25
844 439 25
845 439 25
846 439 25
893 439 25
894 439 25
895 439 25
970 439 25
971 439 25
972 439 25
973 439 25
1015 439 25
1016 439 25
1017 439 25
1276 439 25
1277 439 25
1279 439 25
1280 439 25
1809 439 25
1810 439 25
1811 439 25
1812 439 25
646 440 25
647 440 25
648 440 25
649 440 25
680 440 25
681 440 25
682 440 25
683 440 25
843 440 25
844 440 25
845 440 25
892 440 25
893 440 25
894 440 25
895 440 25
969 440 25
970 440 25
971 440 25
972 440 25
1014 440 25
1015 440 25
1016 440 25
1276 440 25
1277 440 25
1279 440 25
1280 440 25
1809 440 25
1810 440 25
1811 440 25
1812 440 25
646 441 25
647 441 25
648 441 25
649 441 25
680 441 25
681 441 25
682 441 25
683 441 25
842 441 25
843 441 25
844 441 25
845 441 25
892 441 25
893 441 25
894 441 25
895 441 25
969 441 25
970 441 25
971 441 25
1014 441 25
1015 441 25
1016 441 25
1275 441 25
1276 441 25
1279 441 25
1280 441 25
1809 441 25
1810 441 25
1811 441 25
646 442 25
647 442 25
648 442 25
649 442 25
680 442 25
681 442 25
682 442 25
683 442 25
842 442 25
843 442 25
844 442 25
845 442 25
892 442 25
893 442 25
894 442 25
969 442 25
970 442 25
971 442 25
1014 442 25
1015 442 25
1016 442 25
1275 442 25
1276 442 25
1279 442 25
1280 442 25
1809 442 25
1810 442 25
1811 442 25
646 443 25
647 443 25
648 443 25
649 443 25
680 443 25
681 443 25
682 443 25
683 443 25
842 443 25
843 443 25
844 443 25
891 443 25
892 443 25
893 443 25
894 443 25
968 443 25
969 443 25
970 443 25
1014 443 25
1015 443 25
1016 443 25
1275 443 25
1276 443 25
1279 443 25
1280 443 25
1808 443 25
1809 443 25
1810 443 25
1811 443 25
646 444 25
647 444 25
648 444 25
649 444 25
680 444 25
681 444 25
682 444 25
683 444 25
841 444 25
842 444 25
843 444 25
844 444 25
891 444 25
892 444 25
893 444 25
894 444 25
967 444 25
968 444 25
969 444 25
970 444 25
1014 444 25
1015 444 25
1016 444 25
1274 444 25
1275 444 25
1278 444 25
1279 444 25
1808 444 25
1809 444 25
1810 444 25
1811 444 25
646 445 25
647 445 25
648 445 25
649 445 25
675 445 25
676 445 25
677 445 25
678 445 25
679 445 25
680 445 25
682 445 25
683 445 25
841 445 25
842 445 25
843 445 25
891 445 25
892 445 25
893 445 25
967 445 25
968 445 25
969 445 25
970 445 25
1014 445 25
1015 445 25
1016 445 25
1274 445 25
1275 445 25
1278 445 25
1279 445 25
1808 445 25
1809 445 25
1810 445 25
646 446 25
647 446 25
648 446 25
649 446 25
674 446 25
675 446 25
676 446 25
677 446 25
678 446 25
679 446 25
681 446 25
682 446 25
683 446 25
840 446 25
841 446 25
842 446 25
843 446 25
890 446 25
891 446 25
892 446 25
893 446 25
966 446 25
967 446 25
968 446 25
969 446 25
970 446 25
1014 446 25
1015 446 25
1016 446 25
1274 446 25
1275 446 25
1278 446 25
1279 446 25
1808 446 25
1809 446 25
1810 446 25
646 447 25
647 447 25
648 447 25
649 447 25
673 447 25
674 447 25
676 447 25
677 447 25
678 447 25
679 447 25
680 447 25
681 447 25
682 447 25
840 447 25
841 447 25
842 447 25
890 447 25
891 447 25
892 447 25
893 447 25
966 447 25
967 447 25
968 447 25
969 447 25
1014 447 25
1015 447 25
1016 447 25
1273 447 25
1274 447 25
1278 447 25
1279 447 25
1807 447 25
1808 447 25
1809 447 25
1810 447 25
646 448 25
647 448 25
648 448 25
649 448 25
672 448 25
673 448 25
675 448 25
676 448 25
677 448 25
678 448 25
679 448 25
680 448 25
840 448 25
841 448 25
842 448 25
890 448 25
891 448 25
892 448 25
893 448 25
966 448 25
967 448 25
968 448 25
969 448 25
1014 448 25
1015 448 25
1016 448 25
1273 448 25
1274 448 25
1277 448 25
1278 448 25
1807 448 25
1808 448 25
1809 448 25
1810 448 25
646 449 25
647 449 25
648 449 25
649 449 25
671 449 25
672 449 25
674 449 25
675 449 25
839 449 25
840 449 25
841 449 25
842 449 25
890 449 25
891 449 25
892 449 25
966 449 25
967 449 25
968 449 25
969 449 25
1014 449 25
1015 449 25
1016 449 25
1273 449 25
1274 449 25
1277 449 25
1278 449 25
1807 449 25
1808 449 25
1809 449 25
646 450 25
647 450 25
648 450 25
649 450 25
671 450 25
672 450 25
673 450 25
674 450 25
839 450 25
840 450 25
841 450 25
890 450 25
891 450 25
892 450 25
966 450 25
967 450 25
968 450 25
1014 450 25
1015 450 25
1016 450 25
1273 450 25
1274 450 25
1277 450 25
1278 450 25
1807 450 25
1808 450 25
1809 450 25
646 451 25
647 451 25
648 451 25
649 451 25
670 451 25
671 451 25
673 451 25
674 451 25
838 451 25
839 451 25
840 451 25
841 451 25
889 451 25
890 451 25
891 451 25
892 451 25
965 451 25
966 451 25
967 451 25
968 451 25
1014 451 25
1015 451 25
1016 451 25
1272 451 25
1273 451 25
1276 451 25
1277 451 25
1806 451 25
1807 451 25
1808 451 25
1809 451 25
646 452 25
647 452 25
648 452 25
649 452 25
670 452 25
671 452 25
672 452 25
673 452 25
838 452 25
839 452 25
840 452 25
889 452 25
890 452 25
891 452 25
892 452 25
965 452 25
966 452 25
967 452 25
968 452 25
1014 452 25
1015 452 25
1016 452 25
1272 452 25
1273 452 25
1275 452 25
1276 452 25
1806 452 25
1807 452 25
1808 452 25
1809 452 25
647 453 25
648 453 25
649 453 25
670 453 25
671 453 25
672 453 25
673 453 25
837 453 25
838 453 25
839 453 25
840 453 25
889 453 25
890 453 25
891 453 25
965 453 25
966 453 25
967 453 25
1014 453 25
1015 453 25
1016 453 25
1272 453 25
1273 453 25
1275 453 25
1276 453 25
1806 453 25
1807 453 25
1808 453 25
647 454 25
648 454 25
649 454 25
670 454 25
671 454 25
672 454 25
673 454 25
837 454 25
838 454 25
839 454 25
888 454 25
889 454 25
890 454 25
891 454 25
965 454 25
966 454 25
967 454 25
1014 454 25
1015 454 25
1016 454 25
1272 454 25
1273 454 25
1274 454 25
1275 454 25
1806 454 25
1807 454 25
1808 454 25
647 455 25
648 455 25
649 455 25
670 455 25
671 455 25
673 455 25
674 455 25
837 455 25
838 455 25
839 455 25
888 455 25
889 455 25
890 455 25
891 455 25
965 455 25
966 455 25
967 455 25
1013 455 25
1014 455 25
1015 455 25
1272 455 25
1273 455 25
1274 455 25
1275 455 25
1805 455 25
1806 455 25
1807 455 25
1808 455 25
647 456 25
648 456 25
649 456 25
671 456 25
672 456 25
673 456 25
674 456 25
836 456 25
837 456 25
838 456 25
839 456 25
888 456 25
889 456 25
890 456 25
891 456 25
964 456 25
965 456 25
966 456 25
967 456 25
1013 456 25
1014 456 25
1015 456 25
1271 456 25
1272 456 25
1274 456 25
1275 456 25
1276 456 25
1805 456 25
1806 456 25
1807 456 25
1808 456 25
647 457 25
648 457 25
649 457 25
671 457 25
672 457 25
673 457 25
674 457 25
836 457 25
837 457 25
838 457 25
888 457 25
889 457 25
890 457 25
964 457 25
965 457 25
966 457 25
1012 457 25
1013 457 25
1014 457 25
1015 457 25
1271 457 25
1272 457 25
1275 457 25
1276 457 25
1805 457 25
1806 457 25
1807 457 25
1808 457 25
647 458 25
648 458 25
649 458 25
671 458 25
672 458 25
673 458 25
674 458 25
835 458 25
836 458 25
837 458 25
838 458 25
888 458 25
889 458 25
890 458 25
964 458 25
965 458 25
966 458 25
1011 458 25
1012 458 25
1013 458 25
1014 458 25
1271 458 25
1272 458 25
1275 458 25
1276 458 25
1805 458 25
1806 458 25
1807 458 25
1808 458 25
646 459 25
647 459 25
648 459 25
649 459 25
671 459 25
672 459 25
673 459 25
674 459 25
835 459 25
836 459 25
837 459 25
887 459 25
888 459 25
889 459 25
890 459 25
963 459 25
964 459 25
965 459 25
966 459 25
1010 459 25
1011 459 25
1012 459 25
1013 459 25
1014 459 25
1271 459 25
1272 459 25
1275 459 25
1276 459 25
1805 459 25
1806 459 25
1807 459 25
1808 459 25
646 460 25
647 460 25
648 460 25
649 460 25
671 460 25
672 460 25
673 460 25
674 460 25
835 460 25
836 460 25
837 460 25
887 460 25
888 460 25
889 460 25
890 460 25
963 460 25
964 460 25
965 460 25
1010 460 25
1011 460 25
1012 460 25
1013 460 25
1271 460 25
1272 460 25
1275 460 25
1276 460 25
1805 460 25
1806 460 25
1807 460 25
1808 460 25
646 461 25
647 461 25
648 461 25
649 461 25
671 461 25
672 461 25
673 461 25
674 461 25
834 461 25
835 461 25
836 461 25
837 461 25
887 461 25
888 461 25
889 461 25
963 461 25
964 461 25
965 461 25
1010 461 25
1011 461 25
1012 461 25
1013 461 25
1271 461 25
1272 461 25
1275 461 25
1276 461 25
1805 461 25
1806 461 25
1807 461 25
1808 461 25
645 462 25
646 462 25
647 462 25
648 462 25
671 462 25
672 462 25
673 462 25
674 462 25
834 462 25
835 462 25
836 462 25
887 462 25
888 462 25
889 462 25
962 462 25
963 462 25
964 462 25
965 462 25
1009 462 25
1010 462 25
1011 462 25
1012 462 25
1270 462 25
1271 462 25
1275 462 25
1276 462 25
1804 462 25
1805 462 25
1807 462 25
1808 462 25
645 463 25
646 463 25
647 463 25
648 463 25
671 463 25
672 463 25
673 463 25
674 463 25
833 463 25
834 463 25
835 463 25
836 463 25
886 463 25
887 463 25
888 463 25
889 463 25
962 463 25
963 463 25
964 463 25
965 463 25
1009 463 25
1010 463 25
1011 463 25
1012 463 25
1270 463 25
1271 463 25
1274 463 25
1275 463 25
1804 463 25
1805 463 25
1807 463 25
1808 463 25
645 464 25
646 464 25
647 464 25
648 464 25
671 464 25
672 464 25
673 464 25
674 464 25
833 464 25
834 464 25
835 464 25
886 464 25
887 464 25
888 464 25
889 464 25
962 464 25
963 464 25
964 464 25
1009 464 25
1010 464 25
1011 464 25
1270 464 25
1271 464 25
1274 464 25
1275 464 25
1804 464 25
1805 464 25
1806 464 25
1807 464 25
644 465 25
645 465 25
647 465 25
648 465 25
671 465 25
672 465 25
673 465 25
674 465 25
833 465 25
834 465 25
835 465 25
886 465 25
887 465 25
888 465 25
962 465 25
963 465 25
964 465 25
1009 465 25
1010 465 25
1011 465 25
1270 465 25
1271 465 25
1274 465 25
1275 465 25
1804 465 25
1805 465 25
1806 465 25
1807 465 25
644 466 25
645 466 25
647 466 25
648 466 25
671 466 25
672 466 25
673 466 25
674 466 25
832 466 25
833 466 25
834 466 25
835 466 25
886 466 25
887 466 25
888 466 25
962 466 25
963 466 25
964 466 25
1009 466 25
1010 466 25
1011 466 25
1270 466 25
1271 466 25
1274 466 25
1275 466 25
1804 466 25
1805 466 25
1806 466 25
1807 466 25
643 467 25
644 467 25
646 467 25
647 467 25
671 467 25
672 467 25
673 467 25
674 467 25
832 467 25
833 467 25
834 467 25
885 467 25
886 467 25
887 467 25
888 467 25
961 467 25
962 467 25
963 467 25
964 467 25
1008 467 25
1009 467 25
1010 467 25
1269 467 25
1270 467 25
1272 467 25
1274 467 25
1275 467 25
1804 467 25
1805 467 25
1806 467 25
1807 467 25
643 468 25
644 468 25
646 468 25
647 468 25
671 468 25
672 468 25
673 468 25
674 468 25
831 468 25
832 468 25
833 468 25
834 468 25
885 468 25
886 468 25
887 468 25
961 468 25
962 468 25
963 468 25
1008 468 25
1009 468 25
1010 468 25
1269 468 25
1270 468 25
1271 468 25
1272 468 25
1273 468 25
1274 468 25
1275 468 25
1804 468 25
1805 468 25
1806 468 25
1807 468 25
642 469 25
643 469 25
646 469 25
647 469 25
671 469 25
672 469 25
673 469 25
674 469 25
831 469 25
832 469 25
833 469 25
884 469 25
885 469 25
886 469 25
887 469 25
961 469 25
962 469 25
963 469 25
1008 469 25
1009 469 25
1010 469 25
1269 469 25
1270 469 25
1272 469 25
1274 469 25
1275 469 25
1804 469 25
1805 469 25
1806 469 25
1807 469 25
642 470 25
643 470 25
645 470 25
646 470 25
671 470 25
672 470 25
673 470 25
674 470 25
831 470 25
832 470 25
833 470 25
884 470 25
885 470 25
886 470 25
960 470 25
961 470 25
962 470 25
963 470 25
1007 470 25
1008 470 25
1009 470 25
1010 470 25
1269 470 25
1270 470 25
1273 470 25
1274 470 25
1804 470 25
1805 470 25
1806 470 25
1807 470 25
641 471 25
642 471 25
645 471 25
646 471 25
671 471 25
672 471 25
673 471 25
674 471 25
830 471 25
831 471 25
832 471 25
833 471 25
883 471 25
884 471 25
885 471 25
886 471 25
960 471 25
961 471 25
962 471 25
1007 471 25
1008 471 25
1009 471 25
1010 471 25
1269 471 25
1270 471 25
1273 471 25
1274 471 25
1804 471 25
1805 471 25
1806 471 25
1807 471 25
641 472 25
642 472 25
645 472 25
646 472 25
671 472 25
672 472 25
673 472 25
674 472 25
830 472 25
831 472 25
832 472 25
883 472 25
884 472 25
885 472 25
960 472 25
961 472 25
962 472 25
1007 472 25
1008 472 25
1009 472 25
1269 472 25
1270 472 25
1273 472 25
1274 472 25
1804 472 25
1805 472 25
1806 472 25
1807 472 25
641 473 25
642 473 25
644 473 25
645 473 25
671 473 25
672 473 25
673 473 25
674 473 25
829 473 25
830 473 25
831 473 25
832 473 25
883 473 25
884 473 25
885 473 25
960 473 25
961 473 25
962 473 25
1006 473 25
1007 473 25
1008 473 25
1009 473 25
1269 473 25
1270 473 25
1273 473 25
1274 473 25
1804 473 25
1805 473 25
1806 473 25
1807 473 25
641 474 25
642 474 25
644 474 25
645 474 25
671 474 25
672 474 25
673 474 25
674 474 25
829 474 25
830 474 25
831 474 25
882 474 25
883 474 25
884 474 25
885 474 25
960 474 25
961 474 25
962 474 25
1006 474 25
1007 474 25
1008 474 25
1009 474 25
1269 474 25
1270 474 25
1273 474 25
1274 474 25
1804 474 25
1805 474 25
1806 474 25
640 475 25
641 475 25
644 475 25
645 475 25
671 475 25
672 475 25
673 475 25
674 475 25
828 475 25
829 475 25
830 475 25
831 475 25
882 475 25
883 475 25
884 475 25
959 475 25
960 475 25
961 475 25
962 475 25
1006 475 25
1007 475 25
1008 475 25
1009 475 25
1269 475 25
1270 475 25
1272 475 25
1273 475 25
1804 475 25
1805 475 25
1806 475 25
640 476 25
641 476 25
643 476 25
644 476 25
670 476 25
671 476 25
673 476 25
674 476 25
828 476 25
829 476 25
830 476 25
882 476 25
883 476 25
884 476 25
959 476 25
960 476 25
961 476 25
1006 476 25
1007 476 25
1008 476 25
1269 476 25
1270 476 25
1272 476 25
1273 476 25
1804 476 25
1805 476 25
1806 476 25
640 477 25
641 477 25
643 477 25
644 477 25
670 477 25
671 477 25
672 477 25
673 477 25
828 477 25
829 477 25
830 477 25
881 477 25
882 477 25
883 477 25
884 477 25
959 477 25
960 477 25
961 477 25
1006 477 25
1007 477 25
1008 477 25
1268 477 25
1269 477 25
1272 477 25
1273 477 25
1804 477 25
1805 477 25
1806 477 25
640 478 25
641 478 25
642 478 25
643 478 25
670 478 25
671 478 25
672 478 25
673 478 25
827 478 25
828 478 25
829 478 25
830 478 25
881 478 25
882 478 25
883 478 25
958 478 25
959 478 25
960 478 25
961 478 25
1006 478 25
1007 478 25
1008 478 25
1268 478 25
1269 478 25
1271 478 25
1272 478 25
1804 478 25
1805 478 25
1806 478 25
640 479 25
641 479 25
642 479 25
643 479 25
669 479 25
670 479 25
672 479 25
673 479 25
827 479 25
828 479 25
829 479 25
880 479 25
881 479 25
882 479 25
883 479 25
958 479 25
959 479 25
960 479 25
1006 479 25
1007 479 25
1008 479 25
1268 479 25
1269 479 25
1271 479 25
1272 479 25
1803 479 25
1804 479 25
1805 479 25
1806 479 25
639 480 25
640 480 25
641 480 25
642 480 25
643 480 25
669 480 25
670 480 25
671 480 25
672 480 25
826 480 25
827 480 25
828 480 25
829 480 25
880 480 25
881 480 25
882 480 25
957 480 25
958 480 25
959 480 25
960 480 25
1006 480 25
1007 480 25
1008 480 25
1268 480 25
1269 480 25
1271 480 25
1272 480 25
1803 480 25
1804 480 25
1805 480 25
1806 480 25
639 481 25
640 481 25
641 481 25
642 481 25
669 481 25
670 481 25
671 481 25
672 481 25
825 481 25
826 481 25
827 481 25
828 481 25
879 481 25
880 481 25
881 481 25
882 481 25
956 481 25
957 481 25
958 481 25
959 481 25
1005 481 25
1006 481 25
1007 481 25
1008 481 25
1268 481 25
1269 481 25
1271 481 25
1272 481 25
1803 481 25
1804 481 25
1805 481 25
1806 481 25
639 482 25
640 482 25
641 482 25
642 482 25
669 482 25
670 482 25
671 482 25
672 482 25
825 482 25
826 482 25
827 482 25
828 482 25
879 482 25
880 482 25
881 482 25
955 482 25
956 482 25
957 482 25
958 482 25
959 482 25
1005 482 25
1006 482 25
1007 482 25
1008 482 25
1267 482 25
1268 482 25
1271 482 25
1272 482 25
1803 482 25
1804 482 25
1805 482 25
1806 482 25
639 483 25
640 483 25
641 483 25
642 483 25
669 483 25
670 483 25
671 483 25
672 483 25
825 483 25
826 483 25
827 483 25
879 483 25
880 483 25
881 483 25
954 483 25
955 483 25
956 483 25
957 483 25
958 483 25
1005 483 25
1006 483 25
1007 483 25
1008 483 25
1267 483 25
1268 483 25
1270 483 25
1271 483 25
1803 483 25
1804 483 25
1805 483 25
1806 483 25
639 484 25
640 484 25
641 484 25
642 484 25
669 484 25
670 484 25
671 484 25
672 484 25
824 484 25
825 484 25
826 484 25
827 484 25
878 484 25
879 484 25
880 484 25
881 484 25
954 484 25
955 484 25
956 484 25
1005 484 25
1006 484 25
1007 484 25
1008 484 25
1267 484 25
1268 484 25
1270 484 25
1271 484 25
1803 484 25
1804 484 25
1805 484 25
1806 484 25
639 485 25
640 485 25
641 485 25
642 485 25
669 485 25
670 485 25
671 485 25
672 485 25
824 485 25
825 485 25
826 485 25
878 485 25
879 485 25
880 485 25
953 485 25
954 485 25
955 485 25
956 485 25
1005 485 25
1006 485 25
1007 485 25
1008 485 25
1267 485 25
1268 485 25
1270 485 25
1271 485 25
1803 485 25
1804 485 25
1805 485 25
1806 485 25
639 486 25
640 486 25
641 486 25
642 486 25
669 486 25
670 486 25
671 486 25
672 486 25
823 486 25
824 486 25
825 486 25
826 486 25
877 486 25
878 486 25
879 486 25
880 486 25
953 486 25
954 486 25
955 486 25
1005 486 25
1006 486 25
1007 486 25
1008 486 25
1267 486 25
1268 486 25
1270 486 25
1271 486 25
1803 486 25
1804 486 25
1805 486 25
1806 486 25
639 487 25
640 487 25
641 487 25
642 487 25
669 487 25
670 487 25
671 487 25
672 487 25
822 487 25
823 487 25
824 487 25
825 487 25
877 487 25
878 487 25
879 487 25
952 487 25
953 487 25
954 487 25
955 487 25
1005 487 25
1006 487 25
1007 487 25
1008 487 25
1266 487 25
1267 487 25
1269 487 25
1270 487 25
1803 487 25
1804 487 25
1805 487 25
1806 487 25
639 488 25
640 488 25
641 488 25
642 488 25
669 488 25
670 488 25
671 488 25
672 488 25
822 488 25
823 488 25
824 488 25
825 488 25
877 488 25
878 488 25
879 488 25
951 488 25
952 488 25
953 488 25
954 488 25
1005 488 25
1006 488 25
1007 488 25
1008 488 25
1266 488 25
1267 488 25
1269 488 25
1270 488 25
1803 488 25
1804 488 25
1805 488 25
1806 488 25
639 489 25
640 489 25
641 489 25
642 489 25
669 489 25
670 489 25
671 489 25
672 489 25
821 489 25
822 489 25
823 489 25
824 489 25
876 489 25
877 489 25
878 489 25
879 489 25
951 489 25
952 489 25
953 489 25
1005 489 25
1006 489 25
1007 489 25
1008 489 25
1266 489 25
1267 489 25
1269 489 25
1270 489 25
1803 489 25
1804 489 25
1805 489 25
1806 489 25
639 490 25
640 490 25
641 490 25
642 490 25
669 490 25
670 490 25
671 490 25
672 490 25
821 490 25
822 490 25
823 490 25
824 490 25
876 490 25
877 490 25
878 490 25
950 490 25
951 490 25
952 490 25
953 490 25
1005 490 25
1006 490 25
1007 490 25
1008 490 25
1266 490 25
1267 490 25
1269 490 25
1270 490 25
1803 490 25
1804 490 25
1805 490 25
1806 490 25
639 491 25
640 491 25
641 491 25
642 491 25
669 491 25
670 491 25
671 491 25
672 491 25
820 491 25
821 491 25
822 491 25
823 491 25
875 491 25
876 491 25
877 491 25
950 491 25
951 491 25
952 491 25
1005 491 25
1006 491 25
1007 491 25
1266 491 25
1267 491 25
1269 491 25
1270 491 25
1803 491 25
1804 491 25
1805 491 25
1806 491 25
639 492 25
640 492 25
641 492 25
642 492 25
668 492 25
669 492 25
671 492 25
672 492 25
819 492 25
820 492 25
821 492 25
822 492 25
875 492 25
876 492 25
877 492 25
946 492 25
950 492 25
951 492 25
952 492 25
1005 492 25
1006 492 25
1007 492 25
1265 492 25
1266 492 25
1268 492 25
1269 492 25
1803 492 25
1804 492 25
1805 492 25
1806 492 25
639 493 25
640 493 25
641 493 25
642 493 25
668 493 25
669 493 25
670 493 25
671 493 25
819 493 25
820 493 25
821 493 25
874 493 25
875 493 25
876 493 25
877 493 25
945 493 25
946 493 25
947 493 25
949 493 25
950 493 25
951 493 25
952 493 25
1005 493 25
1006 493 25
1007 493 25
1265 493 25
1266 493 25
1268 493 25
1269 493 25
1803 493 25
1804 493 25
1805 493 25
1806 493 25
639 494 25
640 494 25
641 494 25
642 494 25
668 494 25
669 494 25
670 494 25
671 494 25
818 494 25
819 494 25
820 494 25
821 494 25
874 494 25
875 494 25
876 494 25
945 494 25
946 494 25
947 494 25
948 494 25
949 494 25
950 494 25
951 494 25
1005 494 25
1006 494 25
1007 494 25
1265 494 25
1266 494 25
1267 494 25
1268 494 25
1803 494 25
1804 494 25
1805 494 25
1806 494 25
639 495 25
640 495 25
641 495 25
642 495 25
667 495 25
668 495 25
670 495 25
671 495 25
818 495 25
819 495 25
820 495 25
821 495 25
873 495 25
874 495 25
875 495 25
876 495 25
943 495 25
944 495 25
945 495 25
948 495 25
949 495 25
950 495 25
1004 495 25
1005 495 25
1006 495 25
1007 495 25
1265 495 25
1266 495 25
1267 495 25
1268 495 25
1803 495 25
1804 495 25
1805 495 25
1806 495 25
639 496 25
640 496 25
641 496 25
642 496 25
666 496 25
667 496 25
668 496 25
669 496 25
670 496 25
817 496 25
818 496 25
819 496 25
820 496 25
873 496 25
874 496 25
875 496 25
876 496 25
942 496 25
943 496 25
944 496 25
948 496 25
949 496 25
1004 496 25
1005 496 25
1006 496 25
1007 496 25
1264 496 25
1265 496 25
1267 496 25
1268 496 25
1803 496 25
1804 496 25
1805 496 25
1806 496 25
639 497 25
640 497 25
641 497 25
642 497 25
662 497 25
663 497 25
664 497 25
665 497 25
666 497 25
667 497 25
669 497 25
670 497 25
817 497 25
818 497 25
819 497 25
820 497 25
873 497 25
874 497 25
875 497 25
942 497 25
943 497 25
948 497 25
949 497 25
1004 497 25
1005 497 25
1006 497 25
1007 497 25
1264 497 25
1265 497 25
1266 497 25
1267 497 25
1802 497 25
1803 497 25
1805 497 25
1806 497 25
639 498 25
640 498 25
641 498 25
642 498 25
661 498 25
662 498 25
663 498 25
664 498 25
665 498 25
667 498 25
668 498 25
669 498 25
816 498 25
817 498 25
818 498 25
819 498 25
872 498 25
873 498 25
874 498 25
875 498 25
941 498 25
942 498 25
947 498 25
948 498 25
1004 498 25
1005 498 25
1006 498 25
1007 498 25
1264 498 25
1265 498 25
1266 498 25
1267 498 25
1802 498 25
1803 498 25
1805 498 25
1806 498 25
639 499 25
640 499 25
641 499 25
642 499 25
659 499 25
660 499 25
661 499 25
663 499 25
664 499 25
665 499 25
666 499 25
667 499 25
668 499 25
816 499 25
817 499 25
818 499 25
872 499 25
873 499 25
874 499 25
941 499 25
942 499 25
947 499 25
948 499 25
1004 499 25
1005 499 25
1006 499 25
1007 499 25
1264 499 25
1265 499 25
1266 499 25
1267 499 25
1802 499 25
1803 499 25
1805 499 25
1806 499 25
639 500 25
640 500 25
641 500 25
642 500 25
658 500 25
659 500 25
660 500 25
662 500 25
663 500 25
664 500 25
665 500 25
666 500 25
815 500 25
816 500 25
817 500 25
818 500 25
871 500 25
872 500 25
873 500 25
874 500 25
940 500 25
941 500 25
948 500 25
949 500 25
1004 500 25
1005 500 25
1006 500 25
1007 500 25
1264 500 25
1265 500 25
1266 500 25
1267 500 25
1802 500 25
1803 500 25
1804 500 25
1805 500 25
639 501 25
640 501 25
641 501 25
642 501 25
657 501 25
658 501 25
660 501 25
661 501 25
662 501 25
815 501 25
816 501 25
817 501 25
818 501 25
871 501 25
872 501 25
873 501 25
940 501 25
941 501 25
948 501 25
949 501 25
1004 501 25
1005 501 25
1006 501 25
1007 501 25
1263 501 25
1264 501 25
1266 501 25
1267 501 25
1802 501 25
1803 501 25
1804 501 25
1805 501 25
640 502 25
641 502 25
642 502 25
643 502 25
656 502 25
657 502 25
659 502 25
660 502 25
661 502 25
815 502 25
816 502 25
817 502 25
871 502 25
872 502 25
873 502 25
939 502 25
940 502 25
948 502 25
949 502 25
1005 502 25
1006 502 25
1007 502 25
1263 502 25
1264 502 25
1265 502 25
1266 502 25
1802 502 25
1803 502 25
1804 502 25
1805 502 25
640 503 25
641 503 25
642 503 25
643 503 25
655 503 25
656 503 25
658 503 25
659 503 25
814 503 25
815 503 25
816 503 25
817 503 25
870 503 25
871 503 25
872 503 25
873 503 25
939 503 25
940 503 25
948 503 25
949 503 25
1004 503 25
1005 503 25
1006 503 25
1007 503 25
1263 503 25
1264 503 25
1265 503 25
1266 503 25
1802 503 25
1803 503 25
1804 503 25
1805 503 25
640 504 25
641 504 25
642 504 25
643 504 25
655 504 25
656 504 25
657 504 25
658 504 25
814 504 25
815 504 25
816 504 25
870 504 25
871 504 25
872 504 25
938 504 25
939 504 25
948 504 25
949 504 25
1004 504 25
1005 504 25
1006 504 25
1007 504 25
1262 504 25
1263 504 25
1265 504 25
1266 504 25
1802 504 25
1803 504 25
1804 504 25
1805 504 25
640 505 25
641 505 25
642 505 25
643 505 25
654 505 25
655 505 25
657 505 25
658 505 25
813 505 25
814 505 25
815 505 25
816 505 25
869 505 25
870 505 25
871 505 25
872 505 25
938 505 25
939 505 25
948 505 25
949 505 25
1004 505 25
1005 505 25
1006 505 25
1007 505 25
1262 505 25
1263 505 25
1265 505 25
1266 505 25
1802 505 25
1803 505 25
1804 505 25
1805 505 25
640 506 25
641 506 25
642 506 25
643 506 25
653 506 25
654 506 25
656 506 25
657 506 25
813 506 25
814 506 25
815 506 25
868 506 25
869 506 25
870 506 25
871 506 25
938 506 25
939 506 25
948 506 25
949 506 25
1004 506 25
1005 506 25
1006 506 25
1007 506 25
1262 506 25
1263 506 25
1264 506 25
1265 506 25
1802 506 25
1803 506 25
1804 506 25
1805 506 25
640 507 25
641 507 25
642 507 25
643 507 25
653 507 25
654 507 25
655 507 25
656 507 25
812 507 25
813 507 25
814 507 25
815 507 25
868 507 25
869 507 25
870 507 25
871 507 25
938 507 25
939 507 25
948 507 25
949 507 25
1004 507 25
1005 507 25
1006 507 25
1007 507 25
1261 507 25
1262 507 25
1264 507 25
1265 507 25
1802 507 25
1803 507 25
1804 507 25
1805 507 25
640 508 25
641 508 25
642 508 25
643 508 25
653 508 25
654 508 25
655 508 25
656 508 25
811 508 25
812 508 25
813 508 25
814 508 25
867 508 25
868 508 25
869 508 25
870 508 25
871 508 25
937 508 25
938 508 25
948 508 25
949 508 25
1003 508 25
1004 508 25
1006 508 25
1007 508 25
1261 508 25
1262 508 25
1264 508 25
1265 508 25
1802 508 25
1803 508 25
1804 508 25
1805 508 25
640 509 25
641 509 25
642 509 25
643 509 25
652 509 25
653 509 25
655 509 25
656 509 25
811 509 25
812 509 25
813 509 25
867 509 25
868 509 25
869 509 25
870 509 25
937 509 25
938 509 25
948 509 25
949 509 25
1003 509 25
1004 509 25
1006 509 25
1007 509 25
1261 509 25
1262 509 25
1263 509 25
1264 509 25
1802 509 25
1803 509 25
1804 509 25
1805 509 25
640 510 25
641 510 25
642 510 25
643 510 25
652 510 25
653 510 25
654 510 25
655 510 25
811 510 25
812 510 25
813 510 25
867 510 25
868 510 25
869 510 25
870 510 25
937 510 25
938 510 25
947 510 25
948 510 25
1003 510 25
1004 510 25
1006 510 25
1007 510 25
1261 510 25
1262 510 25
1263 510 25
1264 510 25
1802 510 25
1803 510 25
1804 510 25
1805 510 25
640 511 25
641 511 25
642 511 25
643 511 25
652 511 25
653 511 25
654 511 25
655 511 25
810 511 25
811 511 25
812 511 25
813 511 25
867 511 25
868 511 25
869 511 25
936 511 25
937 511 25
948 511 25
949 511 25
950 511 25
1003 511 25
1004 511 25
1006 511 25
1007 511 25
1260 511 25
1261 511 25
1263 511 25
1264 511 25
1802 511 25
1803 511 25
1804 511 25
1805 511 25
641 512 25
642 512 25
643 512 25
652 512 25
653 512 25
654 512 25
655 512 25
809 512 25
810 512 25
811 512 25
812 512 25
866 512 25
867 512 25
868 512 25
869 512 25
936 512 25
937 512 25
949 512 25
950 512 25
951 512 25
1003 512 25
1004 512 25
1006 512 25
1007 512 25
1260 512 25
1261 512 25
1263 512 25
1264 512 25
1802 512 25
1803 512 25
1804 512 25
1805 512 25
641 513 25
642 513 25
643 513 25
652 513 25
653 513 25
654 513 25
655 513 25
808 513 25
809 513 25
810 513 25
811 513 25
866 513 25
867 513 25
868 513 25
936 513 25
937 513 25
950 513 25
951 513 25
1003 513 25
1004 513 25
1006 513 25
1007 513 25
1260 513 25
1261 513 25
1263 513 25
1264 513 25
1802 513 25
1803 513 25
1804 513 25
1805 513 25
641 514 25
642 514 25
643 514 25
649 514 25
650 514 25
651 514 25
652 514 25
653 514 25
654 514 25
655 514 25
807 514 25
808 514 25
809 514 25
810 514 25
811 514 25
865 514 25
866 514 25
867 514 25
868 514 25
935 514 25
936 514 25
951 514 25
952 514 25
1003 514 25
1004 514 25
1006 514 25
1007 514 25
1260 514 25
1261 514 25
1262 514 25
1263 514 25
1802 514 25
1803 514 25
1804 514 25
1805 514 25
641 515 25
642 515 25
643 515 25
645 515 25
646 515 25
647 515 25
648 515 25
649 515 25
650 515 25
651 515 25
652 515 25
653 515 25
654 515 25
655 515 25
806 515 25
807 515 25
808 515 25
809 515 25
810 515 25
864 515 25
865 515 25
866 515 25
867 515 25
935 515 25
936 515 25
951 515 25
952 515 25
1003 515 25
1004 515 25
1006 515 25
1007 515 25
1260 515 25
1261 515 25
1262 515 25
1263 515 25
1802 515 25
1803 515 25
1804 515 25
1805 515 25
641 516 25
642 516 25
643 516 25
644 516 25
645 516 25
646 516 25
647 516 25
648 516 25
651 516 25
652 516 25
653 516 25
654 516 25
655 516 25
805 516 25
806 516 25
807 516 25
808 516 25
809 516 25
863 516 25
864 516 25
865 516 25
866 516 25
867 516 25
934 516 25
935 516 25
951 516 25
952 516 25
1003 516 25
1004 516 25
1006 516 25
1007 516 25
1259 516 25
1260 516 25
1262 516 25
1263 516 25
1802 516 25
1803 516 25
1804 516 25
1805 516 25
641 517 25
642 517 25
643 517 25
644 517 25
652 517 25
654 517 25
655 517 25
804 517 25
805 517 25
806 517 25
807 517 25
862 517 25
863 517 25
864 517 25
865 517 25
866 517 25
934 517 25
935 517 25
950 517 25
951 517 25
1003 517 25
1004 517 25
1006 517 25
1007 517 25
1259 517 25
1260 517 25
1262 517 25
1263 517 25
1802 517 25
1803 517 25
1804 517 25
1805 517 25
641 518 25
642 518 25
654 518 25
655 518 25
803 518 25
804 518 25
805 518 25
806 518 25
861 518 25
862 518 25
863 518 25
864 518 25
934 518 25
935 518 25
950 518 25
951 518 25
1003 518 25
1004 518 25
1006 518 25
1007 518 25
1259 518 25
1260 518 25
1261 518 25
1262 518 25
1802 518 25
1803 518 25
1804 518 25
1805 518 25
640 519 25
641 519 25
653 519 25
654 519 25
803 519 25
804 519 25
805 519 25
860 519 25
861 519 25
862 519 25
863 519 25
934 519 25
935 519 25
950 519 25
951 519 25
1004 519 25
1005 519 25
1006 519 25
1007 519 25
1259 519 25
1260 519 25
1261 519 25
1262 519 25
1802 519 25
1803 519 25
1804 519 25
1805 519 25
640 520 25
641 520 25
653 520 25
654 520 25
802 520 25
803 520 25
804 520 25
805 520 25
859 520 25
860 520 25
861 520 25
862 520 25
863 520 25
864 520 25
933 520 25
934 520 25
949 520 25
950 520 25
1004 520 25
1005 520 25
1006 520 25
1007 520 25
1259 520 25
1260 520 25
1261 520 25
1262 520 25
1802 520 25
1803 520 25
1804 520 25
1805 520 25
641 521 25
642 521 25
653 521 25
654 521 25
801 521 25
802 521 25
803 521 25
804 521 25
859 521 25
860 521 25
861 521 25
862 521 25
863 521 25
933 521 25
934 521 25
949 521 25
950 521 25
1004 521 25
1005 521 25
1006 521 25
1007 521 25
1258 521 25
1259 521 25
1261 521 25
1262 521 25
1802 521 25
1803 521 25
1804 521 25
1805 521 25
641 522 25
642 522 25
653 522 25
654 522 25
800 522 25
801 522 25
802 522 25
803 522 25
858 522 25
859 522 25
860 522 25
861 522 25
933 522 25
934 522 25
948 522 25
949 522 25
1004 522 25
1005 522 25
1006 522 25
1007 522 25
1258 522 25
1259 522 25
1261 522 25
1262 522 25
1802 522 25
1803 522 25
1804 522 25
1805 522 25
641 523 25
642 523 25
652 523 25
653 523 25
800 523 25
801 523 25
802 523 25
858 523 25
859 523 25
860 523 25
932 523 25
933 523 25
947 523 25
948 523 25
1004 523 25
1005 523 25
1006 523 25
1007 523 25
1258 523 25
1259 523 25
1261 523 25
1262 523 25
1802 523 25
1803 523 25
1804 523 25
1805 523 25
641 524 25
642 524 25
653 524 25
654 524 25
799 524 25
800 524 25
801 524 25
802 524 25
858 524 25
859 524 25
860 524 25
861 524 25
932 524 25
933 524 25
947 524 25
948 524 25
1004 524 25
1005 524 25
1006 524 25
1007 524 25
1258 524 25
1259 524 25
1261 524 25
1262 524 25
1802 524 25
1803 524 25
1804 524 25
1805 524 25
641 525 25
642 525 25
653 525 25
654 525 25
799 525 25
800 525 25
801 525 25
858 525 25
859 525 25
860 525 25
932 525 25
933 525 25
947 525 25
948 525 25
1004 525 25
1005 525 25
1006 525 25
1007 525 25
1258 525 25
1259 525 25
1261 525 25
1262 525 25
1802 525 25
1803 525 25
1804 525 25
1805 525 25
641 526 25
642 526 25
653 526 25
654 526 25
800 526 25
857 526 25
858 526 25
859 526 25
860 526 25
931 526 25
932 526 25
946 526 25
947 526 25
1004 526 25
1005 526 25
1006 526 25
1007 526 25
1257 526 25
1258 526 25
1261 526 25
1262 526 25
1802 526 25
1803 526 25
1804 526 25
641 527 25
642 527 25
652 527 25
653 527 25
857 527 25
858 527 25
859 527 25
860 527 25
931 527 25
932 527 25
946 527 25
947 527 25
1004 527 25
1005 527 25
1006 527 25
1007 527 25
1257 527 25
1258 527 25
1260 527 25
1261 527 25
1802 527 25
1803 527 25
1804 527 25
641 528 25
642 528 25
651 528 25
652 528 25
653 528 25
857 528 25
858 528 25
859 528 25
860 528 25
931 528 25
932 528 25
945 528 25
946 528 25
1004 528 25
1005 528 25
1006 528 25
1007 528 25
1256 528 25
1257 528 25
1258 528 25
1260 528 25
1261 528 25
1802 528 25
1803 528 25
1804 528 25
642 529 25
643 529 25
650 529 25
651 529 25
652 529 25
857 529 25
858 529 25
859 529 25
931 529 25
932 529 25
945 529 25
946 529 25
1004 529 25
1005 529 25
1006 529 25
1007 529 25
1256 529 25
1257 529 25
1258 529 25
1259 529 25
1260 529 25
1261 529 25
1802 529 25
1803 529 25
1804 529 25
642 530 25
643 530 25
649 530 25
650 530 25
857 530 25
858 530 25
859 530 25
931 530 25
932 530 25
945 530 25
946 530 25
1005 530 25
1006 530 25
1007 530 25
1256 530 25
1257 530 25
1258 530 25
1260 530 25
1261 530 25
1802 530 25
1803 530 25
1804 530 25
642 531 25
643 531 25
649 531 25
650 531 25
856 531 25
857 531 25
858 531 25
859 531 25
931 531 25
932 531 25
933 531 25
945 531 25
946 531 25
1005 531 25
1006 531 25
1007 531 25
1256 531 25
1257 531 25
1260 531 25
1261 531 25
1802 531 25
1803 531 25
1804 531 25
642 532 25
643 532 25
649 532 25
650 532 25
856 532 25
857 532 25
858 532 25
859 532 25
931 532 25
932 532 25
933 532 25
934 532 25
945 532 25
946 532 25
1005 532 25
1006 532 25
1007 532 25
1008 532 25
1256 532 25
1257 532 25
1260 532 25
1261 532 25
1802 532 25
1803 532 25
1804 532 25
642 533 25
643 533 25
649 533 25
650 533 25
856 533 25
857 533 25
858 533 25
859 533 25
931 533 25
932 533 25
933 533 25
944 533 25
945 533 25
1005 533 25
1006 533 25
1007 533 25
1008 533 25
1256 533 25
1257 533 25
1260 533 25
1261 533 25
1802 533 25
1803 533 25
1804 533 25
642 534 25
643 534 25
649 534 25
650 534 25
856 534 25
857 534 25
858 534 25
859 534 25
931 534 25
932 534 25
944 534 25
945 534 25
1005 534 25
1006 534 25
1007 534 25
1008 534 25
1256 534 25
1257 534 25
1259 534 25
1260 534 25
1802 534 25
1803 534 25
1804 534 25
642 535 25
643 535 25
648 535 25
649 535 25
856 535 25
857 535 25
858 535 25
859 535 25
931 535 25
932 535 25
943 535 25
944 535 25
1005 535 25
1006 535 25
1007 535 25
1008 535 25
1256 535 25
1257 535 25
1259 535 25
1260 535 25
1802 535 25
1803 535 25
1804 535 25
642 536 25
643 536 25
648 536 25
649 536 25
856 536 25
857 536 25
858 536 25
859 536 25
931 536 25
932 536 25
943 536 25
944 536 25
1005 536 25
1006 536 25
1007 536 25
1008 536 25
1256 536 25
1257 536 25
1259 536 25
1260 536 25
1802 536 25
1803 536 25
1804 536 25
642 537 25
643 537 25
649 537 25
650 537 25
856 537 25
857 537 25
858 537 25
931 537 25
932 537 25
933 537 25
943 537 25
944 537 25
1005 537 25
1006 537 25
1007 537 25
1008 537 25
1256 537 25
1257 537 25
1259 537 25
1260 537 25
1802 537 25
1803 537 25
1804 537 25
642 538 25
643 538 25
648 538 25
649 538 25
856 538 25
857 538 25
858 538 25
931 538 25
932 538 25
933 538 25
934 538 25
942 538 25
943 538 25
1005 538 25
1006 538 25
1007 538 25
1008 538 25
1256 538 25
1257 538 25
1259 538 25
1260 538 25
1802 538 25
1803 538 25
1804 538 25
642 539 25
643 539 25
647 539 25
648 539 25
855 539 25
856 539 25
857 539 25
858 539 25
931 539 25
932 539 25
933 539 25
939 539 25
940 539 25
941 539 25
942 539 25
1005 539 25
1006 539 25
1007 539 25
1008 539 25
1256 539 25
1257 539 25
1259 539 25
1260 539 25
1802 539 25
1803 539 25
1804 539 25
642 540 25
643 540 25
646 540 25
647 540 25
855 540 25
856 540 25
857 540 25
858 540 25
931 540 25
932 540 25
938 540 25
939 540 25
940 540 25
941 540 25
1005 540 25
1006 540 25
1007 540 25
1008 540 25
1256 540 25
1257 540 25
1259 540 25
1260 540 25
1801 540 25
1802 540 25
1803 540 25
1804 540 25
642 541 25
643 541 25
645 541 25
646 541 25
855 541 25
856 541 25
857 541 25
858 541 25
932 541 25
933 541 25
938 541 25
939 541 25
1005 541 25
1006 541 25
1007 541 25
1008 541 25
1256 541 25
1257 541 25
1259 541 25
1260 541 25
1800 541 25
1801 541 25
1802 541 25
1803 541 25
642 542 25
643 542 25
645 542 25
646 542 25
854 542 25
855 542 25
856 542 25
857 542 25
932 542 25
933 542 25
935 542 25
937 542 25
938 542 25
1005 542 25
1006 542 25
1007 542 25
1008 542 25
1255 542 25
1256 542 25
1259 542 25
1260 542 25
1800 542 25
1801 542 25
1802 542 25
1803 542 25
643 543 25
644 543 25
645 543 25
854 543 25
855 543 25
856 543 25
857 543 25
933 543 25
934 543 25
935 543 25
936 543 25
937 543 25
938 543 25
1005 543 25
1006 543 25
1007 543 25
1008 543 25
1255 543 25
1256 543 25
1259 543 25
1260 543 25
1799 543 25
1800 543 25
1802 543 25
1803 543 25
643 544 25
644 544 25
645 544 25
853 544 25
854 544 25
855 544 25
856 544 25
934 544 25
935 544 25
936 544 25
937 544 25
1005 544 25
1006 544 25
1007 544 25
1008 544 25
1255 544 25
1256 544 25
1259 544 25
1260 544 25
1798 544 25
1799 544 25
1801 544 25
1802 544 25
643 545 25
644 545 25
645 545 25
852 545 25
853 545 25
854 545 25
855 545 25
856 545 25
934 545 25
935 545 25
936 545 25
937 545 25
1005 545 25
1006 545 25
1007 545 25
1008 545 25
1255 545 25
1256 545 25
1258 545 25
1259 545 25
1798 545 25
1799 545 25
1801 545 25
1802 545 25
643 546 25
644 546 25
645 546 25
852 546 25
853 546 25
854 546 25
855 546 25
934 546 25
935 546 25
936 546 25
937 546 25
1005 546 25
1006 546 25
1007 546 25
1008 546 25
1255 546 25
1256 546 25
1258 546 25
1259 546 25
1797 546 25
1798 546 25
1800 546 25
1801 546 25
643 547 25
644 547 25
645 547 25
852 547 25
853 547 25
854 547 25
934 547 25
935 547 25
936 547 25
937 547 25
1005 547 25
1006 547 25
1007 547 25
1008 547 25
1255 547 25
1256 547 25
1258 547 25
1259 547 25
1797 547 25
1798 547 25
1800 547 25
1801 547 25
643 548 25
644 548 25
645 548 25
851 548 25
852 548 25
853 548 25
854 548 25
934 548 25
935 548 25
936 548 25
937 548 25
1005 548 25
1006 548 25
1007 548 25
1008 548 25
1255 548 25
1256 548 25
1258 548 25
1259 548 25
1796 548 25
1797 548 25
1799 548 25
1800 548 25
643 549 25
644 549 25
645 549 25
850 549 25
851 549 25
852 549 25
853 549 25
934 549 25
935 549 25
936 549 25
1005 549 25
1006 549 25
1007 549 25
1008 549 25
1255 549 25
1256 549 25
1258 549 25
1259 549 25
1796 549 25
1797 549 25
1798 549 25
1799 549 25
643 550 25
644 550 25
645 550 25
850 550 25
851 550 25
852 550 25
933 550 25
934 550 25
935 550 25
936 550 25
1005 550 25
1006 550 25
1007 550 25
1008 550 25
1255 550 25
1256 550 25
1258 550 25
1259 550 25
1795 550 25
1796 550 25
1798 550 25
1799 550 25
643 551 25
644 551 25
645 551 25
849 551 25
850 551 25
851 551 25
852 551 25
933 551 25
934 551 25
935 551 25
936 551 25
1005 551 25
1006 551 25
1007 551 25
1008 551 25
1255 551 25
1256 551 25
1258 551 25
1259 551 25
1794 551 25
1795 551 25
1797 551 25
1798 551 25
1799 551 25
643 552 25
644 552 25
645 552 25
849 552 25
850 552 25
851 552 25
933 552 25
934 552 25
935 552 25
936 552 25
1005 552 25
1006 552 25
1007 552 25
1008 552 25
1255 552 25
1256 552 25
1258 552 25
1259 552 25
1794 552 25
1795 552 25
1796 552 25
1797 552 25
1798 552 25
643 553 25
644 553 25
645 553 25
848 553 25
849 553 25
850 553 25
851 553 25
933 553 25
934 553 25
935 553 25
936 553 25
1005 553 25
1006 553 25
1007 553 25
1008 553 25
1255 553 25
1256 553 25
1258 553 25
1259 553 25
1793 553 25
1794 553 25
1796 553 25
1797 553 25
643 554 25
644 554 25
645 554 25
847 554 25
848 554 25
849 554 25
850 554 25
932 554 25
933 554 25
934 554 25
935 554 25
936 554 25
1005 554 25
1006 554 25
1007 554 25
1008 554 25
1255 554 25
1256 554 25
1258 554 25
1259 554 25
1792 554 25
1793 554 25
1796 554 25
1797 554 25
643 555 25
644 555 25
645 555 25
847 555 25
848 555 25
849 555 25
932 555 25
933 555 25
934 555 25
935 555 25
1005 555 25
1006 555 25
1007 555 25
1008 555 25
1254 555 25
1255 555 25
1258 555 25
1259 555 25
1791 555 25
1792 555 25
1795 555 25
1796 555 25
643 556 25
644 556 25
645 556 25
846 556 25
847 556 25
848 556 25
849 556 25
932 556 25
933 556 25
934 556 25
935 556 25
1005 556 25
1006 556 25
1007 556 25
1008 556 25
1254 556 25
1255 556 25
1257 556 25
1258 556 25
1791 556 25
1792 556 25
1794 556 25
1795 556 25
643 557 25
644 557 25
645 557 25
845 557 25
846 557 25
847 557 25
848 557 25
932 557 25
933 557 25
934 557 25
935 557 25
1005 557 25
1006 557 25
1007 557 25
1008 557 25
1254 557 25
1255 557 25
1257 557 25
1258 557 25
1790 557 25
1791 557 25
1793 557 25
1794 557 25
643 558 25
644 558 25
645 558 25
845 558 25
846 558 25
847 558 25
931 558 25
932 558 25
933 558 25
934 558 25
935 558 25
1005 558 25
1006 558 25
1007 558 25
1008 558 25
1254 558 25
1255 558 25
1257 558 25
1258 558 25
1790 558 25
1791 558 25
1793 558 25
1794 558 25
643 559 25
644 559 25
645 559 25
844 559 25
845 559 25
846 559 25
847 559 25
931 559 25
932 559 25
933 559 25
934 559 25
1006 559 25
1007 559 25
1008 559 25
1254 559 25
1255 559 25
1257 559 25
1258 559 25
1790 559 25
1791 559 25
1792 559 25
1793 559 25
643 560 25
644 560 25
645 560 25
844 560 25
845 560 25
846 560 25
931 560 25
932 560 25
933 560 25
934 560 25
1005 560 25
1006 560 25
1007 560 25
1008 560 25
1254 560 25
1255 560 25
1256 560 25
1257 560 25
1789 560 25
1790 560 25
1791 560 25
1792 560 25
643 561 25
644 561 25
645 561 25
843 561 25
844 561 25
845 561 25
846 561 25
930 561 25
931 561 25
932 561 25
933 561 25
1005 561 25
1006 561 25
1007 561 25
1008 561 25
1254 561 25
1255 561 25
1256 561 25
1257 561 25
1789 561 25
1790 561 25
1791 561 25
1792 561 25
642 562 25
643 562 25
644 562 25
645 562 25
843 562 25
844 562 25
845 562 25
930 562 25
931 562 25
932 562 25
933 562 25
1005 562 25
1006 562 25
1007 562 25
1008 562 25
1253 562 25
1254 562 25
1256 562 25
1257 562 25
1789 562 25
1790 562 25
1791 562 25
642 563 25
643 563 25
644 563 25
645 563 25
842 563 25
843 563 25
844 563 25
845 563 25
930 563 25
931 563 25
932 563 25
933 563 25
1005 563 25
1006 563 25
1007 563 25
1008 563 25
1253 563 25
1254 563 25
1255 563 25
1256 563 25
1788 563 25
1789 563 25
1790 563 25
1791 563 25
642 564 25
643 564 25
644 564 25
645 564 25
842 564 25
843 564 25
844 564 25
845 564 25
930 564 25
931 564 25
932 564 25
1005 564 25
1006 564 25
1007 564 25
1008 564 25
1253 564 25
1254 564 25
1255 564 25
1256 564 25
1788 564 25
1789 564 25
1790 564 25
642 565 25
643 565 25
644 565 25
645 565 25
842 565 25
843 565 25
844 565 25
929 565 25
930 565 25
931 565 25
932 565 25
1005 565 25
1006 565 25
1007 565 25
1008 565 25
1252 565 25
1253 565 25
1255 565 25
1256 565 25
1788 565 25
1789 565 25
1790 565 25
642 566 25
643 566 25
644 566 25
645 566 25
842 566 25
843 566 25
844 566 25
929 566 25
930 566 25
931 566 25
1005 566 25
1006 566 25
1007 566 25
1008 566 25
1252 566 25
1253 566 25
1255 566 25
1256 566 25
1787 566 25
1788 566 25
1789 566 25
1790 566 25
642 567 25
643 567 25
644 567 25
841 567 25
842 567 25
843 567 25
844 567 25
929 567 25
930 567 25
931 567 25
1005 567 25
1006 567 25
1007 567 25
1008 567 25
1252 567 25
1253 567 25
1255 567 25
1256 567 25
1787 567 25
1788 567 25
1789 567 25
1790 567 25
641 568 25
642 568 25
643 568 25
644 568 25
841 568 25
842 568 25
843 568 25
844 568 25
928 568 25
929 568 25
930 568 25
931 568 25
1005 568 25
1006 568 25
1007 568 25
1008 568 25
1251 568 25
1252 568 25
1255 568 25
1256 568 25
1787 568 25
1788 568 25
1789 568 25
1790 568 25
641 569 25
642 569 25
643 569 25
644 569 25
841 569 25
842 569 25
843 569 25
928 569 25
929 569 25
930 569 25
1005 569 25
1006 569 25
1007 569 25
1008 569 25
1251 569 25
1252 569 25
1254 569 25
1255 569 25
1787 569 25
1788 569 25
1789 569 25
1790 569 25
641 570 25
642 570 25
643 570 25
644 570 25
840 570 25
841 570 25
842 570 25
843 570 25
928 570 25
929 570 25
930 570 25
1005 570 25
1006 570 25
1007 570 25
1008 570 25
1251 570 25
1252 570 25
1254 570 25
1255 570 25
1787 570 25
1788 570 25
1789 570 25
641 571 25
642 571 25
643 571 25
644 571 25
840 571 25
841 571 25
842 571 25
843 571 25
927 571 25
928 571 25
929 571 25
930 571 25
1005 571 25
1006 571 25
1007 571 25
1008 571 25
1250 571 25
1251 571 25
1254 571 25
1255 571 25
1787 571 25
1788 571 25
1789 571 25
641 572 25
642 572 25
643 572 25
644 572 25
840 572 25
841 572 25
842 572 25
843 572 25
927 572 25
928 572 25
929 572 25
1004 572 25
1005 572 25
1007 572 25
1008 572 25
1250 572 25
1251 572 25
1254 572 25
1255 572 25
1787 572 25
1788 572 25
1789 572 25
641 573 25
642 573 25
643 573 25
644 573 25
840 573 25
841 573 25
842 573 25
843 573 25
927 573 25
928 573 25
929 573 25
1004 573 25
1005 573 25
1007 573 25
1008 573 25
1250 573 25
1251 573 25
1253 573 25
1254 573 25
1787 573 25
1788 573 25
1789 573 25
640 574 25
641 574 25
642 574 25
643 574 25
840 574 25
841 574 25
842 574 25
843 574 25
926 574 25
927 574 25
928 574 25
929 574 25
1004 574 25
1005 574 25
1007 574 25
1008 574 25
1250 574 25
1251 574 25
1253 574 25
1254 574 25
1787 574 25
1788 574 25
1789 574 25
640 575 25
641 575 25
642 575 25
840 575 25
841 575 25
842 575 25
926 575 25
927 575 25
928 575 25
929 575 25
1004 575 25
1005 575 25
1007 575 25
1008 575 25
1249 575 25
1250 575 25
1253 575 25
1254 575 25
1787 575 25
1788 575 25
1789 575 25
640 576 25
641 576 25
642 576 25
643 576 25
840 576 25
841 576 25
842 576 25
926 576 25
927 576 25
928 576 25
1004 576 25
1005 576 25
1006 576 25
1007 576 25
1008 576 25
1249 576 25
1250 576 25
1252 576 25
1253 576 25
1787 576 25
1788 576 25
1789 576 25
640 577 25
641 577 25
642 577 25
643 577 25
839 577 25
840 577 25
841 577 25
842 577 25
926 577 25
927 577 25
928 577 25
1004 577 25
1005 577 25
1006 577 25
1007 577 25
1008 577 25
1249 577 25
1250 577 25
1252 577 25
1253 577 25
1787 577 25
1788 577 25
1789 577 25
640 578 25
641 578 25
642 578 25
643 578 25
839 578 25
840 578 25
841 578 25
842 578 25
926 578 25
927 578 25
928 578 25
1004 578 25
1005 578 25
1006 578 25
1007 578 25
1008 578 25
1249 578 25
1250 578 25
1252 578 25
1253 578 25
1787 578 25
1788 578 25
1789 578 25
640 579 25
641 579 25
642 579 25
643 579 25
839 579 25
840 579 25
841 579 25
842 579 25
925 579 25
926 579 25
927 579 25
928 579 25
1004 579 25
1005 579 25
1007 579 25
1008 579 25
1248 579 25
1249 579 25
1251 579 25
1252 579 25
1787 579 25
1788 579 25
1789 579 25
640 580 25
641 580 25
642 580 25
643 580 25
839 580 25
840 580 25
841 580 25
842 580 25
925 580 25
926 580 25
927 580 25
1004 580 25
1005 580 25
1006 580 25
1007 580 25
1248 580 25
1249 580 25
1251 580 25
1252 580 25
1786 580 25
1787 580 25
1788 580 25
1789 580 25
640 581 25
641 581 25
642 581 25
643 581 25
839 581 25
840 581 25
841 581 25
842 581 25
925 581 25
926 581 25
927 581 25
1004 581 25
1005 581 25
1006 581 25
1248 581 25
1249 581 25
1251 581 25
1252 581 25
1786 581 25
1787 581 25
1788 581 25
1789 581 25
640 582 25
641 582 25
642 582 25
643 582 25
839 582 25
840 582 25
841 582 25
842 582 25
925 582 25
926 582 25
927 582 25
1004 582 25
1005 582 25
1006 582 25
1248 582 25
1249 582 25
1251 582 25
1252 582 25
1786 582 25
1787 582 25
1788 582 25
640 583 25
641 583 25
642 583 25
643 583 25
840 583 25
841 583 25
924 583 25
925 583 25
926 583 25
927 583 25
1004 583 25
1005 583 25
1006 583 25
1248 583 25
1249 583 25
1251 583 25
1252 583 25
1786 583 25
1787 583 25
1788 583 25
640 584 25
641 584 25
642 584 25
643 584 25
924 584 25
925 584 25
926 584 25
927 584 25
1004 584 25
1005 584 25
1006 584 25
1248 584 25
1249 584 25
1251 584 25
1252 584 25
1786 584 25
1787 584 25
1788 584 25
640 585 25
641 585 25
642 585 25
643 585 25
924 585 25
925 585 25
926 585 25
1004 585 25
1005 585 25
1006 585 25
1247 585 25
1248 585 25
1250 585 25
1251 585 25
1785 585 25
1786 585 25
1787 585 25
1788 585 25
640 586 25
641 586 25
642 586 25
923 586 25
924 586 25
925 586 25
926 586 25
1003 586 25
1004 586 25
1005 586 25
1006 586 25
1247 586 25
1248 586 25
1250 586 25
1251 586 25
1785 586 25
1786 586 25
1787 586 25
1788 586 25
640 587 25
641 587 25
642 587 25
923 587 25
924 587 25
925 587 25
926 587 25
1002 587 25
1003 587 25
1004 587 25
1005 587 25
1006 587 25
1247 587 25
1248 587 25
1250 587 25
1251 587 25
1785 587 25
1786 587 25
1787 587 25
1788 587 25
640 588 25
641 588 25
642 588 25
923 588 25
924 588 25
925 588 25
1002 588 25
1003 588 25
1004 588 25
1005 588 25
1006 588 25
1247 588 25
1248 588 25
1250 588 25
1251 588 25
1784 588 25
1785 588 25
1786 588 25
1787 588 25
640 589 25
641 589 25
642 589 25
922 589 25
923 589 25
924 589 25
925 589 25
1002 589 25
1003 589 25
1005 589 25
1006 589 25
1247 589 25
1248 589 25
1249 589 25
1250 589 25
1784 589 25
1785 589 25
1786 589 25
1787 589 25
640 590 25
641 590 25
642 590 25
922 590 25
923 590 25
924 590 25
925 590 25
1002 590 25
1003 590 25
1004 590 25
1005 590 25
1246 590 25
1247 590 25
1249 590 25
1250 590 25
1784 590 25
1785 590 25
1786 590 25
1787 590 25
639 591 25
640 591 25
641 591 25
642 591 25
922 591 25
923 591 25
924 591 25
1001 591 25
1002 591 25
1004 591 25
1005 591 25
1246 591 25
1247 591 25
1249 591 25
1250 591 25
1784 591 25
1785 591 25
1786 591 25
1787 591 25
639 592 25
640 592 25
641 592 25
642 592 25
921 592 25
922 592 25
923 592 25
924 592 25
1001 592 25
1002 592 25
1004 592 25
1005 592 25
1246 592 25
1247 592 25
1249 592 25
1250 592 25
1784 592 25
1785 592 25
1786 592 25
1787 592 25
639 593 25
640 593 25
641 593 25
642 593 25
921 593 25
922 593 25
923 593 25
1001 593 25
1002 593 25
1004 593 25
1005 593 25
1246 593 25
1247 593 25
1249 593 25
1250 593 25
1784 593 25
1785 593 25
1786 593 25
1787 593 25
639 594 25
640 594 25
641 594 25
642 594 25
921 594 25
922 594 25
923 594 25
1001 594 25
1002 594 25
1004 594 25
1005 594 25
1246 594 25
1247 594 25
1248 594 25
1249 594 25
1784 594 25
1785 594 25
1786 594 25
1787 594 25
639 595 25
640 595 25
641 595 25
642 595 25
921 595 25
922 595 25
923 595 25
1001 595 25
1002 595 25
1004 595 25
1005 595 25
1246 595 25
1247 595 25
1248 595 25
1249 595 25
1784 595 25
1785 595 25
1786 595 25
1787 595 25
639 596 25
640 596 25
641 596 25
920 596 25
921 596 25
922 596 25
923 596 25
1001 596 25
1002 596 25
1003 596 25
1004 596 25
1245 596 25
1246 596 25
1248 596 25
1249 596 25
1784 596 25
1785 596 25
1786 596 25
639 597 25
640 597 25
641 597 25
920 597 25
921 597 25
922 597 25
1000 597 25
1001 597 25
1003 597 25
1004 597 25
1245 597 25
1246 597 25
1247 597 25
1248 597 25
1784 597 25
1785 597 25
1786 597 25
639 598 25
640 598 25
641 598 25
920 598 25
921 598 25
922 598 25
1000 598 25
1001 598 25
1003 598 25
1004 598 25
1245 598 25
1246 598 25
1247 598 25
1248 598 25
1784 598 25
1785 598 25
1786 598 25
639 599 25
640 599 25
641 599 25
919 599 25
920 599 25
921 599 25
922 599 25
1000 599 25
1001 599 25
1003 599 25
1004 599 25
1245 599 25
1246 599 25
1247 599 25
1248 599 25
1784 599 25
1785 599 25
1786 599 25
639 600 25
640 600 25
641 600 25
919 600 25
920 600 25
921 600 25
1000 600 25
1001 600 25
1002 600 25
1003 600 25
1245 600 25
1246 600 25
1247 600 25
1248 600 25
1784 600 25
1785 600 25
1786 600 25
639 601 25
640 601 25
641 601 25
918 601 25
919 601 25
920 601 25
921 601 25
1000 601 25
1001 601 25
1002 601 25
1003 601 25
1244 601 25
1245 601 25
1247 601 25
1248 601 25
1784 601 25
1785 601 25
1786 601 25
639 602 25
640 602 25
641 602 25
918 602 25
919 602 25
920 602 25
1000 602 25
1001 602 25
1002 602 25
1003 602 25
1244 602 25
1245 602 25
1246 602 25
1247 602 25
1784 602 25
1785 602 25
1786 602 25
638 603 25
639 603 25
640 603 25
641 603 25
917 603 25
918 603 25
919 603 25
920 603 25
1000 603 25
1001 603 25
1002 603 25
1003 603 25
1244 603 25
1245 603 25
1246 603 25
1247 603 25
1784 603 25
1785 603 25
1786 603 25
638 604 25
639 604 25
640 604 25
641 604 25
917 604 25
918 604 25
919 604 25
1000 604 25
1001 604 25
1002 604 25
1003 604 25
1244 604 25
1245 604 25
1246 604 25
1247 604 25
1784 604 25
1785 604 25
1786 604 25
638 605 25
639 605 25
640 605 25
641 605 25
917 605 25
918 605 25
919 605 25
1000 605 25
1001 605 25
1002 605 25
1003 605 25
1244 605 25
1245 605 25
1246 605 25
1247 605 25
1784 605 25
1785 605 25
1786 605 25
637 606 25
638 606 25
639 606 25
640 606 25
641 606 25
916 606 25
917 606 25
918 606 25
919 606 25
1000 606 25
1001 606 25
1002 606 25
1003 606 25
1244 606 25
1245 606 25
1246 606 25
1247 606 25
1784 606 25
1785 606 25
1786 606 25
637 607 25
638 607 25
639 607 25
640 607 25
915 607 25
916 607 25
917 607 25
918 607 25
1000 607 25
1001 607 25
1002 607 25
1244 607 25
1245 607 25
1246 607 25
1247 607 25
1784 607 25
1785 607 25
1786 607 25
637 608 25
638 608 25
639 608 25
640 608 25
915 608 25
916 608 25
917 608 25
918 608 25
1000 608 25
1001 608 25
1002 608 25
1243 608 25
1244 608 25
1246 608 25
1247 608 25
1784 608 25
1785 608 25
1786 608 25
637 609 25
638 609 25
639 609 25
640 609 25
914 609 25
915 609 25
916 609 25
917 609 25
1000 609 25
1001 609 25
1002 609 25
1243 609 25
1244 609 25
1246 609 25
1247 609 25
1784 609 25
1785 609 25
1786 609 25
637 610 25
638 610 25
639 610 25
640 610 25
914 610 25
915 610 25
916 610 25
917 610 25
1000 610 25
1001 610 25
1002 610 25
1243 610 25
1244 610 25
1246 610 25
1247 610 25
1784 610 25
1785 610 25
1786 610 25
637 611 25
638 611 25
639 611 25
640 611 25
913 611 25
914 611 25
915 611 25
916 611 25
917 611 25
999 611 25
1000 611 25
1001 611 25
1002 611 25
1243 611 25
1244 611 25
1246 611 25
1247 611 25
1784 611 25
1785 611 25
1786 611 25
637 612 25
638 612 25
639 612 25
913 612 25
914 612 25
915 612 25
916 612 25
999 612 25
1000 612 25
1001 612 25
1002 612 25
1243 612 25
1244 612 25
1246 612 25
1247 612 25
1784 612 25
1785 612 25
1786 612 25
637 613 25
638 613 25
639 613 25
912 613 25
913 613 25
914 613 25
915 613 25
999 613 25
1000 613 25
1001 613 25
1002 613 25
1243 613 25
1244 613 25
1246 613 25
1247 613 25
1784 613 25
1785 613 25
1786 613 25
637 614 25
638 614 25
639 614 25
912 614 25
913 614 25
914 614 25
915 614 25
999 614 25
1000 614 25
1001 614 25
1002 614 25
1243 614 25
1244 614 25
1246 614 25
1247 614 25
1784 614 25
1785 614 25
1786 614 25
636 615 25
637 615 25
638 615 25
639 615 25
911 615 25
912 615 25
913 615 25
914 615 25
999 615 25
1000 615 25
1001 615 25
1002 615 25
1243 615 25
1244 615 25
1246 615 25
1247 615 25
1784 615 25
1785 615 25
1786 615 25
636 616 25
637 616 25
639 616 25
640 616 25
905 616 25
906 616 25
907 616 25
908 616 25
909 616 25
910 616 25
911 616 25
912 616 25
913 616 25
999 616 25
1000 616 25
1001 616 25
1002 616 25
1243 616 25
1244 616 25
1245 616 25
1246 616 25
1784 616 25
1785 616 25
1786 616 25
636 617 25
637 617 25
639 617 25
640 617 25
904 617 25
905 617 25
906 617 25
907 617 25
908 617 25
909 617 25
910 617 25
911 617 25
912 617 25
998 617 25
999 617 25
1001 617 25
1002 617 25
1243 617 25
1244 617 25
1245 617 25
1246 617 25
1784 617 25
1785 617 25
1786 617 25
636 618 25
637 618 25
639 618 25
640 618 25
905 618 25
906 618 25
907 618 25
908 618 25
909 618 25
910 618 25
911 618 25
998 618 25
999 618 25
1001 618 25
1002 618 25
1243 618 25
1244 618 25
1245 618 25
1246 618 25
1784 618 25
1785 618 25
1786 618 25
635 619 25
636 619 25
639 619 25
640 619 25
906 619 25
907 619 25
908 619 25
909 619 25
998 619 25
999 619 25
1001 619 25
1002 619 25
1243 619 25
1244 619 25
1245 619 25
1246 619 25
1784 619 25
1785 619 25
1786 619 25
635 620 25
636 620 25
638 620 25
639 620 25
998 620 25
999 620 25
1000 620 25
1001 620 25
1002 620 25
1243 620 25
1244 620 25
1245 620 25
1246 620 25
1784 620 25
1785 620 25
1786 620 25
635 621 25
636 621 25
638 621 25
639 621 25
998 621 25
999 621 25
1000 621 25
1001 621 25
1002 621 25
1242 621 25
1243 621 25
1245 621 25
1246 621 25
1784 621 25
1785 621 25
1786 621 25
635 622 25
636 622 25
638 622 25
639 622 25
998 622 25
999 622 25
1000 622 25
1001 622 25
1002 622 25
1242 622 25
1243 622 25
1244 622 25
1245 622 25
1783 622 25
1784 622 25
1785 622 25
1786 622 25
634 623 25
635 623 25
637 623 25
638 623 25
999 623 25
1000 623 25
1001 623 25
1002 623 25
1242 623 25
1243 623 25
1244 623 25
1245 623 25
1783 623 25
1784 623 25
1785 623 25
633 624 25
634 624 25
637 624 25
638 624 25
999 624 25
1000 624 25
1001 624 25
1002 624 25
1242 624 25
1243 624 25
1244 624 25
1245 624 25
1783 624 25
1784 624 25
1785 624 25
633 625 25
634 625 25
637 625 25
638 625 25
1000 625 25
1001 625 25
1002 625 25
1003 625 25
1242 625 25
1243 625 25
1244 625 25
1245 625 25
1782 625 25
1783 625 25
1784 625 25
1785 625 25
633 626 25
634 626 25
637 626 25
638 626 25
1001 626 25
1002 626 25
1003 626 25
1242 626 25
1243 626 25
1244 626 25
1245 626 25
1781 626 25
1782 626 25
1783 626 25
1784 626 25
634 627 25
635 627 25
637 627 25
638 627 25
1001 627 25
1002 627 25
1003 627 25
1004 627 25
1242 627 25
1243 627 25
1244 627 25
1245 627 25
1781 627 25
1782 627 25
1783 627 25
1784 627 25
635 628 25
636 628 25
637 628 25
1001 628 25
1002 628 25
1003 628 25
1004 628 25
1242 628 25
1243 628 25
1244 628 25
1245 628 25
1780 628 25
1781 628 25
1782 628 25
1783 628 25
636 629 25
1001 629 25
1002 629 25
1003 629 25
1004 629 25
1242 629 25
1243 629 25
1244 629 25
1245 629 25
1780 629 25
1781 629 25
1782 629 25
1783 629 25
1002 630 25
1003 630 25
1004 630 25
1005 630 25
1241 630 25
1242 630 25
1244 630 25
1245 630 25
1780 630 25
1781 630 25
1782 630 25
1783 630 25
1002 631 25
1003 631 25
1004 631 25
1005 631 25
1241 631 25
1242 631 25
1244 631 25
1245 631 25
1779 631 25
1780 631 25
1781 631 25
1782 631 25
1002 632 25
1003 632 25
1004 632 25
1005 632 25
1241 632 25
1242 632 25
1244 632 25
1245 632 25
1779 632 25
1780 632 25
1781 632 25
1782 632 25
1003 633 25
1004 633 25
1005 633 25
1241 633 25
1242 633 25
1244 633 25
1245 633 25
1779 633 25
1780 633 25
1781 633 25
1782 633 25
1003 634 25
1004 634 25
1005 634 25
1241 634 25
1242 634 25
1244 634 25
1245 634 25
1779 634 25
1780 634 25
1781 634 25
1782 634 25
1003 635 25
1004 635 25
1005 635 25
1241 635 25
1242 635 25
1244 635 25
1245 635 25
1779 635 25
1780 635 25
1781 635 25
1003 636 25
1004 636 25
1005 636 25
1241 636 25
1242 636 25
1244 636 25
1245 636 25
1779 636 25
1780 636 25
1781 636 25
1003 637 25
1004 637 25
1005 637 25
1241 637 25
1242 637 25
1244 637 25
1245 637 25
1779 637 25
1780 637 25
1781 637 25
1003 638 25
1004 638 25
1005 638 25
1241 638 25
1242 638 25
1244 638 25
1245 638 25
1779 638 25
1780 638 25
1781 638 25
1003 639 25
1004 639 25
1005 639 25
1241 639 25
1242 639 25
1244 639 25
1245 639 25
1779 639 25
1780 639 25
1781 639 25
1003 640 25
1004 640 25
1005 640 25
1240 640 25
1241 640 25
1244 640 25
1245 640 25
1778 640 25
1779 640 25
1780 640 25
1781 640 25
1003 641 25
1004 641 25
1005 641 25
1240 641 25
1241 641 25
1244 641 25
1245 641 25
1778 641 25
1779 641 25
1780 641 25
1003 642 25
1004 642 25
1005 642 25
1240 642 25
1241 642 25
1243 642 25
1244 642 25
1778 642 25
1779 642 25
1780 642 25
1003 643 25
1004 643 25
1005 643 25
1240 643 25
1241 643 25
1243 643 25
1244 643 25
1778 643 25
1779 643 25
1780 643 25
1003 644 25
1004 644 25
1005 644 25
1240 644 25
1241 644 25
1243 644 25
1244 644 25
1778 644 25
1779 644 25
1780 644 25
1003 645 25
1004 645 25
1005 645 25
1240 645 25
1241 645 25
1243 645 25
1244 645 25
1777 645 25
1778 645 25
1779 645 25
1780 645 25
1003 646 25
1004 646 25
1005 646 25
1240 646 25
1241 646 25
1242 646 25
1243 646 25
1777 646 25
1778 646 25
1779 646 25
1003 647 25
1004 647 25
1005 647 25
1240 647 25
1241 647 25
1242 647 25
1243 647 25
1777 647 25
1778 647 25
1779 647 25
1003 648 25
1004 648 25
1005 648 25
1240 648 25
1241 648 25
1242 648 25
1243 648 25
1776 648 25
1777 648 25
1778 648 25
1779 648 25
1002 649 25
1003 649 25
1004 649 25
1005 649 25
1240 649 25
1241 649 25
1242 649 25
1243 649 25
1776 649 25
1777 649 25
1778 649 25
1779 649 25
1002 650 25
1003 650 25
1004 650 25
1239 650 25
1240 650 25
1242 650 25
1243 650 25
1776 650 25
1777 650 25
1778 650 25
1779 650 25
1002 651 25
1003 651 25
1004 651 25
1239 651 25
1240 651 25
1242 651 25
1243 651 25
1775 651 25
1776 651 25
1777 651 25
1778 651 25
1001 652 25
1002 652 25
1003 652 25
1004 652 25
1239 652 25
1240 652 25
1242 652 25
1243 652 25
1775 652 25
1776 652 25
1777 652 25
1778 652 25
1001 653 25
1002 653 25
1003 653 25
1239 653 25
1240 653 25
1241 653 25
1242 653 25
1775 653 25
1776 653 25
1777 653 25
1778 653 25
1000 654 25
1001 654 25
1002 654 25
1003 654 25
1238 654 25
1239 654 25
1241 654 25
1242 654 25
1775 654 25
1776 654 25
1777 654 25
1000 655 25
1001 655 25
1002 655 25
1238 655 25
1239 655 25
1240 655 25
1241 655 25
1774 655 25
1775 655 25
1776 655 25
1777 655 25
999 656 25
1000 656 25
1001 656 25
1002 656 25
1238 656 25
1239 656 25
1240 656 25
1241 656 25
1774 656 25
1775 656 25
1776 656 25
1777 656 25
999 657 25
1000 657 25
1001 657 25
1237 657 25
1238 657 25
1240 657 25
1241 657 25
1774 657 25
1775 657 25
1776 657 25
998 658 25
999 658 25
1000 658 25
1001 658 25
1236 658 25
1237 658 25
1239 658 25
1240 658 25
1773 658 25
1774 658 25
1775 658 25
1776 658 25
998 659 25
999 659 25
1000 659 25
1236 659 25
1237 659 25
1239 659 25
1240 659 25
1773 659 25
1774 659 25
1775 659 25
1776 659 25
997 660 25
998 660 25
999 660 25
1000 660 25
1236 660 25
1237 660 25
1238 660 25
1239 660 25
1773 660 25
1774 660 25
1775 660 25
997 661 25
998 661 25
999 661 25
1000 661 25
1235 661 25
1236 661 25
1238 661 25
1239 661 25
1772 661 25
1773 661 25
1774 661 25
1775 661 25
997 662 25
998 662 25
999 662 25
1235 662 25
1236 662 25
1238 662 25
1239 662 25
1772 662 25
1773 662 25
1774 662 25
1775 662 25
996 663 25
997 663 25
998 663 25
999 663 25
1235 663 25
1236 663 25
1238 663 25
1239 663 25
1772 663 25
1773 663 25
1774 663 25
995 664 25
996 664 25
997 664 25
998 664 25
1235 664 25
1236 664 25
1237 664 25
1238 664 25
1771 664 25
1772 664 25
1773 664 25
1774 664 25
995 665 25
996 665 25
997 665 25
998 665 25
1235 665 25
1236 665 25
1237 665 25
1238 665 25
1771 665 25
1772 665 25
1773 665 25
1774 665 25
994 666 25
995 666 25
996 666 25
997 666 25
998 666 25
1236 666 25
1237 666 25
1238 666 25
1771 666 25
1772 666 25
1773 666 25
994 667 25
995 667 25
996 667 25
997 667 25
1237 667 25
1770 667 25
1771 667 25
1772 667 25
1773 667 25
994 668 25
995 668 25
996 668 25
997 668 25
1770 668 25
1771 668 25
1772 668 25
993 669 25
994 669 25
995 669 25
996 669 25
1769 669 25
1770 669 25
1771 669 25
1772 669 25
993 670 25
994 670 25
995 670 25
996 670 25
1769 670 25
1770 670 25
1771 670 25
993 671 25
994 671 25
995 671 25
1768 671 25
1769 671 25
1770 671 25
1771 671 25
992 672 25
993 672 25
994 672 25
995 672 25
1768 672 25
1769 672 25
1770 672 25
992 673 25
993 673 25
994 673 25
1766 673 25
1767 673 25
1768 673 25
1769 673 25
1770 673 25
991 674 25
992 674 25
993 674 25
994 674 25
1765 674 25
1766 674 25
1767 674 25
1768 674 25
1769 674 25
991 675 25
992 675 25
993 675 25
994 675 25
1763 675 25
1764 675 25
1765 675 25
1766 675 25
1767 675 25
1768 675 25
991 676 25
992 676 25
993 676 25
994 676 25
1762 676 25
1763 676 25
1764 676 25
1765 676 25
1766 676 25
991 677 25
992 677 25
993 677 25
1761 677 25
1762 677 25
1763 677 25
1764 677 25
1765 677 25
991 678 25
992 678 25
993 678 25
1761 678 25
1762 678 25
1763 678 25
991 679 25
992 679 25
993 679 25
1760 679 25
1761 679 25
1762 679 25
1763 679 25
991 680 25
992 680 25
993 680 25
1759 680 25
1760 680 25
1761 680 25
1762 680 25
992 681 25
1759 681 25
1760 681 25
1761 681 25
1758 682 25
1759 682 25
1760 682 25
1761 682 25
1757 683 25
1758 683 25
1759 683 25
1760 683 25
1757 684 25
1758 684 25
1759 684 25
1756 685 25
1757 685 25
1758 685 25
1759 685 25
1755 686 25
1756 686 25
1757 686 25
1758 686 25
1754 687 25
1755 687 25
1756 687 25
1757 687 25
1754 688 25
1755 688 25
1756 688 25
1753 689 25
1754 689 25
1755 689 25
1756 689 25
1753 690 25
1754 690 25
1755 690 25
1752 691 25
1753 691 25
1754 691 25
1755 691 25
1751 692 25
1752 692 25
1754 692 25
1755 692 25
1750 693 25
1751 693 25
1752 693 25
1753 693 25
1754 693 25
1750 694 25
1751 694 25
1752 694 25
1753 694 25
1749 695 25
1750 695 25
1751 695 25
1752 695 25
1750 696 25
1751 696 25
