1119 449 65
1121 449 65
1118 450 65
1119 450 65
1120 450 65
1121 450 65
1122 450 65
1117 451 65
1118 451 65
1119 451 65
1120 451 65
1121 451 65
1122 451 65
1116 452 65
1117 452 65
1120 452 65
1121 452 65
1122 452 65
1115 453 65
1116 453 65
1120 453 65
1121 453 65
1115 454 65
1116 454 65
1120 454 65
1121 454 65
1115 455 65
1116 455 65
1119 455 65
1120 455 65
1114 456 65
1115 456 65
1119 456 65
1120 456 65
1121 456 65
1114 457 65
1115 457 65
1120 457 65
1121 457 65
1122 457 65
1114 458 65
1115 458 65
1121 458 65
1122 458 65
1113 459 65
1114 459 65
1120 459 65
1121 459 65
1112 460 65
1113 460 65
1119 460 65
1120 460 65
1112 461 65
1113 461 65
1119 461 65
1120 461 65
1111 462 65
1112 462 65
1118 462 65
1119 462 65
1111 463 65
1112 463 65
1117 463 65
1118 463 65
1110 464 65
1111 464 65
1117 464 65
1118 464 65
1110 465 65
1111 465 65
1116 465 65
1117 465 65
1109 466 65
1110 466 65
1115 466 65
1116 466 65
1108 467 65
1109 467 65
1115 467 65
1116 467 65
1108 468 65
1109 468 65
1114 468 65
1115 468 65
1108 469 65
1109 469 65
1114 469 65
1115 469 65
1107 470 65
1108 470 65
1114 470 65
1115 470 65
1107 471 65
1108 471 65
1113 471 65
1114 471 65
1106 472 65
1107 472 65
1113 472 65
1114 472 65
1106 473 65
1107 473 65
1112 473 65
1113 473 65
1106 474 65
1107 474 65
1111 474 65
1112 474 65
1105 475 65
1106 475 65
1111 475 65
1112 475 65
1105 476 65
1106 476 65
1111 476 65
1112 476 65
1105 477 65
1106 477 65
1111 477 65
1112 477 65
1105 478 65
1106 478 65
1110 478 65
1111 478 65
1105 479 65
1106 479 65
1110 479 65
1111 479 65
1105 480 65
1106 480 65
1110 480 65
1111 480 65
1104 481 65
1105 481 65
1110 481 65
1111 481 65
1104 482 65
1105 482 65
1109 482 65
1110 482 65
1104 483 65
1105 483 65
1109 483 65
1110 483 65
1104 484 65
1105 484 65
1109 484 65
1110 484 65
1103 485 65
1104 485 65
1109 485 65
1110 485 65
1103 486 65
1104 486 65
1108 486 65
1109 486 65
1103 487 65
1104 487 65
1108 487 65
1109 487 65
1103 488 65
1104 488 65
1109 488 65
1110 488 65
1102 489 65
1103 489 65
1110 489 65
1111 489 65
1102 490 65
1103 490 65
1111 490 65
1112 490 65
1102 491 65
1103 491 65
1111 491 65
1112 491 65
1102 492 65
1103 492 65
1106 492 65
1111 492 65
1112 492 65
1102 493 65
1103 493 65
1105 493 65
1106 493 65
1107 493 65
1112 493 65
1113 493 65
1101 494 65
1102 494 65
1105 494 65
1106 494 65
1107 494 65
1113 494 65
1114 494 65
1101 495 65
1102 495 65
1105 495 65
1106 495 65
1107 495 65
1108 495 65
1113 495 65
1114 495 65
1101 496 65
1102 496 65
1104 496 65
1105 496 65
1106 496 65
1107 496 65
1108 496 65
1113 496 65
1114 496 65
1100 497 65
1101 497 65
1103 497 65
1104 497 65
1107 497 65
1108 497 65
1113 497 65
1114 497 65
1100 498 65
1101 498 65
1103 498 65
1104 498 65
1108 498 65
1109 498 65
1114 498 65
1115 498 65
1100 499 65
1101 499 65
1103 499 65
1104 499 65
1108 499 65
1109 499 65
1114 499 65
1115 499 65
1100 500 65
1101 500 65
1102 500 65
1103 500 65
1109 500 65
1110 500 65
1114 500 65
1115 500 65
1099 501 65
1100 501 65
1102 501 65
1103 501 65
1109 501 65
1110 501 65
1114 501 65
1115 501 65
1099 502 65
1100 502 65
1101 502 65
1102 502 65
1109 502 65
1110 502 65
1113 502 65
1114 502 65
1099 503 65
1100 503 65
1101 503 65
1102 503 65
1108 503 65
1109 503 65
1112 503 65
1113 503 65
1098 504 65
1099 504 65
1101 504 65
1102 504 65
1108 504 65
1109 504 65
1112 504 65
1113 504 65
1098 505 65
1099 505 65
1100 505 65
1101 505 65
1108 505 65
1109 505 65
1112 505 65
1113 505 65
1097 506 65
1098 506 65
1100 506 65
1101 506 65
1108 506 65
1109 506 65
1112 506 65
1113 506 65
1097 507 65
1098 507 65
1099 507 65
1100 507 65
1107 507 65
1108 507 65
1112 507 65
1113 507 65
1097 508 65
1098 508 65
1099 508 65
1100 508 65
1107 508 65
1108 508 65
1111 508 65
1112 508 65
1096 509 65
1097 509 65
1099 509 65
1100 509 65
1107 509 65
1108 509 65
1111 509 65
1112 509 65
1096 510 65
1097 510 65
1098 510 65
1099 510 65
1106 510 65
1107 510 65
1110 510 65
1111 510 65
1096 511 65
1097 511 65
1098 511 65
1099 511 65
1106 511 65
1107 511 65
1110 511 65
1111 511 65
1096 512 65
1097 512 65
1098 512 65
1099 512 65
1106 512 65
1107 512 65
1109 512 65
1110 512 65
1111 512 65
1096 513 65
1097 513 65
1098 513 65
1099 513 65
1105 513 65
1106 513 65
1108 513 65
1109 513 65
1110 513 65
1096 514 65
1097 514 65
1098 514 65
1099 514 65
1105 514 65
1106 514 65
1108 514 65
1109 514 65
1096 515 65
1097 515 65
1098 515 65
1099 515 65
1105 515 65
1106 515 65
1108 515 65
1109 515 65
1096 516 65
1097 516 65
1098 516 65
1099 516 65
1106 516 65
1107 516 65
1108 516 65
1109 516 65
1096 517 65
1097 517 65
1098 517 65
1099 517 65
1106 517 65
1107 517 65
1108 517 65
1109 517 65
1096 518 65
1097 518 65
1098 518 65
1099 518 65
1105 518 65
1106 518 65
1108 518 65
1109 518 65
1095 519 65
1096 519 65
1098 519 65
1099 519 65
1105 519 65
1106 519 65
1107 519 65
1108 519 65
1095 520 65
1096 520 65
1097 520 65
1098 520 65
1104 520 65
1105 520 65
1107 520 65
1108 520 65
1095 521 65
1096 521 65
1097 521 65
1098 521 65
1104 521 65
1105 521 65
1106 521 65
1107 521 65
1095 522 65
1096 522 65
1097 522 65
1098 522 65
1104 522 65
1105 522 65
1106 522 65
1107 522 65
1095 523 65
1096 523 65
1097 523 65
1098 523 65
1104 523 65
1105 523 65
1106 523 65
1107 523 65
1095 524 65
1096 524 65
1097 524 65
1098 524 65
1103 524 65
1104 524 65
1106 524 65
1107 524 65
1095 525 65
1096 525 65
1097 525 65
1098 525 65
1103 525 65
1104 525 65
1105 525 65
1106 525 65
1095 526 65
1096 526 65
1097 526 65
1098 526 65
1103 526 65
1104 526 65
1105 526 65
1106 526 65
1095 527 65
1096 527 65
1097 527 65
1098 527 65
1102 527 65
1103 527 65
1105 527 65
1106 527 65
1094 528 65
1095 528 65
1097 528 65
1098 528 65
1102 528 65
1103 528 65
1104 528 65
1105 528 65
1094 529 65
1095 529 65
1096 529 65
1097 529 65
1101 529 65
1102 529 65
1104 529 65
1105 529 65
1093 530 65
1094 530 65
1096 530 65
1097 530 65
1101 530 65
1102 530 65
1103 530 65
1104 530 65
1093 531 65
1094 531 65
1095 531 65
1096 531 65
1100 531 65
1101 531 65
1103 531 65
1104 531 65
1093 532 65
1094 532 65
1095 532 65
1096 532 65
1098 532 65
1099 532 65
1100 532 65
1102 532 65
1103 532 65
1093 533 65
1094 533 65
1095 533 65
1096 533 65
1097 533 65
1098 533 65
1099 533 65
1101 533 65
1102 533 65
1092 534 65
1093 534 65
1095 534 65
1096 534 65
1097 534 65
1099 534 65
1100 534 65
1101 534 65
1092 535 65
1093 535 65
1096 535 65
1098 535 65
1099 535 65
1100 535 65
1092 536 65
1093 536 65
1095 536 65
1096 536 65
1097 536 65
1098 536 65
1091 537 65
1092 537 65
1094 537 65
1095 537 65
1096 537 65
1097 537 65
1091 538 65
1092 538 65
1093 538 65
1094 538 65
1091 539 65
1092 539 65
1093 539 65
1094 539 65
1090 540 65
1091 540 65
1093 540 65
1094 540 65
1089 541 65
1090 541 65
1092 541 65
1093 541 65
1089 542 65
1090 542 65
1092 542 65
1093 542 65
1089 543 65
1090 543 65
1092 543 65
1093 543 65
1088 544 65
1089 544 65
1091 544 65
1092 544 65
1088 545 65
1089 545 65
1091 545 65
1092 545 65
1087 546 65
1088 546 65
1090 546 65
1091 546 65
1086 547 65
1087 547 65
1089 547 65
1090 547 65
1086 548 65
1087 548 65
1089 548 65
1090 548 65
1086 549 65
1087 549 65
1089 549 65
1090 549 65
1085 550 65
1086 550 65
1088 550 65
1089 550 65
1085 551 65
1086 551 65
1088 551 65
1089 551 65
1084 552 65
1085 552 65
1087 552 65
1088 552 65
1084 553 65
1085 553 65
1087 553 65
1088 553 65
1084 554 65
1085 554 65
1086 554 65
1087 554 65
1084 555 65
1085 555 65
1086 555 65
1087 555 65
1083 556 65
1084 556 65
1086 556 65
1087 556 65
1083 557 65
1084 557 65
1085 557 65
1086 557 65
1083 558 65
1084 558 65
1085 558 65
1086 558 65
1082 559 65
1083 559 65
1085 559 65
1086 559 65
1082 560 65
1083 560 65
1084 560 65
1085 560 65
1082 561 65
1083 561 65
1084 561 65
1085 561 65
1082 562 65
1083 562 65
1084 562 65
1085 562 65
1082 563 65
1083 563 65
1084 563 65
1085 563 65
1083 564 65
1084 564 65
