1916 313 50
1917 313 50
1915 314 50
1916 314 50
1917 314 50
1918 314 50
1915 315 50
1916 315 50
1917 315 50
1918 315 50
1915 316 50
1916 316 50
1917 316 50
1918 316 50
1914 317 50
1915 317 50
1917 317 50
1918 317 50
1914 318 50
1915 318 50
1916 318 50
1917 318 50
1914 319 50
1915 319 50
1916 319 50
1917 319 50
1914 320 50
1915 320 50
1916 320 50
1917 320 50
1914 321 50
1915 321 50
1916 321 50
1917 321 50
1913 322 50
1914 322 50
1916 322 50
1917 322 50
1913 323 50
1914 323 50
1915 323 50
1916 323 50
1913 324 50
1914 324 50
1915 324 50
1916 324 50
1913 325 50
1914 325 50
1915 325 50
1916 325 50
1913 326 50
1914 326 50
1915 326 50
1916 326 50
1913 327 50
1914 327 50
1915 327 50
1916 327 50
1912 328 50
1913 328 50
1915 328 50
1916 328 50
1912 329 50
1913 329 50
1914 329 50
1915 329 50
1912 330 50
1913 330 50
1914 330 50
1915 330 50
1912 331 50
1913 331 50
1914 331 50
1915 331 50
1911 332 50
1912 332 50
1914 332 50
1915 332 50
1911 333 50
1912 333 50
1913 333 50
1914 333 50
1910 334 50
1911 334 50
1913 334 50
1914 334 50
1910 335 50
1911 335 50
1913 335 50
1914 335 50
1909 336 50
1910 336 50
1912 336 50
1913 336 50
1909 337 50
1910 337 50
1911 337 50
1912 337 50
1913 337 50
1908 338 50
1909 338 50
1910 338 50
1912 338 50
1913 338 50
1908 339 50
1909 339 50
1910 339 50
1911 339 50
1912 339 50
1907 340 50
1908 340 50
1909 340 50
1911 340 50
1912 340 50
1907 341 50
1908 341 50
1909 341 50
1910 341 50
1911 341 50
1906 342 50
1907 342 50
1908 342 50
1910 342 50
1911 342 50
1906 343 50
1907 343 50
1909 343 50
1910 343 50
1906 344 50
1907 344 50
1909 344 50
1910 344 50
1905 345 50
1906 345 50
1908 345 50
1909 345 50
1905 346 50
1906 346 50
1908 346 50
1909 346 50
1904 347 50
1905 347 50
1907 347 50
1908 347 50
1904 348 50
1905 348 50
1907 348 50
1908 348 50
1904 349 50
1905 349 50
1906 349 50
1907 349 50
1903 350 50
1904 350 50
1906 350 50
1907 350 50
1902 351 50
1903 351 50
1905 351 50
1906 351 50
1902 352 50
1903 352 50
1904 352 50
1905 352 50
1901 353 50
1902 353 50
1904 353 50
1905 353 50
1901 354 50
1902 354 50
1903 354 50
1904 354 50
1900 355 50
1901 355 50
1903 355 50
1904 355 50
1900 356 50
1901 356 50
1902 356 50
1903 356 50
1899 357 50
1900 357 50
1902 357 50
1903 357 50
1898 358 50
1899 358 50
1901 358 50
1902 358 50
1898 359 50
1899 359 50
1900 359 50
1901 359 50
1897 360 50
1898 360 50
1900 360 50
1901 360 50
1897 361 50
1898 361 50
1899 361 50
1900 361 50
1896 362 50
1897 362 50
1899 362 50
1900 362 50
1896 363 50
1897 363 50
1898 363 50
1899 363 50
1895 364 50
1896 364 50
1898 364 50
1899 364 50
713 365 50
714 365 50
715 365 50
1895 365 50
1896 365 50
1897 365 50
1898 365 50
712 366 50
713 366 50
714 366 50
715 366 50
716 366 50
1894 366 50
1895 366 50
1897 366 50
1898 366 50
712 367 50
713 367 50
715 367 50
716 367 50
1894 367 50
1895 367 50
1896 367 50
1897 367 50
712 368 50
713 368 50
715 368 50
716 368 50
1893 368 50
1894 368 50
1896 368 50
1897 368 50
712 369 50
713 369 50
715 369 50
716 369 50
1893 369 50
1894 369 50
1895 369 50
1896 369 50
712 370 50
713 370 50
715 370 50
716 370 50
1892 370 50
1893 370 50
1895 370 50
1896 370 50
712 371 50
713 371 50
715 371 50
716 371 50
1892 371 50
1893 371 50
1894 371 50
1895 371 50
712 372 50
713 372 50
715 372 50
716 372 50
1087 372 50
1088 372 50
1892 372 50
1893 372 50
1894 372 50
1895 372 50
712 373 50
713 373 50
714 373 50
715 373 50
1086 373 50
1087 373 50
1088 373 50
1089 373 50
1891 373 50
1892 373 50
1894 373 50
1895 373 50
712 374 50
713 374 50
714 374 50
715 374 50
1085 374 50
1086 374 50
1088 374 50
1089 374 50
1891 374 50
1892 374 50
1893 374 50
1894 374 50
712 375 50
713 375 50
714 375 50
715 375 50
1085 375 50
1086 375 50
1087 375 50
1088 375 50
1890 375 50
1891 375 50
1893 375 50
1894 375 50
712 376 50
713 376 50
714 376 50
715 376 50
1085 376 50
1086 376 50
1087 376 50
1088 376 50
1890 376 50
1891 376 50
1892 376 50
1893 376 50
712 377 50
713 377 50
714 377 50
715 377 50
1085 377 50
1086 377 50
1087 377 50
1088 377 50
1890 377 50
1891 377 50
1892 377 50
1893 377 50
712 378 50
713 378 50
714 378 50
715 378 50
1085 378 50
1086 378 50
1087 378 50
1088 378 50
1889 378 50
1890 378 50
1892 378 50
1893 378 50
712 379 50
713 379 50
714 379 50
715 379 50
1084 379 50
1085 379 50
1087 379 50
1088 379 50
1889 379 50
1890 379 50
1891 379 50
1892 379 50
712 380 50
713 380 50
714 380 50
715 380 50
1084 380 50
1085 380 50
1086 380 50
1087 380 50
1888 380 50
1889 380 50
1891 380 50
1892 380 50
712 381 50
713 381 50
714 381 50
715 381 50
1084 381 50
1085 381 50
1086 381 50
1087 381 50
1888 381 50
1889 381 50
1890 381 50
1891 381 50
712 382 50
713 382 50
714 382 50
715 382 50
1084 382 50
1085 382 50
1086 382 50
1087 382 50
1887 382 50
1888 382 50
1890 382 50
1891 382 50
712 383 50
713 383 50
714 383 50
715 383 50
1084 383 50
1085 383 50
1086 383 50
1087 383 50
1887 383 50
1888 383 50
1889 383 50
1890 383 50
711 384 50
712 384 50
714 384 50
715 384 50
1084 384 50
1085 384 50
1086 384 50
1087 384 50
1887 384 50
1888 384 50
1889 384 50
1890 384 50
711 385 50
712 385 50
714 385 50
715 385 50
1083 385 50
1084 385 50
1086 385 50
1087 385 50
1886 385 50
1887 385 50
1889 385 50
1890 385 50
711 386 50
712 386 50
714 386 50
715 386 50
1083 386 50
1084 386 50
1085 386 50
1086 386 50
1886 386 50
1887 386 50
1888 386 50
1889 386 50
710 387 50
711 387 50
713 387 50
714 387 50
1083 387 50
1084 387 50
1085 387 50
1086 387 50
1113 387 50
1886 387 50
1887 387 50
1888 387 50
1889 387 50
710 388 50
711 388 50
713 388 50
714 388 50
1083 388 50
1084 388 50
1085 388 50
1086 388 50
1112 388 50
1113 388 50
1114 388 50
1885 388 50
1886 388 50
1888 388 50
1889 388 50
709 389 50
710 389 50
712 389 50
713 389 50
1083 389 50
1084 389 50
1085 389 50
1086 389 50
1112 389 50
1113 389 50
1114 389 50
1885 389 50
1886 389 50
1887 389 50
1888 389 50
709 390 50
710 390 50
711 390 50
712 390 50
1082 390 50
1083 390 50
1085 390 50
1086 390 50
1110 390 50
1111 390 50
1112 390 50
1113 390 50
1885 390 50
1886 390 50
1887 390 50
1888 390 50
709 391 50
710 391 50
711 391 50
712 391 50
1082 391 50
1083 391 50
1084 391 50
1085 391 50
1109 391 50
1110 391 50
1111 391 50
1112 391 50
1113 391 50
1884 391 50
1885 391 50
1887 391 50
1888 391 50
709 392 50
710 392 50
711 392 50
712 392 50
1082 392 50
1083 392 50
1084 392 50
1085 392 50
1109 392 50
1110 392 50
1112 392 50
1113 392 50
1884 392 50
1885 392 50
1886 392 50
1887 392 50
709 393 50
710 393 50
711 393 50
712 393 50
1082 393 50
1083 393 50
1084 393 50
1085 393 50
1109 393 50
1110 393 50
1112 393 50
1113 393 50
1884 393 50
1885 393 50
1886 393 50
1887 393 50
709 394 50
710 394 50
712 394 50
713 394 50
1081 394 50
1082 394 50
1084 394 50
1085 394 50
1109 394 50
1110 394 50
1111 394 50
1112 394 50
1883 394 50
1884 394 50
1886 394 50
1887 394 50
710 395 50
711 395 50
712 395 50
713 395 50
1081 395 50
1082 395 50
1083 395 50
1084 395 50
1108 395 50
1109 395 50
1111 395 50
1112 395 50
1883 395 50
1884 395 50
1885 395 50
1886 395 50
710 396 50
711 396 50
713 396 50
714 396 50
1081 396 50
1082 396 50
1083 396 50
1084 396 50
1108 396 50
1109 396 50
1111 396 50
1112 396 50
1883 396 50
1884 396 50
1885 396 50
1886 396 50
711 397 50
712 397 50
713 397 50
714 397 50
1081 397 50
1082 397 50
1083 397 50
1084 397 50
1108 397 50
1109 397 50
1111 397 50
1112 397 50
1882 397 50
1883 397 50
1885 397 50
1886 397 50
711 398 50
712 398 50
713 398 50
714 398 50
1081 398 50
1082 398 50
1083 398 50
1084 398 50
1108 398 50
1109 398 50
1111 398 50
1112 398 50
1882 398 50
1883 398 50
1885 398 50
1886 398 50
711 399 50
712 399 50
714 399 50
715 399 50
1080 399 50
1081 399 50
1083 399 50
1084 399 50
1108 399 50
1109 399 50
1110 399 50
1111 399 50
1882 399 50
1883 399 50
1884 399 50
1885 399 50
712 400 50
713 400 50
714 400 50
715 400 50
1080 400 50
1081 400 50
1082 400 50
1083 400 50
1108 400 50
1109 400 50
1110 400 50
1111 400 50
1881 400 50
1882 400 50
1884 400 50
1885 400 50
712 401 50
713 401 50
714 401 50
715 401 50
1080 401 50
1081 401 50
1082 401 50
1083 401 50
1108 401 50
1109 401 50
1110 401 50
1111 401 50
1881 401 50
1882 401 50
1883 401 50
1884 401 50
712 402 50
713 402 50
714 402 50
715 402 50
1079 402 50
1080 402 50
1082 402 50
1083 402 50
1108 402 50
1109 402 50
1110 402 50
1111 402 50
1881 402 50
1882 402 50
1883 402 50
1884 402 50
711 403 50
712 403 50
714 403 50
715 403 50
735 403 50
736 403 50
1079 403 50
1080 403 50
1081 403 50
1082 403 50
1108 403 50
1109 403 50
1110 403 50
1111 403 50
1880 403 50
1881 403 50
1883 403 50
1884 403 50
711 404 50
712 404 50
713 404 50
714 404 50
734 404 50
735 404 50
736 404 50
737 404 50
1079 404 50
1080 404 50
1081 404 50
1082 404 50
1108 404 50
1109 404 50
1110 404 50
1111 404 50
1880 404 50
1881 404 50
1883 404 50
1884 404 50
711 405 50
712 405 50
713 405 50
714 405 50
734 405 50
735 405 50
736 405 50
737 405 50
1079 405 50
1080 405 50
1081 405 50
1082 405 50
1107 405 50
1108 405 50
1110 405 50
1111 405 50
1338 405 50
1880 405 50
1881 405 50
1882 405 50
1883 405 50
711 406 50
712 406 50
713 406 50
714 406 50
734 406 50
735 406 50
736 406 50
737 406 50
1079 406 50
1080 406 50
1081 406 50
1082 406 50
1107 406 50
1108 406 50
1109 406 50
1110 406 50
1337 406 50
1338 406 50
1339 406 50
1879 406 50
1880 406 50
1882 406 50
1883 406 50
710 407 50
711 407 50
713 407 50
714 407 50
734 407 50
735 407 50
736 407 50
737 407 50
1079 407 50
1080 407 50
1081 407 50
1082 407 50
1107 407 50
1108 407 50
1109 407 50
1110 407 50
1336 407 50
1337 407 50
1339 407 50
1340 407 50
1879 407 50
1880 407 50
1881 407 50
1882 407 50
710 408 50
711 408 50
712 408 50
713 408 50
734 408 50
735 408 50
736 408 50
737 408 50
1078 408 50
1079 408 50
1081 408 50
1082 408 50
1107 408 50
1108 408 50
1109 408 50
1110 408 50
1335 408 50
1336 408 50
1338 408 50
1339 408 50
1878 408 50
1879 408 50
1881 408 50
1882 408 50
710 409 50
711 409 50
712 409 50
713 409 50
734 409 50
735 409 50
736 409 50
737 409 50
1078 409 50
1079 409 50
1080 409 50
1081 409 50
1107 409 50
1108 409 50
1109 409 50
1110 409 50
1335 409 50
1336 409 50
1338 409 50
1339 409 50
1878 409 50
1879 409 50
1881 409 50
1882 409 50
710 410 50
711 410 50
712 410 50
713 410 50
734 410 50
735 410 50
736 410 50
737 410 50
1078 410 50
1079 410 50
1080 410 50
1081 410 50
1106 410 50
1107 410 50
1109 410 50
1110 410 50
1335 410 50
1336 410 50
1337 410 50
1338 410 50
1878 410 50
1879 410 50
1880 410 50
1881 410 50
710 411 50
711 411 50
712 411 50
713 411 50
734 411 50
735 411 50
736 411 50
737 411 50
1078 411 50
1079 411 50
1080 411 50
1081 411 50
1106 411 50
1107 411 50
1108 411 50
1109 411 50
1335 411 50
1336 411 50
1337 411 50
1338 411 50
1877 411 50
1878 411 50
1880 411 50
1881 411 50
710 412 50
711 412 50
712 412 50
713 412 50
734 412 50
735 412 50
736 412 50
737 412 50
1077 412 50
1078 412 50
1080 412 50
1081 412 50
1106 412 50
1107 412 50
1108 412 50
1109 412 50
1335 412 50
1336 412 50
1337 412 50
1338 412 50
1877 412 50
1878 412 50
1879 412 50
1880 412 50
710 413 50
711 413 50
713 413 50
714 413 50
734 413 50
735 413 50
736 413 50
737 413 50
1077 413 50
1078 413 50
1079 413 50
1080 413 50
1106 413 50
1107 413 50
1108 413 50
1109 413 50
1334 413 50
1335 413 50
1337 413 50
1338 413 50
1877 413 50
1878 413 50
1879 413 50
1880 413 50
710 414 50
711 414 50
713 414 50
714 414 50
733 414 50
734 414 50
736 414 50
737 414 50
1077 414 50
1078 414 50
1079 414 50
1080 414 50
1106 414 50
1107 414 50
1108 414 50
1109 414 50
1334 414 50
1335 414 50
1336 414 50
1337 414 50
1876 414 50
1877 414 50
1879 414 50
1880 414 50
710 415 50
711 415 50
713 415 50
714 415 50
733 415 50
734 415 50
735 415 50
736 415 50
1077 415 50
1078 415 50
1079 415 50
1080 415 50
1105 415 50
1106 415 50
1108 415 50
1109 415 50
1334 415 50
1335 415 50
1337 415 50
1338 415 50
1875 415 50
1876 415 50
1878 415 50
1879 415 50
710 416 50
711 416 50
713 416 50
714 416 50
733 416 50
734 416 50
735 416 50
736 416 50
1076 416 50
1077 416 50
1079 416 50
1080 416 50
1105 416 50
1106 416 50
1107 416 50
1108 416 50
1334 416 50
1335 416 50
1337 416 50
1338 416 50
1875 416 50
1876 416 50
1877 416 50
1878 416 50
710 417 50
711 417 50
713 417 50
714 417 50
732 417 50
733 417 50
735 417 50
736 417 50
1076 417 50
1077 417 50
1079 417 50
1080 417 50
1104 417 50
1105 417 50
1107 417 50
1108 417 50
1334 417 50
1335 417 50
1337 417 50
1338 417 50
1875 417 50
1876 417 50
1877 417 50
1878 417 50
710 418 50
711 418 50
713 418 50
714 418 50
732 418 50
733 418 50
734 418 50
735 418 50
1076 418 50
1077 418 50
1079 418 50
1080 418 50
1104 418 50
1105 418 50
1106 418 50
1107 418 50
1334 418 50
1335 418 50
1337 418 50
1338 418 50
1874 418 50
1875 418 50
1877 418 50
1878 418 50
710 419 50
711 419 50
713 419 50
714 419 50
731 419 50
732 419 50
734 419 50
735 419 50
1076 419 50
1077 419 50
1078 419 50
1079 419 50
1104 419 50
1105 419 50
1106 419 50
1107 419 50
1334 419 50
1335 419 50
1336 419 50
1337 419 50
1338 419 50
1874 419 50
1875 419 50
1876 419 50
1877 419 50
710 420 50
711 420 50
713 420 50
714 420 50
731 420 50
732 420 50
733 420 50
734 420 50
1076 420 50
1077 420 50
1078 420 50
1079 420 50
1104 420 50
1105 420 50
1106 420 50
1107 420 50
1334 420 50
1335 420 50
1336 420 50
1337 420 50
1338 420 50
1339 420 50
1873 420 50
1874 420 50
1876 420 50
1877 420 50
710 421 50
711 421 50
713 421 50
714 421 50
730 421 50
731 421 50
733 421 50
734 421 50
1076 421 50
1077 421 50
1078 421 50
1079 421 50
1103 421 50
1104 421 50
1106 421 50
1107 421 50
1334 421 50
1335 421 50
1337 421 50
1338 421 50
1339 421 50
1873 421 50
1874 421 50
1875 421 50
1876 421 50
710 422 50
711 422 50
713 422 50
714 422 50
730 422 50
731 422 50
732 422 50
733 422 50
1075 422 50
1076 422 50
1078 422 50
1079 422 50
1103 422 50
1104 422 50
1105 422 50
1106 422 50
1335 422 50
1336 422 50
1338 422 50
1339 422 50
1873 422 50
1874 422 50
1875 422 50
1876 422 50
710 423 50
711 423 50
713 423 50
714 423 50
729 423 50
730 423 50
732 423 50
733 423 50
955 423 50
956 423 50
1075 423 50
1076 423 50
1077 423 50
1078 423 50
1103 423 50
1104 423 50
1105 423 50
1106 423 50
1335 423 50
1336 423 50
1338 423 50
1339 423 50
1872 423 50
1873 423 50
1875 423 50
1876 423 50
710 424 50
711 424 50
713 424 50
714 424 50
729 424 50
730 424 50
731 424 50
732 424 50
954 424 50
955 424 50
956 424 50
957 424 50
1075 424 50
1076 424 50
1077 424 50
1078 424 50
1102 424 50
1103 424 50
1105 424 50
1106 424 50
1335 424 50
1336 424 50
1338 424 50
1339 424 50
1872 424 50
1873 424 50
1874 424 50
1875 424 50
711 425 50
712 425 50
713 425 50
714 425 50
728 425 50
729 425 50
731 425 50
732 425 50
954 425 50
955 425 50
956 425 50
957 425 50
1075 425 50
1076 425 50
1077 425 50
1078 425 50
1102 425 50
1103 425 50
1104 425 50
1105 425 50
1335 425 50
1336 425 50
1338 425 50
1339 425 50
1871 425 50
1872 425 50
1874 425 50
1875 425 50
711 426 50
712 426 50
713 426 50
714 426 50
728 426 50
729 426 50
730 426 50
731 426 50
954 426 50
955 426 50
956 426 50
957 426 50
1075 426 50
1076 426 50
1077 426 50
1078 426 50
1102 426 50
1103 426 50
1104 426 50
1105 426 50
1336 426 50
1337 426 50
1338 426 50
1339 426 50
1870 426 50
1871 426 50
1873 426 50
1874 426 50
1875 426 50
711 427 50
712 427 50
713 427 50
714 427 50
727 427 50
728 427 50
730 427 50
731 427 50
953 427 50
954 427 50
956 427 50
957 427 50
1075 427 50
1076 427 50
1077 427 50
1078 427 50
1101 427 50
1102 427 50
1104 427 50
1105 427 50
1336 427 50
1337 427 50
1338 427 50
1339 427 50
1870 427 50
1871 427 50
1872 427 50
1873 427 50
1874 427 50
711 428 50
712 428 50
713 428 50
714 428 50
727 428 50
728 428 50
729 428 50
730 428 50
953 428 50
954 428 50
955 428 50
956 428 50
1075 428 50
1076 428 50
1077 428 50
1078 428 50
1101 428 50
1102 428 50
1103 428 50
1104 428 50
1336 428 50
1337 428 50
1339 428 50
1340 428 50
1869 428 50
1870 428 50
1872 428 50
1873 428 50
1874 428 50
711 429 50
712 429 50
713 429 50
714 429 50
726 429 50
727 429 50
729 429 50
730 429 50
953 429 50
954 429 50
955 429 50
956 429 50
1074 429 50
1075 429 50
1077 429 50
1078 429 50
1100 429 50
1101 429 50
1103 429 50
1104 429 50
1337 429 50
1338 429 50
1339 429 50
1340 429 50
1869 429 50
1870 429 50
1871 429 50
1872 429 50
1873 429 50
711 430 50
712 430 50
713 430 50
714 430 50
715 430 50
726 430 50
727 430 50
728 430 50
729 430 50
952 430 50
953 430 50
955 430 50
956 430 50
1074 430 50
1075 430 50
1077 430 50
1078 430 50
1100 430 50
1101 430 50
1102 430 50
1103 430 50
1337 430 50
1338 430 50
1339 430 50
1340 430 50
1868 430 50
1869 430 50
1871 430 50
1872 430 50
1873 430 50
712 431 50
713 431 50
714 431 50
726 431 50
727 431 50
728 431 50
729 431 50
952 431 50
953 431 50
954 431 50
955 431 50
1074 431 50
1075 431 50
1076 431 50
1077 431 50
1100 431 50
1101 431 50
1102 431 50
1103 431 50
1337 431 50
1338 431 50
1339 431 50
1340 431 50
1867 431 50
1868 431 50
1870 431 50
1871 431 50
1872 431 50
1873 431 50
726 432 50
727 432 50
728 432 50
729 432 50
952 432 50
953 432 50
954 432 50
955 432 50
1074 432 50
1075 432 50
1076 432 50
1077 432 50
1099 432 50
1100 432 50
1102 432 50
1103 432 50
1337 432 50
1338 432 50
1340 432 50
1341 432 50
1867 432 50
1868 432 50
1869 432 50
1870 432 50
1871 432 50
1872 432 50
725 433 50
726 433 50
728 433 50
729 433 50
952 433 50
953 433 50
954 433 50
955 433 50
1074 433 50
1075 433 50
1076 433 50
1077 433 50
1099 433 50
1100 433 50
1102 433 50
1103 433 50
1338 433 50
1339 433 50
1340 433 50
1341 433 50
1867 433 50
1868 433 50
1869 433 50
1870 433 50
1871 433 50
1872 433 50
725 434 50
726 434 50
727 434 50
728 434 50
951 434 50
952 434 50
954 434 50
955 434 50
1074 434 50
1075 434 50
1076 434 50
1077 434 50
1098 434 50
1099 434 50
1101 434 50
1102 434 50
1338 434 50
1339 434 50
1341 434 50
1342 434 50
1866 434 50
1867 434 50
1869 434 50
1870 434 50
1871 434 50
725 435 50
726 435 50
727 435 50
728 435 50
951 435 50
952 435 50
953 435 50
954 435 50
1073 435 50
1074 435 50
1076 435 50
1077 435 50
1098 435 50
1099 435 50
1101 435 50
1102 435 50
1338 435 50
1339 435 50
1341 435 50
1342 435 50
1866 435 50
1867 435 50
1868 435 50
1869 435 50
1870 435 50
1871 435 50
725 436 50
726 436 50
727 436 50
728 436 50
950 436 50
951 436 50
953 436 50
954 436 50
1073 436 50
1074 436 50
1076 436 50
1077 436 50
1098 436 50
1099 436 50
1100 436 50
1101 436 50
1339 436 50
1340 436 50
1341 436 50
1342 436 50
1866 436 50
1867 436 50
1868 436 50
1869 436 50
1870 436 50
1871 436 50
724 437 50
725 437 50
727 437 50
728 437 50
950 437 50
951 437 50
952 437 50
953 437 50
1073 437 50
1074 437 50
1076 437 50
1077 437 50
1097 437 50
1098 437 50
1100 437 50
1101 437 50
1339 437 50
1340 437 50
1341 437 50
1342 437 50
1866 437 50
1867 437 50
1868 437 50
1869 437 50
1870 437 50
724 438 50
725 438 50
726 438 50
727 438 50
950 438 50
951 438 50
952 438 50
953 438 50
1073 438 50
1074 438 50
1075 438 50
1076 438 50
1097 438 50
1098 438 50
1099 438 50
1100 438 50
1339 438 50
1340 438 50
1341 438 50
1342 438 50
1866 438 50
1867 438 50
1869 438 50
1870 438 50
724 439 50
725 439 50
726 439 50
727 439 50
950 439 50
951 439 50
952 439 50
953 439 50
1073 439 50
1074 439 50
1075 439 50
1076 439 50
1096 439 50
1097 439 50
1099 439 50
1100 439 50
1339 439 50
1340 439 50
1341 439 50
1342 439 50
1866 439 50
1867 439 50
1869 439 50
1870 439 50
724 440 50
725 440 50
726 440 50
727 440 50
949 440 50
950 440 50
952 440 50
953 440 50
1073 440 50
1074 440 50
1075 440 50
1076 440 50
1096 440 50
1097 440 50
1099 440 50
1100 440 50
1339 440 50
1340 440 50
1341 440 50
1342 440 50
1866 440 50
1867 440 50
1869 440 50
1870 440 50
724 441 50
725 441 50
726 441 50
727 441 50
949 441 50
950 441 50
951 441 50
952 441 50
1072 441 50
1073 441 50
1075 441 50
1076 441 50
1095 441 50
1096 441 50
1098 441 50
1099 441 50
1339 441 50
1340 441 50
1342 441 50
1343 441 50
1866 441 50
1867 441 50
1868 441 50
1869 441 50
723 442 50
724 442 50
726 442 50
727 442 50
949 442 50
950 442 50
951 442 50
952 442 50
1072 442 50
1073 442 50
1075 442 50
1076 442 50
1095 442 50
1096 442 50
1098 442 50
1099 442 50
1340 442 50
1341 442 50
1342 442 50
1343 442 50
1866 442 50
1867 442 50
1868 442 50
1869 442 50
723 443 50
724 443 50
725 443 50
726 443 50
948 443 50
949 443 50
951 443 50
952 443 50
1072 443 50
1073 443 50
1075 443 50
1076 443 50
1094 443 50
1095 443 50
1097 443 50
1098 443 50
1099 443 50
1340 443 50
1341 443 50
1342 443 50
1343 443 50
1866 443 50
1867 443 50
1868 443 50
1869 443 50
723 444 50
724 444 50
725 444 50
726 444 50
948 444 50
949 444 50
951 444 50
952 444 50
1072 444 50
1073 444 50
1074 444 50
1075 444 50
1094 444 50
1095 444 50
1096 444 50
1097 444 50
1098 444 50
1340 444 50
1341 444 50
1342 444 50
1343 444 50
1866 444 50
1867 444 50
1868 444 50
1869 444 50
722 445 50
723 445 50
725 445 50
726 445 50
893 445 50
948 445 50
949 445 50
950 445 50
951 445 50
1072 445 50
1073 445 50
1074 445 50
1075 445 50
1093 445 50
1094 445 50
1096 445 50
1097 445 50
1098 445 50
1340 445 50
1341 445 50
1342 445 50
1343 445 50
1866 445 50
1867 445 50
1868 445 50
1869 445 50
722 446 50
723 446 50
724 446 50
725 446 50
892 446 50
893 446 50
894 446 50
948 446 50
949 446 50
950 446 50
951 446 50
1071 446 50
1072 446 50
1074 446 50
1075 446 50
1093 446 50
1094 446 50
1095 446 50
1096 446 50
1097 446 50
1340 446 50
1341 446 50
1342 446 50
1343 446 50
1866 446 50
1867 446 50
1868 446 50
1869 446 50
722 447 50
723 447 50
724 447 50
725 447 50
892 447 50
893 447 50
894 447 50
947 447 50
948 447 50
950 447 50
951 447 50
1071 447 50
1072 447 50
1073 447 50
1074 447 50
1092 447 50
1093 447 50
1095 447 50
1096 447 50
1097 447 50
1340 447 50
1341 447 50
1342 447 50
1343 447 50
1867 447 50
1868 447 50
1869 447 50
1870 447 50
722 448 50
723 448 50
724 448 50
725 448 50
891 448 50
892 448 50
893 448 50
894 448 50
947 448 50
948 448 50
950 448 50
951 448 50
1071 448 50
1072 448 50
1073 448 50
1074 448 50
1092 448 50
1093 448 50
1094 448 50
1095 448 50
1096 448 50
1340 448 50
1341 448 50
1342 448 50
1343 448 50
1867 448 50
1868 448 50
1869 448 50
1870 448 50
722 449 50
723 449 50
724 449 50
725 449 50
890 449 50
891 449 50
893 449 50
894 449 50
947 449 50
948 449 50
949 449 50
950 449 50
1071 449 50
1072 449 50
1073 449 50
1074 449 50
1091 449 50
1092 449 50
1094 449 50
1095 449 50
1340 449 50
1341 449 50
1342 449 50
1343 449 50
1866 449 50
1867 449 50
1869 449 50
1870 449 50
721 450 50
722 450 50
724 450 50
725 450 50
890 450 50
891 450 50
892 450 50
893 450 50
947 450 50
948 450 50
949 450 50
950 450 50
1071 450 50
1072 450 50
1073 450 50
1074 450 50
1091 450 50
1092 450 50
1094 450 50
1095 450 50
1340 450 50
1341 450 50
1343 450 50
1344 450 50
1866 450 50
1867 450 50
1868 450 50
1869 450 50
721 451 50
722 451 50
723 451 50
724 451 50
890 451 50
891 451 50
892 451 50
893 451 50
946 451 50
947 451 50
949 451 50
950 451 50
1070 451 50
1071 451 50
1073 451 50
1074 451 50
1090 451 50
1091 451 50
1093 451 50
1094 451 50
1095 451 50
1340 451 50
1341 451 50
1343 451 50
1344 451 50
1866 451 50
1867 451 50
1868 451 50
1869 451 50
721 452 50
722 452 50
723 452 50
724 452 50
890 452 50
891 452 50
892 452 50
893 452 50
946 452 50
947 452 50
949 452 50
950 452 50
1070 452 50
1071 452 50
1072 452 50
1073 452 50
1090 452 50
1091 452 50
1092 452 50
1093 452 50
1094 452 50
1095 452 50
1341 452 50
1342 452 50
1343 452 50
1344 452 50
1866 452 50
1867 452 50
1868 452 50
1869 452 50
720 453 50
721 453 50
723 453 50
724 453 50
890 453 50
891 453 50
892 453 50
893 453 50
946 453 50
947 453 50
948 453 50
949 453 50
1070 453 50
1071 453 50
1072 453 50
1073 453 50
1089 453 50
1090 453 50
1092 453 50
1093 453 50
1094 453 50
1341 453 50
1342 453 50
1343 453 50
1344 453 50
1866 453 50
1867 453 50
1868 453 50
1869 453 50
720 454 50
721 454 50
722 454 50
723 454 50
889 454 50
890 454 50
892 454 50
893 454 50
946 454 50
947 454 50
948 454 50
949 454 50
1070 454 50
1071 454 50
1072 454 50
1073 454 50
1088 454 50
1089 454 50
1091 454 50
1092 454 50
1093 454 50
1341 454 50
1342 454 50
1344 454 50
1345 454 50
1865 454 50
1866 454 50
1868 454 50
1869 454 50
720 455 50
721 455 50
722 455 50
723 455 50
889 455 50
890 455 50
891 455 50
892 455 50
946 455 50
947 455 50
948 455 50
949 455 50
1069 455 50
1070 455 50
1072 455 50
1073 455 50
1088 455 50
1089 455 50
1090 455 50
1091 455 50
1092 455 50
1093 455 50
1341 455 50
1342 455 50
1344 455 50
1345 455 50
1865 455 50
1866 455 50
1868 455 50
1869 455 50
720 456 50
721 456 50
722 456 50
723 456 50
888 456 50
889 456 50
891 456 50
892 456 50
945 456 50
946 456 50
948 456 50
949 456 50
1020 456 50
1021 456 50
1069 456 50
1070 456 50
1071 456 50
1072 456 50
1087 456 50
1088 456 50
1090 456 50
1091 456 50
1092 456 50
1341 456 50
1342 456 50
1344 456 50
1345 456 50
1865 456 50
1866 456 50
1868 456 50
1869 456 50
720 457 50
721 457 50
722 457 50
723 457 50
888 457 50
889 457 50
891 457 50
892 457 50
945 457 50
946 457 50
948 457 50
949 457 50
1019 457 50
1020 457 50
1021 457 50
1022 457 50
1069 457 50
1070 457 50
1071 457 50
1072 457 50
1086 457 50
1087 457 50
1089 457 50
1090 457 50
1341 457 50
1342 457 50
1343 457 50
1345 457 50
1346 457 50
1865 457 50
1866 457 50
1868 457 50
1869 457 50
719 458 50
720 458 50
722 458 50
723 458 50
888 458 50
889 458 50
891 458 50
892 458 50
945 458 50
946 458 50
948 458 50
949 458 50
1019 458 50
1020 458 50
1021 458 50
1022 458 50
1069 458 50
1070 458 50
1071 458 50
1072 458 50
1085 458 50
1086 458 50
1088 458 50
1089 458 50
1090 458 50
1091 458 50
1342 458 50
1343 458 50
1344 458 50
1345 458 50
1346 458 50
1865 458 50
1866 458 50
1867 458 50
1868 458 50
719 459 50
720 459 50
722 459 50
723 459 50
888 459 50
889 459 50
891 459 50
892 459 50
945 459 50
946 459 50
948 459 50
949 459 50
1019 459 50
1020 459 50
1021 459 50
1022 459 50
1069 459 50
1070 459 50
1071 459 50
1072 459 50
1085 459 50
1086 459 50
1087 459 50
1088 459 50
1089 459 50
1090 459 50
1343 459 50
1344 459 50
1346 459 50
1347 459 50
1865 459 50
1866 459 50
1867 459 50
1868 459 50
719 460 50
720 460 50
721 460 50
722 460 50
888 460 50
889 460 50
890 460 50
891 460 50
944 460 50
945 460 50
947 460 50
948 460 50
1019 460 50
1020 460 50
1021 460 50
1022 460 50
1069 460 50
1070 460 50
1071 460 50
1072 460 50
1085 460 50
1086 460 50
1087 460 50
1088 460 50
1089 460 50
1090 460 50
1343 460 50
1344 460 50
1347 460 50
1348 460 50
1864 460 50
1865 460 50
1867 460 50
1868 460 50
719 461 50
720 461 50
721 461 50
722 461 50
888 461 50
889 461 50
890 461 50
891 461 50
944 461 50
945 461 50
947 461 50
948 461 50
1018 461 50
1019 461 50
1021 461 50
1022 461 50
1069 461 50
1070 461 50
1071 461 50
1072 461 50
1084 461 50
1085 461 50
1087 461 50
1088 461 50
1089 461 50
1343 461 50
1344 461 50
1348 461 50
1349 461 50
1864 461 50
1865 461 50
1867 461 50
1868 461 50
719 462 50
720 462 50
721 462 50
722 462 50
887 462 50
888 462 50
890 462 50
891 462 50
944 462 50
945 462 50
947 462 50
948 462 50
1018 462 50
1019 462 50
1020 462 50
1021 462 50
1068 462 50
1069 462 50
1071 462 50
1072 462 50
1084 462 50
1085 462 50
1086 462 50
1087 462 50
1088 462 50
1089 462 50
1343 462 50
1344 462 50
1348 462 50
1349 462 50
1864 462 50
1865 462 50
1867 462 50
1868 462 50
719 463 50
720 463 50
721 463 50
722 463 50
887 463 50
888 463 50
890 463 50
891 463 50
944 463 50
945 463 50
947 463 50
948 463 50
1017 463 50
1018 463 50
1020 463 50
1021 463 50
1068 463 50
1069 463 50
1070 463 50
1071 463 50
1083 463 50
1084 463 50
1086 463 50
1087 463 50
1088 463 50
1343 463 50
1344 463 50
1349 463 50
1350 463 50
1864 463 50
1865 463 50
1867 463 50
1868 463 50
719 464 50
720 464 50
721 464 50
722 464 50
887 464 50
888 464 50
889 464 50
890 464 50
944 464 50
945 464 50
947 464 50
948 464 50
1017 464 50
1018 464 50
1019 464 50
1020 464 50
1068 464 50
1069 464 50
1070 464 50
1071 464 50
1083 464 50
1084 464 50
1085 464 50
1086 464 50
1087 464 50
1088 464 50
1343 464 50
1344 464 50
1347 464 50
1348 464 50
1349 464 50
1864 464 50
1865 464 50
1867 464 50
1868 464 50
718 465 50
719 465 50
721 465 50
722 465 50
887 465 50
888 465 50
889 465 50
890 465 50
944 465 50
945 465 50
947 465 50
948 465 50
1017 465 50
1018 465 50
1019 465 50
1020 465 50
1068 465 50
1069 465 50
1070 465 50
1071 465 50
1083 465 50
1084 465 50
1085 465 50
1086 465 50
1087 465 50
1341 465 50
1342 465 50
1343 465 50
1344 465 50
1346 465 50
1347 465 50
1348 465 50
1864 465 50
1865 465 50
1867 465 50
1868 465 50
718 466 50
719 466 50
720 466 50
721 466 50
887 466 50
888 466 50
889 466 50
890 466 50
943 466 50
944 466 50
946 466 50
947 466 50
1016 466 50
1017 466 50
1019 466 50
1020 466 50
1068 466 50
1069 466 50
1070 466 50
1071 466 50
1082 466 50
1083 466 50
1085 466 50
1086 466 50
1087 466 50
1340 466 50
1341 466 50
1342 466 50
1343 466 50
1344 466 50
1345 466 50
1346 466 50
1864 466 50
1865 466 50
1867 466 50
1868 466 50
718 467 50
719 467 50
720 467 50
721 467 50
886 467 50
887 467 50
889 467 50
890 467 50
943 467 50
944 467 50
946 467 50
947 467 50
1016 467 50
1017 467 50
1018 467 50
1019 467 50
1068 467 50
1069 467 50
1070 467 50
1071 467 50
1082 467 50
1083 467 50
1084 467 50
1085 467 50
1086 467 50
1339 467 50
1340 467 50
1342 467 50
1343 467 50
1344 467 50
1345 467 50
1865 467 50
1866 467 50
1867 467 50
1868 467 50
717 468 50
718 468 50
720 468 50
721 468 50
886 468 50
887 468 50
889 468 50
890 468 50
943 468 50
944 468 50
946 468 50
947 468 50
1015 468 50
1016 468 50
1018 468 50
1019 468 50
1068 468 50
1069 468 50
1070 468 50
1071 468 50
1081 468 50
1082 468 50
1084 468 50
1085 468 50
1086 468 50
1339 468 50
1340 468 50
1341 468 50
1342 468 50
1343 468 50
1864 468 50
1865 468 50
1866 468 50
1867 468 50
1868 468 50
717 469 50
718 469 50
720 469 50
721 469 50
886 469 50
887 469 50
888 469 50
889 469 50
943 469 50
944 469 50
946 469 50
947 469 50
1015 469 50
1016 469 50
1017 469 50
1018 469 50
1068 469 50
1069 469 50
1070 469 50
1071 469 50
1081 469 50
1082 469 50
1083 469 50
1084 469 50
1085 469 50
1338 469 50
1339 469 50
1341 469 50
1342 469 50
1863 469 50
1864 469 50
1865 469 50
1867 469 50
1868 469 50
716 470 50
717 470 50
719 470 50
720 470 50
721 470 50
885 470 50
886 470 50
888 470 50
889 470 50
942 470 50
943 470 50
945 470 50
946 470 50
947 470 50
1015 470 50
1016 470 50
1017 470 50
1018 470 50
1068 470 50
1069 470 50
1070 470 50
1071 470 50
1080 470 50
1081 470 50
1083 470 50
1084 470 50
1085 470 50
1338 470 50
1339 470 50
1341 470 50
1342 470 50
1863 470 50
1864 470 50
1866 470 50
1867 470 50
715 471 50
716 471 50
718 471 50
719 471 50
720 471 50
721 471 50
885 471 50
886 471 50
888 471 50
889 471 50
942 471 50
943 471 50
944 471 50
945 471 50
946 471 50
947 471 50
1014 471 50
1015 471 50
1017 471 50
1018 471 50
1068 471 50
1069 471 50
1070 471 50
1071 471 50
1080 471 50
1081 471 50
1082 471 50
1083 471 50
1084 471 50
1338 471 50
1339 471 50
1341 471 50
1342 471 50
1863 471 50
1864 471 50
1866 471 50
1867 471 50
715 472 50
716 472 50
719 472 50
720 472 50
721 472 50
885 472 50
886 472 50
888 472 50
889 472 50
942 472 50
943 472 50
944 472 50
945 472 50
946 472 50
947 472 50
1014 472 50
1015 472 50
1016 472 50
1017 472 50
1068 472 50
1069 472 50
1070 472 50
1071 472 50
1079 472 50
1080 472 50
1082 472 50
1083 472 50
1084 472 50
1338 472 50
1339 472 50
1340 472 50
1341 472 50
1863 472 50
1864 472 50
1866 472 50
1867 472 50
715 473 50
716 473 50
720 473 50
721 473 50
885 473 50
886 473 50
887 473 50
888 473 50
941 473 50
942 473 50
944 473 50
945 473 50
946 473 50
1013 473 50
1014 473 50
1016 473 50
1017 473 50
1068 473 50
1069 473 50
1070 473 50
1071 473 50
1079 473 50
1080 473 50
1081 473 50
1082 473 50
1083 473 50
1337 473 50
1338 473 50
1340 473 50
1341 473 50
1863 473 50
1864 473 50
1866 473 50
1867 473 50
715 474 50
716 474 50
720 474 50
721 474 50
885 474 50
886 474 50
887 474 50
888 474 50
941 474 50
942 474 50
943 474 50
944 474 50
945 474 50
946 474 50
1013 474 50
1014 474 50
1015 474 50
1016 474 50
1068 474 50
1069 474 50
1070 474 50
1071 474 50
1079 474 50
1080 474 50
1082 474 50
1083 474 50
1337 474 50
1338 474 50
1339 474 50
1340 474 50
1863 474 50
1864 474 50
1866 474 50
1867 474 50
715 475 50
716 475 50
719 475 50
720 475 50
884 475 50
885 475 50
887 475 50
888 475 50
941 475 50
942 475 50
943 475 50
944 475 50
945 475 50
946 475 50
1012 475 50
1013 475 50
1015 475 50
1016 475 50
1068 475 50
1069 475 50
1070 475 50
1071 475 50
1078 475 50
1079 475 50
1081 475 50
1082 475 50
1337 475 50
1338 475 50
1339 475 50
1340 475 50
1863 475 50
1864 475 50
1866 475 50
1867 475 50
715 476 50
716 476 50
719 476 50
720 476 50
884 476 50
885 476 50
887 476 50
888 476 50
941 476 50
942 476 50
943 476 50
944 476 50
945 476 50
1012 476 50
1013 476 50
1014 476 50
1015 476 50
1068 476 50
1069 476 50
1070 476 50
1071 476 50
1078 476 50
1079 476 50
1081 476 50
1082 476 50
1337 476 50
1338 476 50
1339 476 50
1340 476 50
1863 476 50
1864 476 50
1866 476 50
1867 476 50
714 477 50
715 477 50
719 477 50
720 477 50
884 477 50
885 477 50
886 477 50
887 477 50
941 477 50
942 477 50
944 477 50
945 477 50
1011 477 50
1012 477 50
1014 477 50
1015 477 50
1068 477 50
1069 477 50
1070 477 50
1071 477 50
1077 477 50
1078 477 50
1080 477 50
1081 477 50
1337 477 50
1338 477 50
1339 477 50
1340 477 50
1863 477 50
1864 477 50
1866 477 50
1867 477 50
714 478 50
715 478 50
719 478 50
720 478 50
884 478 50
885 478 50
886 478 50
887 478 50
941 478 50
942 478 50
944 478 50
945 478 50
1011 478 50
1012 478 50
1013 478 50
1014 478 50
1068 478 50
1069 478 50
1070 478 50
1071 478 50
1077 478 50
1078 478 50
1079 478 50
1080 478 50
1337 478 50
1338 478 50
1339 478 50
1340 478 50
1863 478 50
1864 478 50
1866 478 50
1867 478 50
714 479 50
715 479 50
719 479 50
720 479 50
883 479 50
884 479 50
886 479 50
887 479 50
940 479 50
941 479 50
943 479 50
944 479 50
945 479 50
1010 479 50
1011 479 50
1013 479 50
1014 479 50
1068 479 50
1069 479 50
1070 479 50
1071 479 50
1077 479 50
1078 479 50
1079 479 50
1080 479 50
1337 479 50
1338 479 50
1339 479 50
1340 479 50
1863 479 50
1864 479 50
1866 479 50
1867 479 50
714 480 50
715 480 50
719 480 50
720 480 50
883 480 50
884 480 50
886 480 50
887 480 50
940 480 50
941 480 50
942 480 50
943 480 50
944 480 50
1010 480 50
1011 480 50
1012 480 50
1013 480 50
1068 480 50
1069 480 50
1070 480 50
1071 480 50
1077 480 50
1078 480 50
1079 480 50
1080 480 50
1336 480 50
1337 480 50
1339 480 50
1340 480 50
1863 480 50
1864 480 50
1866 480 50
1867 480 50
714 481 50
715 481 50
719 481 50
720 481 50
883 481 50
884 481 50
886 481 50
887 481 50
940 481 50
941 481 50
942 481 50
943 481 50
1009 481 50
1010 481 50
1012 481 50
1013 481 50
1068 481 50
1069 481 50
1070 481 50
1071 481 50
1076 481 50
1077 481 50
1079 481 50
1080 481 50
1336 481 50
1337 481 50
1338 481 50
1339 481 50
1863 481 50
1864 481 50
1866 481 50
1867 481 50
714 482 50
715 482 50
718 482 50
719 482 50
883 482 50
884 482 50
886 482 50
887 482 50
940 482 50
941 482 50
943 482 50
944 482 50
1009 482 50
1010 482 50
1011 482 50
1012 482 50
1068 482 50
1069 482 50
1070 482 50
1071 482 50
1076 482 50
1077 482 50
1078 482 50
1079 482 50
1336 482 50
1337 482 50
1338 482 50
1339 482 50
1863 482 50
1864 482 50
1866 482 50
1867 482 50
714 483 50
715 483 50
718 483 50
719 483 50
883 483 50
884 483 50
886 483 50
887 483 50
940 483 50
941 483 50
943 483 50
944 483 50
1009 483 50
1010 483 50
1011 483 50
1012 483 50
1068 483 50
1069 483 50
1070 483 50
1071 483 50
1075 483 50
1076 483 50
1078 483 50
1079 483 50
1336 483 50
1337 483 50
1338 483 50
1339 483 50
1863 483 50
1864 483 50
1865 483 50
1866 483 50
714 484 50
715 484 50
717 484 50
718 484 50
883 484 50
884 484 50
886 484 50
887 484 50
939 484 50
940 484 50
942 484 50
943 484 50
1008 484 50
1009 484 50
1011 484 50
1012 484 50
1068 484 50
1069 484 50
1070 484 50
1071 484 50
1075 484 50
1076 484 50
1077 484 50
1078 484 50
1336 484 50
1337 484 50
1338 484 50
1339 484 50
1863 484 50
1864 484 50
1865 484 50
1866 484 50
713 485 50
714 485 50
716 485 50
717 485 50
883 485 50
884 485 50
885 485 50
886 485 50
939 485 50
940 485 50
942 485 50
943 485 50
1008 485 50
1009 485 50
1010 485 50
1011 485 50
1068 485 50
1069 485 50
1070 485 50
1071 485 50
1075 485 50
1076 485 50
1077 485 50
1078 485 50
1336 485 50
1337 485 50
1338 485 50
1339 485 50
1862 485 50
1863 485 50
1865 485 50
1866 485 50
713 486 50
714 486 50
715 486 50
716 486 50
883 486 50
884 486 50
885 486 50
886 486 50
939 486 50
940 486 50
942 486 50
943 486 50
1007 486 50
1008 486 50
1010 486 50
1011 486 50
1068 486 50
1069 486 50
1070 486 50
1071 486 50
1074 486 50
1075 486 50
1077 486 50
1078 486 50
1336 486 50
1337 486 50
1338 486 50
1339 486 50
1862 486 50
1863 486 50
1865 486 50
1866 486 50
713 487 50
714 487 50
715 487 50
716 487 50
882 487 50
883 487 50
885 487 50
886 487 50
939 487 50
940 487 50
941 487 50
942 487 50
1007 487 50
1008 487 50
1010 487 50
1011 487 50
1068 487 50
1069 487 50
1070 487 50
1071 487 50
1074 487 50
1075 487 50
1076 487 50
1077 487 50
1336 487 50
1337 487 50
1338 487 50
1339 487 50
1862 487 50
1863 487 50
1865 487 50
1866 487 50
713 488 50
714 488 50
715 488 50
716 488 50
882 488 50
883 488 50
885 488 50
886 488 50
938 488 50
939 488 50
941 488 50
942 488 50
1007 488 50
1008 488 50
1009 488 50
1010 488 50
1068 488 50
1069 488 50
1070 488 50
1071 488 50
1073 488 50
1074 488 50
1076 488 50
1077 488 50
1336 488 50
1337 488 50
1338 488 50
1339 488 50
1862 488 50
1863 488 50
1864 488 50
1865 488 50
712 489 50
713 489 50
715 489 50
716 489 50
882 489 50
883 489 50
885 489 50
886 489 50
938 489 50
939 489 50
941 489 50
942 489 50
1006 489 50
1007 489 50
1009 489 50
1010 489 50
1068 489 50
1069 489 50
1070 489 50
1071 489 50
1073 489 50
1074 489 50
1075 489 50
1076 489 50
1335 489 50
1336 489 50
1338 489 50
1339 489 50
1862 489 50
1863 489 50
1864 489 50
1865 489 50
712 490 50
713 490 50
714 490 50
715 490 50
882 490 50
883 490 50
885 490 50
886 490 50
938 490 50
939 490 50
940 490 50
941 490 50
1005 490 50
1006 490 50
1008 490 50
1009 490 50
1068 490 50
1069 490 50
1070 490 50
1071 490 50
1072 490 50
1073 490 50
1075 490 50
1076 490 50
1335 490 50
1336 490 50
1338 490 50
1339 490 50
1862 490 50
1863 490 50
1864 490 50
1865 490 50
712 491 50
713 491 50
714 491 50
715 491 50
881 491 50
882 491 50
884 491 50
885 491 50
937 491 50
938 491 50
940 491 50
941 491 50
1005 491 50
1006 491 50
1007 491 50
1008 491 50
1068 491 50
1069 491 50
1070 491 50
1071 491 50
1072 491 50
1073 491 50
1074 491 50
1075 491 50
1335 491 50
1336 491 50
1337 491 50
1338 491 50
1861 491 50
1862 491 50
1864 491 50
1865 491 50
712 492 50
713 492 50
714 492 50
715 492 50
881 492 50
882 492 50
884 492 50
885 492 50
937 492 50
938 492 50
940 492 50
941 492 50
1004 492 50
1005 492 50
1007 492 50
1008 492 50
1068 492 50
1069 492 50
1070 492 50
1071 492 50
1072 492 50
1074 492 50
1075 492 50
1335 492 50
1336 492 50
1337 492 50
1338 492 50
1861 492 50
1862 492 50
1864 492 50
1865 492 50
712 493 50
713 493 50
714 493 50
715 493 50
881 493 50
882 493 50
884 493 50
885 493 50
937 493 50
938 493 50
939 493 50
940 493 50
1004 493 50
1005 493 50
1007 493 50
1008 493 50
1068 493 50
1069 493 50
1070 493 50
1071 493 50
1072 493 50
1073 493 50
1074 493 50
1335 493 50
1336 493 50
1337 493 50
1338 493 50
1861 493 50
1862 493 50
1864 493 50
1865 493 50
711 494 50
712 494 50
714 494 50
715 494 50
880 494 50
881 494 50
883 494 50
884 494 50
937 494 50
938 494 50
939 494 50
940 494 50
1003 494 50
1004 494 50
1006 494 50
1007 494 50
1068 494 50
1069 494 50
1071 494 50
1073 494 50
1074 494 50
1335 494 50
1336 494 50
1337 494 50
1338 494 50
1860 494 50
1861 494 50
1863 494 50
1864 494 50
711 495 50
712 495 50
713 495 50
714 495 50
880 495 50
881 495 50
883 495 50
884 495 50
937 495 50
938 495 50
939 495 50
940 495 50
1003 495 50
1004 495 50
1005 495 50
1006 495 50
1068 495 50
1069 495 50
1072 495 50
1073 495 50
1334 495 50
1335 495 50
1337 495 50
1338 495 50
1860 495 50
1861 495 50
1863 495 50
1864 495 50
711 496 50
712 496 50
713 496 50
714 496 50
880 496 50
881 496 50
882 496 50
883 496 50
936 496 50
937 496 50
939 496 50
940 496 50
1003 496 50
1004 496 50
1005 496 50
1006 496 50
1068 496 50
1069 496 50
1072 496 50
1073 496 50
1334 496 50
1335 496 50
1336 496 50
1337 496 50
1860 496 50
1861 496 50
1863 496 50
1864 496 50
711 497 50
712 497 50
713 497 50
714 497 50
879 497 50
880 497 50
882 497 50
883 497 50
936 497 50
937 497 50
938 497 50
939 497 50
1002 497 50
1003 497 50
1005 497 50
1006 497 50
1068 497 50
1069 497 50
1071 497 50
1072 497 50
1334 497 50
1335 497 50
1336 497 50
1337 497 50
1860 497 50
1861 497 50
1863 497 50
1864 497 50
710 498 50
711 498 50
713 498 50
714 498 50
879 498 50
880 498 50
881 498 50
882 498 50
935 498 50
936 498 50
938 498 50
939 498 50
1001 498 50
1002 498 50
1004 498 50
1005 498 50
1068 498 50
1069 498 50
1071 498 50
1072 498 50
1334 498 50
1335 498 50
1336 498 50
1337 498 50
1859 498 50
1860 498 50
1862 498 50
1863 498 50
710 499 50
711 499 50
712 499 50
713 499 50
879 499 50
880 499 50
881 499 50
882 499 50
935 499 50
936 499 50
937 499 50
938 499 50
1001 499 50
1002 499 50
1003 499 50
1004 499 50
1068 499 50
1069 499 50
1071 499 50
1072 499 50
1333 499 50
1334 499 50
1336 499 50
1337 499 50
1859 499 50
1860 499 50
1862 499 50
1863 499 50
710 500 50
711 500 50
712 500 50
713 500 50
879 500 50
880 500 50
881 500 50
882 500 50
935 500 50
936 500 50
937 500 50
938 500 50
1001 500 50
1002 500 50
1003 500 50
1004 500 50
1068 500 50
1069 500 50
1071 500 50
1072 500 50
1333 500 50
1334 500 50
1335 500 50
1336 500 50
1859 500 50
1860 500 50
1862 500 50
1863 500 50
710 501 50
711 501 50
712 501 50
713 501 50
880 501 50
881 501 50
934 501 50
935 501 50
937 501 50
938 501 50
1000 501 50
1001 501 50
1003 501 50
1004 501 50
1068 501 50
1069 501 50
1070 501 50
1071 501 50
1333 501 50
1334 501 50
1335 501 50
1336 501 50
1859 501 50
1860 501 50
1861 501 50
1862 501 50
1863 501 50
710 502 50
711 502 50
712 502 50
713 502 50
934 502 50
935 502 50
936 502 50
937 502 50
1000 502 50
1001 502 50
1002 502 50
1003 502 50
1068 502 50
1069 502 50
1070 502 50
1071 502 50
1332 502 50
1333 502 50
1335 502 50
1336 502 50
1858 502 50
1859 502 50
1860 502 50
1862 502 50
1863 502 50
710 503 50
711 503 50
712 503 50
713 503 50
934 503 50
935 503 50
936 503 50
937 503 50
999 503 50
1000 503 50
1002 503 50
1003 503 50
1068 503 50
1069 503 50
1070 503 50
1071 503 50
1332 503 50
1333 503 50
1334 503 50
1335 503 50
1858 503 50
1859 503 50
1861 503 50
1862 503 50
709 504 50
710 504 50
712 504 50
713 504 50
933 504 50
934 504 50
936 504 50
937 504 50
999 504 50
1000 504 50
1001 504 50
1002 504 50
1068 504 50
1069 504 50
1070 504 50
1071 504 50
1332 504 50
1333 504 50
1334 504 50
1335 504 50
1858 504 50
1859 504 50
1861 504 50
1862 504 50
709 505 50
710 505 50
711 505 50
712 505 50
933 505 50
934 505 50
935 505 50
936 505 50
999 505 50
1000 505 50
1001 505 50
1002 505 50
1068 505 50
1069 505 50
1070 505 50
1331 505 50
1332 505 50
1334 505 50
1335 505 50
1858 505 50
1859 505 50
1860 505 50
1861 505 50
709 506 50
710 506 50
711 506 50
712 506 50
933 506 50
934 506 50
935 506 50
936 506 50
998 506 50
999 506 50
1001 506 50
1002 506 50
1067 506 50
1068 506 50
1069 506 50
1070 506 50
1331 506 50
1332 506 50
1333 506 50
1334 506 50
1858 506 50
1859 506 50
1860 506 50
1861 506 50
709 507 50
710 507 50
711 507 50
712 507 50
932 507 50
933 507 50
935 507 50
936 507 50
998 507 50
999 507 50
1000 507 50
1001 507 50
1066 507 50
1067 507 50
1068 507 50
1069 507 50
1070 507 50
1331 507 50
1332 507 50
1333 507 50
1334 507 50
1857 507 50
1858 507 50
1860 507 50
1861 507 50
709 508 50
710 508 50
711 508 50
712 508 50
932 508 50
933 508 50
934 508 50
935 508 50
998 508 50
999 508 50
1000 508 50
1001 508 50
1066 508 50
1067 508 50
1069 508 50
1070 508 50
1330 508 50
1331 508 50
1333 508 50
1334 508 50
1857 508 50
1858 508 50
1860 508 50
1861 508 50
709 509 50
710 509 50
711 509 50
712 509 50
931 509 50
932 509 50
934 509 50
935 509 50
997 509 50
998 509 50
1000 509 50
1001 509 50
1066 509 50
1067 509 50
1069 509 50
1070 509 50
1330 509 50
1331 509 50
1332 509 50
1333 509 50
1857 509 50
1858 509 50
1859 509 50
1860 509 50
708 510 50
709 510 50
711 510 50
712 510 50
931 510 50
932 510 50
933 510 50
934 510 50
997 510 50
998 510 50
999 510 50
1000 510 50
1066 510 50
1067 510 50
1068 510 50
1069 510 50
1330 510 50
1331 510 50
1332 510 50
1333 510 50
1857 510 50
1858 510 50
1859 510 50
1860 510 50
708 511 50
709 511 50
711 511 50
712 511 50
931 511 50
932 511 50
933 511 50
934 511 50
997 511 50
998 511 50
999 511 50
1000 511 50
1066 511 50
1067 511 50
1068 511 50
1069 511 50
1329 511 50
1330 511 50
1332 511 50
1333 511 50
1856 511 50
1857 511 50
1859 511 50
1860 511 50
708 512 50
709 512 50
711 512 50
712 512 50
930 512 50
931 512 50
933 512 50
934 512 50
997 512 50
998 512 50
999 512 50
1000 512 50
1066 512 50
1067 512 50
1068 512 50
1069 512 50
1329 512 50
1330 512 50
1331 512 50
1332 512 50
1856 512 50
1857 512 50
1858 512 50
1859 512 50
708 513 50
709 513 50
711 513 50
712 513 50
930 513 50
931 513 50
932 513 50
933 513 50
996 513 50
997 513 50
999 513 50
1000 513 50
1065 513 50
1066 513 50
1068 513 50
1069 513 50
1329 513 50
1330 513 50
1331 513 50
1332 513 50
1856 513 50
1857 513 50
1858 513 50
1859 513 50
708 514 50
709 514 50
711 514 50
712 514 50
929 514 50
930 514 50
932 514 50
933 514 50
996 514 50
997 514 50
998 514 50
999 514 50
1065 514 50
1066 514 50
1067 514 50
1068 514 50
1329 514 50
1330 514 50
1331 514 50
1332 514 50
1855 514 50
1856 514 50
1858 514 50
1859 514 50
708 515 50
709 515 50
711 515 50
712 515 50
929 515 50
930 515 50
931 515 50
932 515 50
996 515 50
997 515 50
998 515 50
999 515 50
1065 515 50
1066 515 50
1067 515 50
1068 515 50
1330 515 50
1331 515 50
1332 515 50
1855 515 50
1856 515 50
1857 515 50
1858 515 50
708 516 50
709 516 50
711 516 50
712 516 50
928 516 50
929 516 50
931 516 50
932 516 50
995 516 50
996 516 50
998 516 50
999 516 50
1065 516 50
1066 516 50
1067 516 50
1068 516 50
1330 516 50
1331 516 50
1332 516 50
1855 516 50
1856 516 50
1857 516 50
1858 516 50
708 517 50
709 517 50
711 517 50
712 517 50
928 517 50
929 517 50
930 517 50
931 517 50
995 517 50
996 517 50
997 517 50
998 517 50
1065 517 50
1066 517 50
1067 517 50
1068 517 50
1329 517 50
1330 517 50
1332 517 50
1333 517 50
1854 517 50
1855 517 50
1857 517 50
1858 517 50
708 518 50
709 518 50
711 518 50
712 518 50
927 518 50
928 518 50
930 518 50
931 518 50
995 518 50
996 518 50
997 518 50
998 518 50
1065 518 50
1066 518 50
1067 518 50
1068 518 50
1329 518 50
1330 518 50
1332 518 50
1333 518 50
1854 518 50
1855 518 50
1856 518 50
1857 518 50
708 519 50
709 519 50
711 519 50
712 519 50
927 519 50
928 519 50
929 519 50
930 519 50
994 519 50
995 519 50
997 519 50
998 519 50
1065 519 50
1066 519 50
1067 519 50
1068 519 50
1328 519 50
1329 519 50
1332 519 50
1333 519 50
1854 519 50
1855 519 50
1856 519 50
1857 519 50
708 520 50
709 520 50
711 520 50
712 520 50
926 520 50
927 520 50
929 520 50
930 520 50
994 520 50
995 520 50
996 520 50
997 520 50
1065 520 50
1066 520 50
1067 520 50
1068 520 50
1327 520 50
1328 520 50
1332 520 50
1333 520 50
1853 520 50
1854 520 50
1856 520 50
1857 520 50
708 521 50
709 521 50
711 521 50
712 521 50
926 521 50
927 521 50
928 521 50
929 521 50
994 521 50
995 521 50
996 521 50
997 521 50
1065 521 50
1066 521 50
1067 521 50
1068 521 50
1327 521 50
1328 521 50
1332 521 50
1333 521 50
1853 521 50
1854 521 50
1855 521 50
1856 521 50
708 522 50
709 522 50
710 522 50
711 522 50
925 522 50
926 522 50
928 522 50
929 522 50
994 522 50
995 522 50
996 522 50
997 522 50
1065 522 50
1066 522 50
1067 522 50
1068 522 50
1327 522 50
1328 522 50
1332 522 50
1333 522 50
1853 522 50
1854 522 50
1855 522 50
1856 522 50
708 523 50
709 523 50
710 523 50
711 523 50
925 523 50
926 523 50
928 523 50
929 523 50
994 523 50
995 523 50
996 523 50
997 523 50
1065 523 50
1066 523 50
1067 523 50
1068 523 50
1327 523 50
1328 523 50
1332 523 50
1333 523 50
1853 523 50
1854 523 50
1855 523 50
1856 523 50
708 524 50
709 524 50
711 524 50
712 524 50
925 524 50
926 524 50
928 524 50
929 524 50
994 524 50
995 524 50
996 524 50
997 524 50
1065 524 50
1066 524 50
1067 524 50
1068 524 50
1327 524 50
1328 524 50
1332 524 50
1333 524 50
1853 524 50
1854 524 50
1855 524 50
1856 524 50
709 525 50
710 525 50
711 525 50
712 525 50
713 525 50
924 525 50
925 525 50
927 525 50
928 525 50
994 525 50
995 525 50
996 525 50
997 525 50
1064 525 50
1065 525 50
1066 525 50
1067 525 50
1068 525 50
1327 525 50
1328 525 50
1332 525 50
1333 525 50
1852 525 50
1853 525 50
1855 525 50
1856 525 50
710 526 50
711 526 50
712 526 50
924 526 50
925 526 50
926 526 50
927 526 50
994 526 50
995 526 50
996 526 50
997 526 50
1063 526 50
1064 526 50
1065 526 50
1067 526 50
1068 526 50
1327 526 50
1328 526 50
1332 526 50
1333 526 50
1852 526 50
1853 526 50
1854 526 50
1855 526 50
924 527 50
925 527 50
927 527 50
928 527 50
994 527 50
995 527 50
996 527 50
997 527 50
1063 527 50
1064 527 50
1067 527 50
1068 527 50
1327 527 50
1328 527 50
1332 527 50
1333 527 50
1852 527 50
1853 527 50
1854 527 50
1855 527 50
923 528 50
924 528 50
926 528 50
927 528 50
994 528 50
995 528 50
996 528 50
997 528 50
1063 528 50
1064 528 50
1067 528 50
1068 528 50
1327 528 50
1328 528 50
1332 528 50
1333 528 50
1851 528 50
1852 528 50
1854 528 50
1855 528 50
923 529 50
924 529 50
926 529 50
927 529 50
994 529 50
995 529 50
996 529 50
997 529 50
1063 529 50
1064 529 50
1068 529 50
1069 529 50
1327 529 50
1328 529 50
1332 529 50
1333 529 50
1851 529 50
1852 529 50
1853 529 50
1854 529 50
922 530 50
923 530 50
925 530 50
926 530 50
927 530 50
994 530 50
995 530 50
996 530 50
997 530 50
1063 530 50
1064 530 50
1068 530 50
1069 530 50
1327 530 50
1328 530 50
1332 530 50
1333 530 50
1851 530 50
1852 530 50
1853 530 50
1854 530 50
922 531 50
923 531 50
924 531 50
925 531 50
926 531 50
994 531 50
995 531 50
996 531 50
997 531 50
1063 531 50
1064 531 50
1068 531 50
1069 531 50
1327 531 50
1328 531 50
1332 531 50
1333 531 50
1851 531 50
1852 531 50
1853 531 50
1854 531 50
922 532 50
923 532 50
924 532 50
925 532 50
994 532 50
995 532 50
996 532 50
997 532 50
1063 532 50
1064 532 50
1068 532 50
1069 532 50
1327 532 50
1328 532 50
1333 532 50
1334 532 50
1850 532 50
1851 532 50
1853 532 50
1854 532 50
923 533 50
924 533 50
925 533 50
994 533 50
995 533 50
996 533 50
997 533 50
1063 533 50
1064 533 50
1068 533 50
1069 533 50
1327 533 50
1328 533 50
1333 533 50
1334 533 50
1850 533 50
1851 533 50
1852 533 50
1853 533 50
924 534 50
994 534 50
995 534 50
996 534 50
997 534 50
1064 534 50
1065 534 50
1068 534 50
1069 534 50
1327 534 50
1328 534 50
1333 534 50
1334 534 50
1850 534 50
1851 534 50
1852 534 50
1853 534 50
994 535 50
995 535 50
996 535 50
997 535 50
1065 535 50
1066 535 50
1068 535 50
1069 535 50
1327 535 50
1328 535 50
1333 535 50
1334 535 50
1849 535 50
1850 535 50
1852 535 50
1853 535 50
994 536 50
995 536 50
996 536 50
997 536 50
1065 536 50
1066 536 50
1068 536 50
1069 536 50
1327 536 50
1328 536 50
1333 536 50
1334 536 50
1849 536 50
1850 536 50
1851 536 50
1852 536 50
994 537 50
995 537 50
996 537 50
997 537 50
1065 537 50
1066 537 50
1069 537 50
1070 537 50
1327 537 50
1328 537 50
1331 537 50
1332 537 50
1333 537 50
1849 537 50
1850 537 50
1851 537 50
1852 537 50
994 538 50
995 538 50
996 538 50
997 538 50
1065 538 50
1066 538 50
1069 538 50
1070 538 50
1327 538 50
1328 538 50
1330 538 50
1331 538 50
1332 538 50
1848 538 50
1849 538 50
1851 538 50
1852 538 50
994 539 50
995 539 50
996 539 50
997 539 50
1065 539 50
1066 539 50
1069 539 50
1070 539 50
1326 539 50
1327 539 50
1330 539 50
1331 539 50
1848 539 50
1849 539 50
1851 539 50
1852 539 50
994 540 50
995 540 50
996 540 50
997 540 50
1065 540 50
1066 540 50
1069 540 50
1070 540 50
1326 540 50
1327 540 50
1329 540 50
1330 540 50
1848 540 50
1849 540 50
1850 540 50
1851 540 50
994 541 50
995 541 50
996 541 50
997 541 50
1065 541 50
1066 541 50
1069 541 50
1070 541 50
1326 541 50
1327 541 50
1329 541 50
1330 541 50
1847 541 50
1848 541 50
1850 541 50
1851 541 50
994 542 50
995 542 50
996 542 50
997 542 50
1065 542 50
1066 542 50
1069 542 50
1070 542 50
1326 542 50
1327 542 50
1329 542 50
1330 542 50
1847 542 50
1848 542 50
1849 542 50
1850 542 50
994 543 50
995 543 50
996 543 50
997 543 50
1065 543 50
1066 543 50
1069 543 50
1070 543 50
1326 543 50
1327 543 50
1329 543 50
1330 543 50
1846 543 50
1847 543 50
1849 543 50
1850 543 50
994 544 50
995 544 50
996 544 50
997 544 50
1066 544 50
1067 544 50
1069 544 50
1070 544 50
1326 544 50
1327 544 50
1329 544 50
1330 544 50
1846 544 50
1847 544 50
1848 544 50
1849 544 50
994 545 50
995 545 50
996 545 50
997 545 50
1066 545 50
1067 545 50
1069 545 50
1070 545 50
1326 545 50
1327 545 50
1329 545 50
1330 545 50
1331 545 50
1845 545 50
1846 545 50
1848 545 50
1849 545 50
994 546 50
995 546 50
996 546 50
997 546 50
1066 546 50
1067 546 50
1069 546 50
1070 546 50
1326 546 50
1327 546 50
1330 546 50
1331 546 50
1332 546 50
1845 546 50
1846 546 50
1847 546 50
1848 546 50
993 547 50
994 547 50
996 547 50
997 547 50
1066 547 50
1067 547 50
1069 547 50
1070 547 50
1326 547 50
1327 547 50
1332 547 50
1333 547 50
1844 547 50
1845 547 50
1847 547 50
1848 547 50
993 548 50
994 548 50
996 548 50
997 548 50
1066 548 50
1067 548 50
1069 548 50
1070 548 50
1326 548 50
1327 548 50
1332 548 50
1333 548 50
1844 548 50
1845 548 50
1847 548 50
1848 548 50
993 549 50
994 549 50
996 549 50
997 549 50
1066 549 50
1067 549 50
1069 549 50
1070 549 50
1326 549 50
1327 549 50
1332 549 50
1333 549 50
1844 549 50
1845 549 50
1847 549 50
1848 549 50
994 550 50
995 550 50
996 550 50
997 550 50
1066 550 50
1067 550 50
1069 550 50
1070 550 50
1326 550 50
1327 550 50
1332 550 50
1333 550 50
1844 550 50
1845 550 50
1847 550 50
1848 550 50
994 551 50
995 551 50
996 551 50
997 551 50
1066 551 50
1067 551 50
1069 551 50
1070 551 50
1326 551 50
1327 551 50
1332 551 50
1333 551 50
1844 551 50
1845 551 50
1847 551 50
1848 551 50
995 552 50
996 552 50
1067 552 50
1068 552 50
1069 552 50
1070 552 50
1326 552 50
1327 552 50
1332 552 50
1333 552 50
1844 552 50
1845 552 50
1847 552 50
1848 552 50
1067 553 50
1068 553 50
1069 553 50
1070 553 50
1326 553 50
1327 553 50
1332 553 50
1333 553 50
1844 553 50
1845 553 50
1847 553 50
1848 553 50
1067 554 50
1068 554 50
1069 554 50
1070 554 50
1326 554 50
1327 554 50
1328 554 50
1331 554 50
1332 554 50
1844 554 50
1845 554 50
1847 554 50
1848 554 50
1067 555 50
1068 555 50
1069 555 50
1070 555 50
1325 555 50
1326 555 50
1327 555 50
1328 555 50
1330 555 50
1331 555 50
1844 555 50
1845 555 50
1847 555 50
1848 555 50
1067 556 50
1068 556 50
1069 556 50
1070 556 50
1325 556 50
1326 556 50
1327 556 50
1328 556 50
1329 556 50
1330 556 50
1843 556 50
1844 556 50
1846 556 50
1847 556 50
1067 557 50
1068 557 50
1069 557 50
1070 557 50
1325 557 50
1326 557 50
1327 557 50
1329 557 50
1843 557 50
1844 557 50
1846 557 50
1847 557 50
1067 558 50
1068 558 50
1069 558 50
1070 558 50
1325 558 50
1326 558 50
1327 558 50
1328 558 50
1843 558 50
1844 558 50
1846 558 50
1847 558 50
1067 559 50
1068 559 50
1069 559 50
1070 559 50
1324 559 50
1325 559 50
1327 559 50
1328 559 50
1843 559 50
1844 559 50
1846 559 50
1847 559 50
1067 560 50
1068 560 50
1069 560 50
1070 560 50
1324 560 50
1325 560 50
1327 560 50
1328 560 50
1843 560 50
1844 560 50
1846 560 50
1847 560 50
1067 561 50
1068 561 50
1069 561 50
1070 561 50
1324 561 50
1325 561 50
1327 561 50
1328 561 50
1843 561 50
1844 561 50
1846 561 50
1847 561 50
1066 562 50
1067 562 50
1069 562 50
1070 562 50
1324 562 50
1325 562 50
1327 562 50
1328 562 50
1843 562 50
1844 562 50
1845 562 50
1846 562 50
1066 563 50
1067 563 50
1069 563 50
1070 563 50
1323 563 50
1324 563 50
1326 563 50
1327 563 50
1843 563 50
1844 563 50
1845 563 50
1846 563 50
1066 564 50
1067 564 50
1069 564 50
1070 564 50
1323 564 50
1324 564 50
1326 564 50
1327 564 50
1843 564 50
1844 564 50
1845 564 50
1846 564 50
1066 565 50
1067 565 50
1069 565 50
1070 565 50
1323 565 50
1324 565 50
1326 565 50
1327 565 50
1842 565 50
1843 565 50
1845 565 50
1846 565 50
1066 566 50
1067 566 50
1069 566 50
1070 566 50
1323 566 50
1324 566 50
1326 566 50
1327 566 50
1842 566 50
1843 566 50
1844 566 50
1845 566 50
1065 567 50
1066 567 50
1068 567 50
1069 567 50
1323 567 50
1324 567 50
1325 567 50
1326 567 50
1842 567 50
1843 567 50
1844 567 50
1845 567 50
1065 568 50
1066 568 50
1067 568 50
1068 568 50
1322 568 50
1323 568 50
1325 568 50
1326 568 50
1842 568 50
1843 568 50
1844 568 50
1845 568 50
1065 569 50
1066 569 50
1068 569 50
1069 569 50
1322 569 50
1323 569 50
1325 569 50
1326 569 50
1842 569 50
1843 569 50
1844 569 50
1845 569 50
1065 570 50
1066 570 50
1067 570 50
1068 570 50
1322 570 50
1323 570 50
1324 570 50
1325 570 50
1842 570 50
1843 570 50
1844 570 50
1845 570 50
1064 571 50
1065 571 50
1067 571 50
1068 571 50
1321 571 50
1322 571 50
1324 571 50
1325 571 50
1841 571 50
1842 571 50
1844 571 50
1845 571 50
1064 572 50
1065 572 50
1066 572 50
1067 572 50
1321 572 50
1322 572 50
1324 572 50
1325 572 50
1841 572 50
1842 572 50
1843 572 50
1844 572 50
1064 573 50
1065 573 50
1066 573 50
1067 573 50
1321 573 50
1322 573 50
1324 573 50
1325 573 50
1841 573 50
1842 573 50
1843 573 50
1844 573 50
1063 574 50
1064 574 50
1066 574 50
1067 574 50
1320 574 50
1321 574 50
1323 574 50
1324 574 50
1841 574 50
1842 574 50
1843 574 50
1844 574 50
1063 575 50
1064 575 50
1066 575 50
1067 575 50
1320 575 50
1321 575 50
1323 575 50
1324 575 50
1841 575 50
1842 575 50
1843 575 50
1844 575 50
1063 576 50
1064 576 50
1065 576 50
1066 576 50
1320 576 50
1321 576 50
1322 576 50
1323 576 50
1841 576 50
1842 576 50
1843 576 50
1844 576 50
1062 577 50
1063 577 50
1065 577 50
1066 577 50
1319 577 50
1320 577 50
1322 577 50
1323 577 50
1841 577 50
1842 577 50
1843 577 50
1844 577 50
1062 578 50
1063 578 50
1065 578 50
1066 578 50
1319 578 50
1320 578 50
1322 578 50
1323 578 50
1840 578 50
1841 578 50
1843 578 50
1844 578 50
1062 579 50
1063 579 50
1065 579 50
1066 579 50
1318 579 50
1319 579 50
1321 579 50
1322 579 50
1840 579 50
1841 579 50
1842 579 50
1843 579 50
1062 580 50
1063 580 50
1064 580 50
1065 580 50
1318 580 50
1319 580 50
1320 580 50
1321 580 50
1840 580 50
1841 580 50
1842 580 50
1843 580 50
1061 581 50
1062 581 50
1064 581 50
1065 581 50
1318 581 50
1319 581 50
1320 581 50
1321 581 50
1840 581 50
1841 581 50
1842 581 50
1843 581 50
1061 582 50
1062 582 50
1064 582 50
1065 582 50
1317 582 50
1318 582 50
1320 582 50
1321 582 50
1840 582 50
1841 582 50
1842 582 50
1843 582 50
1060 583 50
1061 583 50
1063 583 50
1064 583 50
1065 583 50
1317 583 50
1318 583 50
1320 583 50
1321 583 50
1840 583 50
1841 583 50
1842 583 50
1843 583 50
1060 584 50
1061 584 50
1062 584 50
1063 584 50
1064 584 50
1065 584 50
1317 584 50
1318 584 50
1319 584 50
1320 584 50
1839 584 50
1840 584 50
1842 584 50
1843 584 50
1060 585 50
1061 585 50
1062 585 50
1063 585 50
1064 585 50
1317 585 50
1318 585 50
1319 585 50
1320 585 50
1839 585 50
1840 585 50
1841 585 50
1842 585 50
1060 586 50
1061 586 50
1063 586 50
1064 586 50
1316 586 50
1317 586 50
1319 586 50
1320 586 50
1839 586 50
1840 586 50
1841 586 50
1842 586 50
1059 587 50
1060 587 50
1062 587 50
1063 587 50
1064 587 50
1316 587 50
1317 587 50
1318 587 50
1319 587 50
1839 587 50
1840 587 50
1841 587 50
1842 587 50
1059 588 50
1060 588 50
1061 588 50
1062 588 50
1063 588 50
1316 588 50
1317 588 50
1318 588 50
1319 588 50
1839 588 50
1840 588 50
1841 588 50
1842 588 50
1058 589 50
1059 589 50
1061 589 50
1062 589 50
1063 589 50
1315 589 50
1316 589 50
1318 589 50
1319 589 50
1839 589 50
1840 589 50
1841 589 50
1842 589 50
1058 590 50
1059 590 50
1060 590 50
1061 590 50
1062 590 50
1315 590 50
1316 590 50
1318 590 50
1319 590 50
1839 590 50
1840 590 50
1841 590 50
1842 590 50
1057 591 50
1058 591 50
1060 591 50
1061 591 50
1315 591 50
1316 591 50
1317 591 50
1318 591 50
1839 591 50
1840 591 50
1841 591 50
1842 591 50
1057 592 50
1058 592 50
1060 592 50
1061 592 50
1314 592 50
1315 592 50
1317 592 50
1318 592 50
1839 592 50
1840 592 50
1841 592 50
1842 592 50
1056 593 50
1057 593 50
1059 593 50
1060 593 50
1314 593 50
1315 593 50
1316 593 50
1317 593 50
1839 593 50
1840 593 50
1841 593 50
1842 593 50
1056 594 50
1057 594 50
1059 594 50
1060 594 50
1313 594 50
1314 594 50
1316 594 50
1317 594 50
1838 594 50
1839 594 50
1841 594 50
1842 594 50
1055 595 50
1056 595 50
1058 595 50
1059 595 50
1313 595 50
1314 595 50
1315 595 50
1316 595 50
1838 595 50
1839 595 50
1840 595 50
1841 595 50
1055 596 50
1056 596 50
1057 596 50
1058 596 50
1313 596 50
1314 596 50
1315 596 50
1316 596 50
1838 596 50
1839 596 50
1840 596 50
1841 596 50
1056 597 50
1057 597 50
1312 597 50
1313 597 50
1315 597 50
1316 597 50
1838 597 50
1839 597 50
1840 597 50
1841 597 50
1312 598 50
1313 598 50
1314 598 50
1315 598 50
1838 598 50
1839 598 50
1840 598 50
1841 598 50
1312 599 50
1313 599 50
1314 599 50
1315 599 50
1838 599 50
1839 599 50
1840 599 50
1841 599 50
1312 600 50
1313 600 50
1314 600 50
1315 600 50
1837 600 50
1838 600 50
1840 600 50
1841 600 50
1311 601 50
1312 601 50
1314 601 50
1315 601 50
1837 601 50
1838 601 50
1839 601 50
1840 601 50
1311 602 50
1312 602 50
1313 602 50
1314 602 50
1837 602 50
1838 602 50
1839 602 50
1840 602 50
1311 603 50
1312 603 50
1313 603 50
1314 603 50
1837 603 50
1838 603 50
1839 603 50
1840 603 50
1311 604 50
1312 604 50
1313 604 50
1314 604 50
1837 604 50
1838 604 50
1839 604 50
1840 604 50
1311 605 50
1312 605 50
1313 605 50
1314 605 50
1837 605 50
1838 605 50
1839 605 50
1840 605 50
1311 606 50
1312 606 50
1313 606 50
1314 606 50
1837 606 50
1838 606 50
1839 606 50
1840 606 50
1311 607 50
1312 607 50
1313 607 50
1314 607 50
1837 607 50
1838 607 50
1839 607 50
1840 607 50
1311 608 50
1312 608 50
1313 608 50
1314 608 50
1836 608 50
1837 608 50
1838 608 50
1839 608 50
1840 608 50
1311 609 50
1312 609 50
1313 609 50
1314 609 50
1837 609 50
1838 609 50
1839 609 50
1311 610 50
1312 610 50
1313 610 50
1314 610 50
1311 611 50
1312 611 50
1313 611 50
1314 611 50
1310 612 50
1311 612 50
1314 612 50
1315 612 50
1311 613 50
1312 613 50
1315 613 50
1316 613 50
1311 614 50
1312 614 50
1315 614 50
1316 614 50
1311 615 50
1312 615 50
1315 615 50
1316 615 50
1310 616 50
1311 616 50
1312 616 50
1313 616 50
1314 616 50
1315 616 50
1310 617 50
1311 617 50
1312 617 50
1313 617 50
1314 617 50
1310 618 50
1311 618 50
1312 618 50
1311 619 50
