1903 319 30
1904 319 30
1901 320 30
1902 320 30
1903 320 30
1904 320 30
1905 320 30
1900 321 30
1901 321 30
1902 321 30
1905 321 30
1906 321 30
1897 322 30
1898 322 30
1899 322 30
1900 322 30
1906 322 30
1907 322 30
1896 323 30
1897 323 30
1898 323 30
1899 323 30
1906 323 30
1907 323 30
1895 324 30
1896 324 30
1905 324 30
1906 324 30
692 325 30
1894 325 30
1895 325 30
1903 325 30
1904 325 30
1905 325 30
691 326 30
692 326 30
693 326 30
1892 326 30
1893 326 30
1894 326 30
1902 326 30
1903 326 30
1904 326 30
690 327 30
691 327 30
692 327 30
1891 327 30
1892 327 30
1893 327 30
1899 327 30
1900 327 30
1901 327 30
1902 327 30
689 328 30
690 328 30
691 328 30
692 328 30
1890 328 30
1891 328 30
1898 328 30
1899 328 30
1900 328 30
1901 328 30
688 329 30
689 329 30
690 329 30
691 329 30
1889 329 30
1890 329 30
1897 329 30
1898 329 30
687 330 30
688 330 30
689 330 30
1887 330 30
1888 330 30
1889 330 30
1896 330 30
1897 330 30
686 331 30
687 331 30
688 331 30
1886 331 30
1887 331 30
1888 331 30
1894 331 30
1895 331 30
1896 331 30
685 332 30
686 332 30
687 332 30
1885 332 30
1886 332 30
1893 332 30
1894 332 30
1895 332 30
684 333 30
685 333 30
686 333 30
1884 333 30
1885 333 30
1892 333 30
1893 333 30
683 334 30
684 334 30
685 334 30
1883 334 30
1884 334 30
1891 334 30
1892 334 30
682 335 30
683 335 30
684 335 30
1882 335 30
1883 335 30
1889 335 30
1890 335 30
1891 335 30
681 336 30
682 336 30
683 336 30
1880 336 30
1881 336 30
1882 336 30
1888 336 30
1889 336 30
1890 336 30
680 337 30
681 337 30
682 337 30
1879 337 30
1880 337 30
1881 337 30
1887 337 30
1888 337 30
678 338 30
679 338 30
680 338 30
681 338 30
1877 338 30
1878 338 30
1879 338 30
1886 338 30
1887 338 30
677 339 30
678 339 30
679 339 30
680 339 30
1875 339 30
1876 339 30
1877 339 30
1878 339 30
1885 339 30
1886 339 30
675 340 30
676 340 30
677 340 30
678 340 30
679 340 30
1873 340 30
1874 340 30
1875 340 30
1876 340 30
1884 340 30
1885 340 30
673 341 30
674 341 30
675 341 30
676 341 30
677 341 30
1871 341 30
1872 341 30
1873 341 30
1874 341 30
1882 341 30
1883 341 30
1884 341 30
671 342 30
672 342 30
673 342 30
674 342 30
675 342 30
676 342 30
1868 342 30
1869 342 30
1870 342 30
1871 342 30
1872 342 30
1881 342 30
1882 342 30
1883 342 30
669 343 30
670 343 30
671 343 30
672 343 30
673 343 30
674 343 30
1865 343 30
1866 343 30
1867 343 30
1868 343 30
1869 343 30
1870 343 30
1879 343 30
1880 343 30
1881 343 30
668 344 30
669 344 30
670 344 30
671 344 30
672 344 30
1862 344 30
1863 344 30
1864 344 30
1865 344 30
1866 344 30
1867 344 30
1877 344 30
1878 344 30
1879 344 30
1880 344 30
667 345 30
668 345 30
669 345 30
670 345 30
1859 345 30
1860 345 30
1861 345 30
1862 345 30
1863 345 30
1864 345 30
1875 345 30
1876 345 30
1877 345 30
1878 345 30
665 346 30
666 346 30
667 346 30
668 346 30
1856 346 30
1857 346 30
1858 346 30
1859 346 30
1860 346 30
1861 346 30
1873 346 30
1874 346 30
1875 346 30
1876 346 30
664 347 30
665 347 30
666 347 30
667 347 30
1853 347 30
1854 347 30
1855 347 30
1856 347 30
1857 347 30
1858 347 30
1870 347 30
1871 347 30
1872 347 30
1873 347 30
1874 347 30
662 348 30
663 348 30
664 348 30
665 348 30
1850 348 30
1851 348 30
1852 348 30
1853 348 30
1854 348 30
1855 348 30
1867 348 30
1868 348 30
1869 348 30
1870 348 30
1871 348 30
1872 348 30
661 349 30
662 349 30
663 349 30
664 349 30
1088 349 30
1089 349 30
1090 349 30
1091 349 30
1092 349 30
1847 349 30
1848 349 30
1849 349 30
1850 349 30
1851 349 30
1852 349 30
1864 349 30
1865 349 30
1866 349 30
1867 349 30
1868 349 30
1869 349 30
660 350 30
661 350 30
662 350 30
1086 350 30
1087 350 30
1088 350 30
1089 350 30
1090 350 30
1091 350 30
1092 350 30
1093 350 30
1845 350 30
1846 350 30
1847 350 30
1848 350 30
1849 350 30
1861 350 30
1862 350 30
1863 350 30
1864 350 30
1865 350 30
1866 350 30
660 351 30
661 351 30
662 351 30
1083 351 30
1084 351 30
1085 351 30
1086 351 30
1087 351 30
1093 351 30
1094 351 30
1844 351 30
1845 351 30
1846 351 30
1858 351 30
1859 351 30
1860 351 30
1861 351 30
1862 351 30
1863 351 30
660 352 30
661 352 30
662 352 30
1082 352 30
1083 352 30
1084 352 30
1085 352 30
1089 352 30
1090 352 30
1091 352 30
1092 352 30
1093 352 30
1842 352 30
1843 352 30
1844 352 30
1855 352 30
1856 352 30
1857 352 30
1858 352 30
1859 352 30
1860 352 30
660 353 30
661 353 30
662 353 30
663 353 30
1081 353 30
1082 353 30
1087 353 30
1088 353 30
1089 353 30
1090 353 30
1091 353 30
1092 353 30
1840 353 30
1841 353 30
1842 353 30
1843 353 30
1852 353 30
1853 353 30
1854 353 30
1855 353 30
1856 353 30
1857 353 30
661 354 30
662 354 30
663 354 30
664 354 30
1080 354 30
1081 354 30
1084 354 30
1085 354 30
1086 354 30
1087 354 30
1088 354 30
1839 354 30
1840 354 30
1841 354 30
1851 354 30
1852 354 30
1853 354 30
1854 354 30
662 355 30
663 355 30
664 355 30
1040 355 30
1079 355 30
1080 355 30
1083 355 30
1084 355 30
1085 355 30
1086 355 30
1838 355 30
1839 355 30
1850 355 30
1851 355 30
662 356 30
663 356 30
664 356 30
665 356 30
666 356 30
1039 356 30
1040 356 30
1041 356 30
1078 356 30
1079 356 30
1082 356 30
1083 356 30
1836 356 30
1837 356 30
1838 356 30
1849 356 30
1850 356 30
663 357 30
664 357 30
665 357 30
666 357 30
667 357 30
1038 357 30
1039 357 30
1040 357 30
1077 357 30
1078 357 30
1081 357 30
1082 357 30
1835 357 30
1836 357 30
1837 357 30
1847 357 30
1848 357 30
1849 357 30
664 358 30
665 358 30
666 358 30
667 358 30
668 358 30
1037 358 30
1038 358 30
1039 358 30
1076 358 30
1077 358 30
1080 358 30
1081 358 30
1834 358 30
1835 358 30
1843 358 30
1844 358 30
1845 358 30
1846 358 30
1847 358 30
1848 358 30
666 359 30
667 359 30
668 359 30
1036 359 30
1037 359 30
1038 359 30
1039 359 30
1073 359 30
1074 359 30
1075 359 30
1076 359 30
1080 359 30
1081 359 30
1827 359 30
1828 359 30
1829 359 30
1833 359 30
1834 359 30
1842 359 30
1843 359 30
1844 359 30
1845 359 30
1846 359 30
666 360 30
667 360 30
668 360 30
669 360 30
1036 360 30
1037 360 30
1038 360 30
1039 360 30
1072 360 30
1073 360 30
1074 360 30
1075 360 30
1076 360 30
1081 360 30
1082 360 30
1303 360 30
1826 360 30
1827 360 30
1828 360 30
1829 360 30
1830 360 30
1831 360 30
1832 360 30
1833 360 30
1839 360 30
1840 360 30
1841 360 30
1842 360 30
666 361 30
667 361 30
668 361 30
669 361 30
670 361 30
1036 361 30
1037 361 30
1038 361 30
1039 361 30
1071 361 30
1072 361 30
1075 361 30
1081 361 30
1082 361 30
1302 361 30
1303 361 30
1304 361 30
1825 361 30
1826 361 30
1830 361 30
1831 361 30
1832 361 30
1838 361 30
1839 361 30
1840 361 30
1841 361 30
667 362 30
668 362 30
669 362 30
670 362 30
671 362 30
1035 362 30
1036 362 30
1037 362 30
1038 362 30
1039 362 30
1072 362 30
1073 362 30
1080 362 30
1081 362 30
1302 362 30
1303 362 30
1304 362 30
1824 362 30
1825 362 30
1837 362 30
1838 362 30
667 363 30
668 363 30
671 363 30
672 363 30
1035 363 30
1036 363 30
1037 363 30
1038 363 30
1072 363 30
1073 363 30
1079 363 30
1080 363 30
1301 363 30
1302 363 30
1303 363 30
1304 363 30
1823 363 30
1824 363 30
1836 363 30
1837 363 30
667 364 30
668 364 30
671 364 30
672 364 30
1035 364 30
1036 364 30
1037 364 30
1038 364 30
1072 364 30
1073 364 30
1074 364 30
1078 364 30
1079 364 30
1301 364 30
1302 364 30
1303 364 30
1304 364 30
1822 364 30
1823 364 30
1835 364 30
1836 364 30
668 365 30
669 365 30
670 365 30
671 365 30
1035 365 30
1036 365 30
1037 365 30
1038 365 30
1071 365 30
1072 365 30
1073 365 30
1074 365 30
1075 365 30
1076 365 30
1077 365 30
1078 365 30
1301 365 30
1302 365 30
1303 365 30
1304 365 30
1821 365 30
1822 365 30
1836 365 30
1837 365 30
668 366 30
669 366 30
670 366 30
671 366 30
932 366 30
1035 366 30
1036 366 30
1037 366 30
1038 366 30
1070 366 30
1071 366 30
1072 366 30
1073 366 30
1074 366 30
1075 366 30
1076 366 30
1077 366 30
1301 366 30
1302 366 30
1303 366 30
1304 366 30
1821 366 30
1822 366 30
1836 366 30
1837 366 30
668 367 30
669 367 30
670 367 30
671 367 30
931 367 30
932 367 30
933 367 30
1035 367 30
1036 367 30
1037 367 30
1069 367 30
1070 367 30
1071 367 30
1072 367 30
1073 367 30
1074 367 30
1301 367 30
1302 367 30
1303 367 30
1304 367 30
1820 367 30
1821 367 30
1834 367 30
1835 367 30
1836 367 30
668 368 30
669 368 30
670 368 30
671 368 30
932 368 30
933 368 30
934 368 30
1035 368 30
1036 368 30
1037 368 30
1068 368 30
1069 368 30
1070 368 30
1071 368 30
1073 368 30
1301 368 30
1302 368 30
1303 368 30
1819 368 30
1820 368 30
1833 368 30
1834 368 30
1835 368 30
668 369 30
669 369 30
670 369 30
671 369 30
931 369 30
932 369 30
933 369 30
934 369 30
1035 369 30
1036 369 30
1037 369 30
1068 369 30
1069 369 30
1070 369 30
1071 369 30
1072 369 30
1300 369 30
1301 369 30
1302 369 30
1303 369 30
1816 369 30
1817 369 30
1818 369 30
1819 369 30
1833 369 30
1834 369 30
668 370 30
669 370 30
670 370 30
671 370 30
930 370 30
931 370 30
932 370 30
933 370 30
1034 370 30
1035 370 30
1036 370 30
1037 370 30
1067 370 30
1068 370 30
1069 370 30
1070 370 30
1071 370 30
1300 370 30
1301 370 30
1302 370 30
1303 370 30
1815 370 30
1816 370 30
1817 370 30
1818 370 30
1832 370 30
1833 370 30
668 371 30
669 371 30
670 371 30
671 371 30
930 371 30
931 371 30
932 371 30
933 371 30
1034 371 30
1035 371 30
1036 371 30
1037 371 30
1066 371 30
1067 371 30
1068 371 30
1069 371 30
1300 371 30
1301 371 30
1302 371 30
1303 371 30
1814 371 30
1815 371 30
1832 371 30
1833 371 30
668 372 30
669 372 30
670 372 30
671 372 30
929 372 30
930 372 30
931 372 30
932 372 30
1034 372 30
1035 372 30
1036 372 30
1037 372 30
1066 372 30
1067 372 30
1068 372 30
1300 372 30
1301 372 30
1302 372 30
1303 372 30
1813 372 30
1814 372 30
1832 372 30
1833 372 30
668 373 30
669 373 30
670 373 30
671 373 30
929 373 30
930 373 30
931 373 30
932 373 30
1034 373 30
1035 373 30
1036 373 30
1037 373 30
1065 373 30
1066 373 30
1067 373 30
1068 373 30
1300 373 30
1301 373 30
1302 373 30
1812 373 30
1813 373 30
1832 373 30
1833 373 30
668 374 30
669 374 30
670 374 30
671 374 30
929 374 30
930 374 30
931 374 30
1034 374 30
1035 374 30
1036 374 30
1065 374 30
1066 374 30
1067 374 30
1068 374 30
1299 374 30
1300 374 30
1301 374 30
1302 374 30
1811 374 30
1812 374 30
1831 374 30
1832 374 30
668 375 30
669 375 30
670 375 30
671 375 30
928 375 30
929 375 30
930 375 30
931 375 30
1034 375 30
1035 375 30
1036 375 30
1064 375 30
1065 375 30
1066 375 30
1067 375 30
1299 375 30
1300 375 30
1301 375 30
1302 375 30
1810 375 30
1811 375 30
1830 375 30
1831 375 30
668 376 30
669 376 30
670 376 30
671 376 30
865 376 30
928 376 30
929 376 30
930 376 30
1034 376 30
1035 376 30
1036 376 30
1064 376 30
1065 376 30
1066 376 30
1299 376 30
1300 376 30
1301 376 30
1302 376 30
1811 376 30
1812 376 30
1823 376 30
1824 376 30
1829 376 30
1830 376 30
668 377 30
669 377 30
670 377 30
671 377 30
864 377 30
865 377 30
866 377 30
927 377 30
928 377 30
929 377 30
930 377 30
1034 377 30
1035 377 30
1036 377 30
1063 377 30
1064 377 30
1065 377 30
1066 377 30
1299 377 30
1300 377 30
1301 377 30
1302 377 30
1812 377 30
1813 377 30
1814 377 30
1815 377 30
1816 377 30
1817 377 30
1818 377 30
1819 377 30
1820 377 30
1821 377 30
1822 377 30
1823 377 30
1824 377 30
1825 377 30
1826 377 30
1829 377 30
1830 377 30
668 378 30
669 378 30
670 378 30
671 378 30
864 378 30
865 378 30
866 378 30
927 378 30
928 378 30
929 378 30
1034 378 30
1035 378 30
1036 378 30
1062 378 30
1063 378 30
1064 378 30
1065 378 30
1298 378 30
1299 378 30
1300 378 30
1301 378 30
1813 378 30
1814 378 30
1815 378 30
1816 378 30
1817 378 30
1818 378 30
1819 378 30
1820 378 30
1821 378 30
1822 378 30
1825 378 30
1826 378 30
1827 378 30
1829 378 30
1830 378 30
668 379 30
669 379 30
670 379 30
671 379 30
864 379 30
865 379 30
866 379 30
927 379 30
928 379 30
929 379 30
1034 379 30
1035 379 30
1036 379 30
1062 379 30
1063 379 30
1064 379 30
1298 379 30
1299 379 30
1300 379 30
1301 379 30
1826 379 30
1827 379 30
1829 379 30
1830 379 30
668 380 30
669 380 30
670 380 30
671 380 30
863 380 30
864 380 30
865 380 30
866 380 30
926 380 30
927 380 30
928 380 30
1034 380 30
1035 380 30
1036 380 30
1062 380 30
1063 380 30
1064 380 30
1298 380 30
1299 380 30
1300 380 30
1826 380 30
1827 380 30
1829 380 30
1830 380 30
668 381 30
669 381 30
670 381 30
671 381 30
863 381 30
864 381 30
865 381 30
866 381 30
926 381 30
927 381 30
928 381 30
998 381 30
1034 381 30
1035 381 30
1036 381 30
1061 381 30
1062 381 30
1063 381 30
1298 381 30
1299 381 30
1300 381 30
1826 381 30
1827 381 30
1829 381 30
1830 381 30
668 382 30
669 382 30
670 382 30
671 382 30
863 382 30
864 382 30
865 382 30
925 382 30
926 382 30
927 382 30
928 382 30
996 382 30
997 382 30
998 382 30
999 382 30
1034 382 30
1035 382 30
1036 382 30
1060 382 30
1061 382 30
1062 382 30
1063 382 30
1297 382 30
1298 382 30
1299 382 30
1300 382 30
1826 382 30
1827 382 30
1829 382 30
1830 382 30
668 383 30
669 383 30
670 383 30
671 383 30
863 383 30
864 383 30
865 383 30
925 383 30
926 383 30
927 383 30
995 383 30
996 383 30
997 383 30
998 383 30
999 383 30
1033 383 30
1034 383 30
1035 383 30
1036 383 30
1060 383 30
1061 383 30
1062 383 30
1297 383 30
1298 383 30
1299 383 30
1826 383 30
1827 383 30
1829 383 30
1830 383 30
668 384 30
669 384 30
670 384 30
863 384 30
864 384 30
865 384 30
924 384 30
925 384 30
926 384 30
927 384 30
995 384 30
996 384 30
997 384 30
998 384 30
999 384 30
1033 384 30
1034 384 30
1035 384 30
1036 384 30
1060 384 30
1061 384 30
1062 384 30
1297 384 30
1298 384 30
1299 384 30
1826 384 30
1827 384 30
1829 384 30
1830 384 30
668 385 30
669 385 30
670 385 30
863 385 30
864 385 30
865 385 30
924 385 30
925 385 30
926 385 30
995 385 30
996 385 30
997 385 30
998 385 30
999 385 30
1032 385 30
1033 385 30
1034 385 30
1035 385 30
1059 385 30
1060 385 30
1061 385 30
1062 385 30
1296 385 30
1297 385 30
1298 385 30
1299 385 30
1826 385 30
1827 385 30
1828 385 30
1829 385 30
1830 385 30
668 386 30
669 386 30
670 386 30
862 386 30
863 386 30
864 386 30
865 386 30
923 386 30
924 386 30
925 386 30
926 386 30
995 386 30
996 386 30
997 386 30
998 386 30
999 386 30
1032 386 30
1033 386 30
1034 386 30
1035 386 30
1058 386 30
1059 386 30
1060 386 30
1061 386 30
1296 386 30
1297 386 30
1298 386 30
1299 386 30
1826 386 30
1827 386 30
1828 386 30
1829 386 30
1830 386 30
668 387 30
669 387 30
670 387 30
862 387 30
863 387 30
864 387 30
865 387 30
923 387 30
924 387 30
925 387 30
926 387 30
995 387 30
996 387 30
997 387 30
998 387 30
1031 387 30
1032 387 30
1033 387 30
1034 387 30
1058 387 30
1059 387 30
1060 387 30
1061 387 30
1296 387 30
1297 387 30
1298 387 30
1299 387 30
1826 387 30
1827 387 30
1828 387 30
1829 387 30
1830 387 30
1831 387 30
668 388 30
669 388 30
670 388 30
862 388 30
863 388 30
864 388 30
865 388 30
922 388 30
923 388 30
924 388 30
925 388 30
994 388 30
995 388 30
996 388 30
997 388 30
998 388 30
1030 388 30
1031 388 30
1032 388 30
1033 388 30
1034 388 30
1057 388 30
1058 388 30
1059 388 30
1060 388 30
1296 388 30
1297 388 30
1298 388 30
1299 388 30
1826 388 30
1827 388 30
1828 388 30
1830 388 30
1831 388 30
668 389 30
669 389 30
670 389 30
862 389 30
863 389 30
864 389 30
922 389 30
923 389 30
924 389 30
925 389 30
994 389 30
995 389 30
996 389 30
997 389 30
1030 389 30
1031 389 30
1032 389 30
1033 389 30
1056 389 30
1057 389 30
1058 389 30
1059 389 30
1060 389 30
1295 389 30
1296 389 30
1297 389 30
1298 389 30
1826 389 30
1827 389 30
1830 389 30
1831 389 30
667 390 30
668 390 30
669 390 30
670 390 30
862 390 30
863 390 30
864 390 30
923 390 30
924 390 30
925 390 30
994 390 30
995 390 30
996 390 30
997 390 30
1029 390 30
1030 390 30
1031 390 30
1032 390 30
1056 390 30
1057 390 30
1058 390 30
1059 390 30
1295 390 30
1296 390 30
1297 390 30
1298 390 30
1826 390 30
1827 390 30
1829 390 30
1830 390 30
667 391 30
668 391 30
669 391 30
670 391 30
861 391 30
862 391 30
863 391 30
864 391 30
923 391 30
924 391 30
925 391 30
993 391 30
994 391 30
995 391 30
996 391 30
997 391 30
1028 391 30
1029 391 30
1030 391 30
1031 391 30
1055 391 30
1056 391 30
1057 391 30
1058 391 30
1059 391 30
1295 391 30
1296 391 30
1297 391 30
1298 391 30
1825 391 30
1826 391 30
1829 391 30
1830 391 30
667 392 30
668 392 30
669 392 30
670 392 30
861 392 30
862 392 30
863 392 30
864 392 30
922 392 30
923 392 30
924 392 30
993 392 30
994 392 30
995 392 30
996 392 30
1027 392 30
1028 392 30
1029 392 30
1030 392 30
1056 392 30
1057 392 30
1058 392 30
1295 392 30
1296 392 30
1297 392 30
1298 392 30
1825 392 30
1826 392 30
1829 392 30
1830 392 30
667 393 30
668 393 30
669 393 30
670 393 30
861 393 30
862 393 30
863 393 30
922 393 30
923 393 30
924 393 30
993 393 30
994 393 30
995 393 30
996 393 30
1026 393 30
1027 393 30
1028 393 30
1029 393 30
1055 393 30
1056 393 30
1057 393 30
1058 393 30
1295 393 30
1296 393 30
1297 393 30
1298 393 30
1825 393 30
1826 393 30
1828 393 30
1829 393 30
667 394 30
668 394 30
669 394 30
670 394 30
861 394 30
862 394 30
863 394 30
922 394 30
923 394 30
924 394 30
993 394 30
994 394 30
995 394 30
1026 394 30
1027 394 30
1028 394 30
1029 394 30
1054 394 30
1055 394 30
1056 394 30
1057 394 30
1295 394 30
1296 394 30
1297 394 30
1298 394 30
1825 394 30
1826 394 30
1828 394 30
1829 394 30
667 395 30
668 395 30
669 395 30
861 395 30
862 395 30
863 395 30
921 395 30
922 395 30
923 395 30
924 395 30
992 395 30
993 395 30
994 395 30
995 395 30
1026 395 30
1027 395 30
1028 395 30
1052 395 30
1053 395 30
1054 395 30
1055 395 30
1056 395 30
1295 395 30
1296 395 30
1297 395 30
1298 395 30
1825 395 30
1826 395 30
1828 395 30
1829 395 30
667 396 30
668 396 30
669 396 30
861 396 30
862 396 30
863 396 30
921 396 30
922 396 30
923 396 30
992 396 30
993 396 30
994 396 30
995 396 30
1026 396 30
1027 396 30
1028 396 30
1051 396 30
1052 396 30
1053 396 30
1054 396 30
1055 396 30
1295 396 30
1296 396 30
1297 396 30
1298 396 30
1824 396 30
1825 396 30
1827 396 30
1828 396 30
667 397 30
668 397 30
669 397 30
860 397 30
861 397 30
862 397 30
863 397 30
920 397 30
921 397 30
922 397 30
923 397 30
992 397 30
993 397 30
994 397 30
1026 397 30
1027 397 30
1028 397 30
1051 397 30
1052 397 30
1053 397 30
1054 397 30
1295 397 30
1296 397 30
1297 397 30
1298 397 30
1824 397 30
1825 397 30
1827 397 30
1828 397 30
667 398 30
668 398 30
669 398 30
860 398 30
861 398 30
862 398 30
863 398 30
920 398 30
921 398 30
922 398 30
923 398 30
991 398 30
992 398 30
993 398 30
994 398 30
1026 398 30
1027 398 30
1028 398 30
1050 398 30
1051 398 30
1052 398 30
1053 398 30
1295 398 30
1296 398 30
1297 398 30
1298 398 30
1823 398 30
1824 398 30
1827 398 30
1828 398 30
667 399 30
668 399 30
669 399 30
860 399 30
861 399 30
862 399 30
920 399 30
921 399 30
922 399 30
923 399 30
991 399 30
992 399 30
993 399 30
1026 399 30
1027 399 30
1028 399 30
1049 399 30
1050 399 30
1051 399 30
1052 399 30
1295 399 30
1296 399 30
1297 399 30
1298 399 30
1823 399 30
1824 399 30
1826 399 30
1827 399 30
667 400 30
668 400 30
669 400 30
860 400 30
861 400 30
862 400 30
920 400 30
921 400 30
922 400 30
991 400 30
992 400 30
993 400 30
1026 400 30
1027 400 30
1028 400 30
1048 400 30
1049 400 30
1050 400 30
1051 400 30
1295 400 30
1296 400 30
1297 400 30
1823 400 30
1824 400 30
1826 400 30
1827 400 30
667 401 30
668 401 30
669 401 30
859 401 30
860 401 30
861 401 30
862 401 30
920 401 30
921 401 30
922 401 30
991 401 30
992 401 30
993 401 30
1026 401 30
1027 401 30
1028 401 30
1047 401 30
1048 401 30
1049 401 30
1050 401 30
1295 401 30
1296 401 30
1297 401 30
1823 401 30
1824 401 30
1826 401 30
1827 401 30
667 402 30
668 402 30
669 402 30
859 402 30
860 402 30
861 402 30
862 402 30
919 402 30
920 402 30
921 402 30
922 402 30
990 402 30
991 402 30
992 402 30
993 402 30
1026 402 30
1027 402 30
1028 402 30
1046 402 30
1047 402 30
1048 402 30
1049 402 30
1295 402 30
1296 402 30
1297 402 30
1822 402 30
1823 402 30
1825 402 30
1826 402 30
667 403 30
668 403 30
669 403 30
859 403 30
860 403 30
861 403 30
919 403 30
920 403 30
921 403 30
922 403 30
990 403 30
991 403 30
992 403 30
1026 403 30
1027 403 30
1028 403 30
1045 403 30
1046 403 30
1047 403 30
1048 403 30
1295 403 30
1296 403 30
1297 403 30
1822 403 30
1823 403 30
1825 403 30
1826 403 30
667 404 30
668 404 30
669 404 30
859 404 30
860 404 30
861 404 30
919 404 30
920 404 30
921 404 30
990 404 30
991 404 30
992 404 30
1026 404 30
1027 404 30
1028 404 30
1044 404 30
1045 404 30
1046 404 30
1047 404 30
1295 404 30
1296 404 30
1297 404 30
1821 404 30
1822 404 30
1825 404 30
1826 404 30
666 405 30
667 405 30
668 405 30
669 405 30
859 405 30
860 405 30
861 405 30
919 405 30
920 405 30
921 405 30
989 405 30
990 405 30
991 405 30
1026 405 30
1027 405 30
1028 405 30
1029 405 30
1044 405 30
1045 405 30
1046 405 30
1294 405 30
1295 405 30
1296 405 30
1297 405 30
1821 405 30
1822 405 30
1825 405 30
1826 405 30
665 406 30
666 406 30
667 406 30
668 406 30
669 406 30
858 406 30
859 406 30
860 406 30
861 406 30
918 406 30
919 406 30
920 406 30
921 406 30
989 406 30
990 406 30
991 406 30
1026 406 30
1027 406 30
1028 406 30
1029 406 30
1043 406 30
1044 406 30
1045 406 30
1046 406 30
1294 406 30
1295 406 30
1296 406 30
1297 406 30
1821 406 30
1822 406 30
1825 406 30
1826 406 30
664 407 30
665 407 30
668 407 30
669 407 30
858 407 30
859 407 30
860 407 30
918 407 30
919 407 30
920 407 30
921 407 30
989 407 30
990 407 30
991 407 30
1027 407 30
1028 407 30
1029 407 30
1042 407 30
1043 407 30
1044 407 30
1045 407 30
1294 407 30
1295 407 30
1296 407 30
1297 407 30
1821 407 30
1822 407 30
1824 407 30
1825 407 30
664 408 30
665 408 30
667 408 30
668 408 30
669 408 30
670 408 30
858 408 30
859 408 30
860 408 30
918 408 30
919 408 30
920 408 30
989 408 30
990 408 30
991 408 30
1027 408 30
1028 408 30
1029 408 30
1041 408 30
1042 408 30
1043 408 30
1044 408 30
1294 408 30
1295 408 30
1296 408 30
1822 408 30
1823 408 30
1824 408 30
1825 408 30
664 409 30
665 409 30
668 409 30
669 409 30
670 409 30
671 409 30
857 409 30
858 409 30
859 409 30
860 409 30
918 409 30
919 409 30
920 409 30
988 409 30
989 409 30
990 409 30
991 409 30
1027 409 30
1028 409 30
1029 409 30
1040 409 30
1041 409 30
1042 409 30
1043 409 30
1294 409 30
1295 409 30
1296 409 30
1822 409 30
1823 409 30
1824 409 30
1825 409 30
663 410 30
664 410 30
670 410 30
671 410 30
857 410 30
858 410 30
859 410 30
860 410 30
918 410 30
919 410 30
920 410 30
988 410 30
989 410 30
990 410 30
1027 410 30
1028 410 30
1029 410 30
1030 410 30
1039 410 30
1040 410 30
1041 410 30
1042 410 30
1294 410 30
1295 410 30
1296 410 30
1822 410 30
1823 410 30
1824 410 30
1825 410 30
663 411 30
664 411 30
669 411 30
670 411 30
857 411 30
858 411 30
859 411 30
918 411 30
919 411 30
920 411 30
988 411 30
989 411 30
990 411 30
1027 411 30
1028 411 30
1029 411 30
1030 411 30
1039 411 30
1040 411 30
1041 411 30
1293 411 30
1294 411 30
1295 411 30
1296 411 30
1822 411 30
1823 411 30
1824 411 30
1825 411 30
663 412 30
664 412 30
669 412 30
670 412 30
857 412 30
858 412 30
859 412 30
917 412 30
918 412 30
919 412 30
987 412 30
988 412 30
989 412 30
990 412 30
1027 412 30
1028 412 30
1029 412 30
1030 412 30
1038 412 30
1039 412 30
1040 412 30
1041 412 30
1293 412 30
1294 412 30
1295 412 30
1296 412 30
1822 412 30
1823 412 30
1824 412 30
1825 412 30
663 413 30
664 413 30
669 413 30
670 413 30
856 413 30
857 413 30
858 413 30
859 413 30
917 413 30
918 413 30
919 413 30
987 413 30
988 413 30
989 413 30
1028 413 30
1029 413 30
1030 413 30
1038 413 30
1039 413 30
1040 413 30
1293 413 30
1294 413 30
1295 413 30
1296 413 30
1822 413 30
1823 413 30
1824 413 30
1825 413 30
662 414 30
663 414 30
669 414 30
670 414 30
856 414 30
857 414 30
858 414 30
859 414 30
917 414 30
918 414 30
919 414 30
987 414 30
988 414 30
989 414 30
1028 414 30
1029 414 30
1030 414 30
1031 414 30
1037 414 30
1038 414 30
1039 414 30
1040 414 30
1293 414 30
1294 414 30
1295 414 30
1296 414 30
1822 414 30
1823 414 30
1824 414 30
1825 414 30
662 415 30
663 415 30
668 415 30
669 415 30
856 415 30
857 415 30
858 415 30
859 415 30
917 415 30
918 415 30
919 415 30
987 415 30
988 415 30
989 415 30
1028 415 30
1029 415 30
1030 415 30
1031 415 30
1037 415 30
1038 415 30
1039 415 30
1293 415 30
1294 415 30
1295 415 30
1822 415 30
1823 415 30
1824 415 30
1825 415 30
662 416 30
663 416 30
668 416 30
669 416 30
856 416 30
857 416 30
858 416 30
916 416 30
917 416 30
918 416 30
986 416 30
987 416 30
988 416 30
989 416 30
1029 416 30
1030 416 30
1031 416 30
1037 416 30
1038 416 30
1039 416 30
1293 416 30
1294 416 30
1295 416 30
1822 416 30
1823 416 30
1824 416 30
1825 416 30
661 417 30
662 417 30
668 417 30
669 417 30
855 417 30
856 417 30
857 417 30
858 417 30
916 417 30
917 417 30
918 417 30
986 417 30
987 417 30
988 417 30
1029 417 30
1030 417 30
1031 417 30
1037 417 30
1038 417 30
1039 417 30
1292 417 30
1293 417 30
1294 417 30
1295 417 30
1822 417 30
1823 417 30
1824 417 30
1825 417 30
659 418 30
660 418 30
661 418 30
667 418 30
668 418 30
855 418 30
856 418 30
857 418 30
858 418 30
916 418 30
917 418 30
918 418 30
986 418 30
987 418 30
988 418 30
1029 418 30
1030 418 30
1031 418 30
1032 418 30
1036 418 30
1037 418 30
1038 418 30
1039 418 30
1292 418 30
1293 418 30
1294 418 30
1822 418 30
1823 418 30
1824 418 30
1825 418 30
658 419 30
659 419 30
660 419 30
667 419 30
668 419 30
855 419 30
856 419 30
857 419 30
858 419 30
916 419 30
917 419 30
918 419 30
985 419 30
986 419 30
987 419 30
988 419 30
1030 419 30
1031 419 30
1032 419 30
1035 419 30
1036 419 30
1038 419 30
1039 419 30
1292 419 30
1293 419 30
1294 419 30
1822 419 30
1823 419 30
1824 419 30
1825 419 30
658 420 30
659 420 30
666 420 30
667 420 30
855 420 30
856 420 30
857 420 30
915 420 30
916 420 30
917 420 30
985 420 30
986 420 30
987 420 30
1030 420 30
1031 420 30
1032 420 30
1033 420 30
1034 420 30
1035 420 30
1038 420 30
1039 420 30
1292 420 30
1293 420 30
1294 420 30
1822 420 30
1823 420 30
1824 420 30
1825 420 30
657 421 30
658 421 30
666 421 30
667 421 30
855 421 30
856 421 30
857 421 30
915 421 30
916 421 30
917 421 30
985 421 30
986 421 30
987 421 30
1031 421 30
1032 421 30
1033 421 30
1034 421 30
1038 421 30
1039 421 30
1292 421 30
1293 421 30
1294 421 30
1295 421 30
1822 421 30
1823 421 30
1824 421 30
1825 421 30
658 422 30
659 422 30
666 422 30
667 422 30
854 422 30
855 422 30
856 422 30
857 422 30
915 422 30
916 422 30
917 422 30
985 422 30
986 422 30
987 422 30
1031 422 30
1032 422 30
1038 422 30
1039 422 30
1292 422 30
1293 422 30
1294 422 30
1295 422 30
1296 422 30
1822 422 30
1823 422 30
1824 422 30
1825 422 30
657 423 30
658 423 30
666 423 30
667 423 30
854 423 30
855 423 30
856 423 30
857 423 30
914 423 30
915 423 30
916 423 30
917 423 30
984 423 30
985 423 30
986 423 30
987 423 30
1031 423 30
1032 423 30
1039 423 30
1040 423 30
1291 423 30
1292 423 30
1295 423 30
1296 423 30
1822 423 30
1823 423 30
1824 423 30
1825 423 30
657 424 30
658 424 30
666 424 30
667 424 30
854 424 30
855 424 30
856 424 30
857 424 30
914 424 30
915 424 30
916 424 30
984 424 30
985 424 30
986 424 30
1031 424 30
1032 424 30
1039 424 30
1040 424 30
1291 424 30
1292 424 30
1296 424 30
1297 424 30
1822 424 30
1823 424 30
1824 424 30
1825 424 30
658 425 30
659 425 30
665 425 30
666 425 30
854 425 30
855 425 30
856 425 30
914 425 30
915 425 30
916 425 30
984 425 30
985 425 30
986 425 30
1032 425 30
1033 425 30
1039 425 30
1040 425 30
1291 425 30
1292 425 30
1296 425 30
1297 425 30
1822 425 30
1823 425 30
1824 425 30
1825 425 30
658 426 30
659 426 30
665 426 30
666 426 30
853 426 30
854 426 30
855 426 30
856 426 30
914 426 30
915 426 30
916 426 30
984 426 30
985 426 30
986 426 30
1032 426 30
1033 426 30
1039 426 30
1040 426 30
1291 426 30
1292 426 30
1296 426 30
1297 426 30
1822 426 30
1823 426 30
1824 426 30
659 427 30
660 427 30
665 427 30
666 427 30
853 427 30
854 427 30
855 427 30
856 427 30
913 427 30
914 427 30
915 427 30
916 427 30
983 427 30
984 427 30
985 427 30
986 427 30
1032 427 30
1033 427 30
1039 427 30
1040 427 30
1291 427 30
1292 427 30
1296 427 30
1297 427 30
1822 427 30
1823 427 30
1824 427 30
659 428 30
660 428 30
664 428 30
665 428 30
853 428 30
854 428 30
855 428 30
856 428 30
913 428 30
914 428 30
915 428 30
983 428 30
984 428 30
985 428 30
1031 428 30
1032 428 30
1039 428 30
1040 428 30
1291 428 30
1292 428 30
1296 428 30
1297 428 30
1822 428 30
1823 428 30
1824 428 30
658 429 30
659 429 30
660 429 30
664 429 30
665 429 30
853 429 30
854 429 30
855 429 30
913 429 30
914 429 30
915 429 30
983 429 30
984 429 30
985 429 30
1031 429 30
1032 429 30
1037 429 30
1038 429 30
1039 429 30
1291 429 30
1292 429 30
1296 429 30
1297 429 30
1822 429 30
1823 429 30
1824 429 30
658 430 30
659 430 30
660 430 30
661 430 30
662 430 30
663 430 30
664 430 30
853 430 30
854 430 30
855 430 30
913 430 30
914 430 30
915 430 30
983 430 30
984 430 30
985 430 30
1031 430 30
1032 430 30
1035 430 30
1036 430 30
1037 430 30
1038 430 30
1291 430 30
1292 430 30
1296 430 30
1297 430 30
1821 430 30
1822 430 30
1823 430 30
1824 430 30
658 431 30
659 431 30
660 431 30
661 431 30
662 431 30
663 431 30
853 431 30
854 431 30
855 431 30
912 431 30
913 431 30
914 431 30
915 431 30
982 431 30
983 431 30
984 431 30
985 431 30
1030 431 30
1031 431 30
1033 431 30
1034 431 30
1035 431 30
1036 431 30
1290 431 30
1291 431 30
1296 431 30
1297 431 30
1821 431 30
1822 431 30
1823 431 30
1824 431 30
655 432 30
656 432 30
657 432 30
658 432 30
659 432 30
853 432 30
854 432 30
855 432 30
912 432 30
913 432 30
914 432 30
982 432 30
983 432 30
984 432 30
1030 432 30
1031 432 30
1032 432 30
1033 432 30
1034 432 30
1290 432 30
1291 432 30
1296 432 30
1297 432 30
1821 432 30
1822 432 30
1823 432 30
1824 432 30
654 433 30
655 433 30
656 433 30
657 433 30
658 433 30
659 433 30
852 433 30
853 433 30
854 433 30
855 433 30
912 433 30
913 433 30
914 433 30
982 433 30
983 433 30
984 433 30
1029 433 30
1030 433 30
1031 433 30
1032 433 30
1290 433 30
1291 433 30
1296 433 30
1297 433 30
1821 433 30
1822 433 30
1823 433 30
1824 433 30
653 434 30
654 434 30
657 434 30
658 434 30
659 434 30
852 434 30
853 434 30
854 434 30
912 434 30
913 434 30
914 434 30
982 434 30
983 434 30
984 434 30
1028 434 30
1029 434 30
1031 434 30
1032 434 30
1290 434 30
1291 434 30
1296 434 30
1297 434 30
1821 434 30
1822 434 30
1823 434 30
654 435 30
655 435 30
658 435 30
659 435 30
852 435 30
853 435 30
854 435 30
911 435 30
912 435 30
913 435 30
914 435 30
981 435 30
982 435 30
983 435 30
984 435 30
1028 435 30
1029 435 30
1031 435 30
1032 435 30
1290 435 30
1291 435 30
1296 435 30
1297 435 30
1821 435 30
1822 435 30
1823 435 30
655 436 30
656 436 30
658 436 30
659 436 30
852 436 30
853 436 30
854 436 30
911 436 30
912 436 30
913 436 30
981 436 30
982 436 30
983 436 30
1027 436 30
1028 436 30
1030 436 30
1031 436 30
1289 436 30
1290 436 30
1295 436 30
1296 436 30
1821 436 30
1822 436 30
1823 436 30
655 437 30
656 437 30
658 437 30
659 437 30
852 437 30
853 437 30
854 437 30
910 437 30
911 437 30
912 437 30
913 437 30
981 437 30
982 437 30
983 437 30
1027 437 30
1028 437 30
1030 437 30
1031 437 30
1289 437 30
1290 437 30
1295 437 30
1296 437 30
1820 437 30
1821 437 30
1822 437 30
1823 437 30
655 438 30
656 438 30
659 438 30
660 438 30
851 438 30
852 438 30
853 438 30
854 438 30
910 438 30
911 438 30
912 438 30
913 438 30
981 438 30
982 438 30
983 438 30
1026 438 30
1027 438 30
1028 438 30
1029 438 30
1030 438 30
1288 438 30
1289 438 30
1292 438 30
1295 438 30
1296 438 30
1820 438 30
1821 438 30
1822 438 30
1823 438 30
655 439 30
656 439 30
659 439 30
660 439 30
695 439 30
851 439 30
852 439 30
853 439 30
854 439 30
910 439 30
911 439 30
912 439 30
913 439 30
980 439 30
981 439 30
982 439 30
983 439 30
1026 439 30
1027 439 30
1028 439 30
1029 439 30
1030 439 30
1288 439 30
1289 439 30
1291 439 30
1292 439 30
1293 439 30
1295 439 30
1296 439 30
1820 439 30
1821 439 30
1822 439 30
655 440 30
656 440 30
659 440 30
660 440 30
694 440 30
695 440 30
696 440 30
851 440 30
852 440 30
853 440 30
854 440 30
909 440 30
910 440 30
911 440 30
912 440 30
980 440 30
981 440 30
982 440 30
1026 440 30
1027 440 30
1028 440 30
1029 440 30
1287 440 30
1288 440 30
1290 440 30
1291 440 30
1293 440 30
1294 440 30
1295 440 30
1820 440 30
1821 440 30
1822 440 30
655 441 30
656 441 30
659 441 30
660 441 30
694 441 30
695 441 30
696 441 30
851 441 30
852 441 30
853 441 30
854 441 30
908 441 30
909 441 30
910 441 30
911 441 30
912 441 30
979 441 30
980 441 30
981 441 30
982 441 30
1026 441 30
1027 441 30
1028 441 30
1029 441 30
1286 441 30
1287 441 30
1290 441 30
1291 441 30
1294 441 30
1819 441 30
1820 441 30
1821 441 30
1822 441 30
655 442 30
656 442 30
659 442 30
660 442 30
694 442 30
695 442 30
696 442 30
850 442 30
851 442 30
852 442 30
853 442 30
907 442 30
908 442 30
909 442 30
910 442 30
911 442 30
978 442 30
979 442 30
980 442 30
981 442 30
982 442 30
1025 442 30
1026 442 30
1028 442 30
1029 442 30
1286 442 30
1287 442 30
1289 442 30
1290 442 30
1819 442 30
1820 442 30
1821 442 30
1822 442 30
655 443 30
656 443 30
658 443 30
659 443 30
694 443 30
695 443 30
696 443 30
850 443 30
851 443 30
852 443 30
853 443 30
906 443 30
907 443 30
908 443 30
909 443 30
910 443 30
977 443 30
978 443 30
979 443 30
980 443 30
981 443 30
1025 443 30
1026 443 30
1027 443 30
1028 443 30
1286 443 30
1287 443 30
1289 443 30
1290 443 30
1819 443 30
1820 443 30
1821 443 30
1822 443 30
655 444 30
656 444 30
658 444 30
659 444 30
694 444 30
695 444 30
696 444 30
697 444 30
850 444 30
851 444 30
852 444 30
853 444 30
905 444 30
906 444 30
907 444 30
909 444 30
977 444 30
978 444 30
979 444 30
980 444 30
1024 444 30
1025 444 30
1027 444 30
1028 444 30
1285 444 30
1286 444 30
1287 444 30
1288 444 30
1289 444 30
1819 444 30
1820 444 30
1821 444 30
1822 444 30
655 445 30
656 445 30
658 445 30
659 445 30
694 445 30
695 445 30
696 445 30
697 445 30
850 445 30
851 445 30
852 445 30
853 445 30
904 445 30
905 445 30
906 445 30
977 445 30
978 445 30
979 445 30
1024 445 30
1025 445 30
1026 445 30
1027 445 30
1284 445 30
1285 445 30
1286 445 30
1287 445 30
1288 445 30
1819 445 30
1820 445 30
1821 445 30
1822 445 30
654 446 30
655 446 30
657 446 30
658 446 30
694 446 30
695 446 30
696 446 30
697 446 30
850 446 30
851 446 30
852 446 30
853 446 30
904 446 30
905 446 30
906 446 30
977 446 30
978 446 30
979 446 30
1023 446 30
1024 446 30
1026 446 30
1027 446 30
1284 446 30
1285 446 30
1286 446 30
1819 446 30
1820 446 30
1821 446 30
654 447 30
655 447 30
657 447 30
658 447 30
694 447 30
695 447 30
696 447 30
697 447 30
850 447 30
851 447 30
852 447 30
903 447 30
904 447 30
905 447 30
977 447 30
978 447 30
979 447 30
1023 447 30
1024 447 30
1025 447 30
1026 447 30
1283 447 30
1284 447 30
1285 447 30
1286 447 30
1287 447 30
1818 447 30
1819 447 30
1820 447 30
1821 447 30
654 448 30
655 448 30
657 448 30
658 448 30
694 448 30
695 448 30
696 448 30
697 448 30
850 448 30
851 448 30
852 448 30
902 448 30
903 448 30
904 448 30
976 448 30
977 448 30
978 448 30
979 448 30
1022 448 30
1023 448 30
1025 448 30
1026 448 30
1283 448 30
1284 448 30
1285 448 30
1286 448 30
1818 448 30
1819 448 30
1820 448 30
1821 448 30
655 449 30
656 449 30
657 449 30
694 449 30
695 449 30
696 449 30
697 449 30
849 449 30
850 449 30
851 449 30
852 449 30
901 449 30
902 449 30
903 449 30
976 449 30
977 449 30
978 449 30
1021 449 30
1022 449 30
1024 449 30
1025 449 30
1282 449 30
1283 449 30
1284 449 30
1285 449 30
1286 449 30
1818 449 30
1819 449 30
1820 449 30
1821 449 30
654 450 30
655 450 30
656 450 30
694 450 30
695 450 30
696 450 30
697 450 30
849 450 30
850 450 30
851 450 30
852 450 30
900 450 30
901 450 30
902 450 30
975 450 30
976 450 30
977 450 30
978 450 30
1021 450 30
1022 450 30
1024 450 30
1025 450 30
1282 450 30
1283 450 30
1284 450 30
1285 450 30
1818 450 30
1819 450 30
1820 450 30
1821 450 30
654 451 30
655 451 30
656 451 30
694 451 30
695 451 30
696 451 30
697 451 30
849 451 30
850 451 30
851 451 30
899 451 30
900 451 30
901 451 30
975 451 30
976 451 30
977 451 30
978 451 30
1020 451 30
1021 451 30
1023 451 30
1024 451 30
1281 451 30
1282 451 30
1283 451 30
1284 451 30
1285 451 30
1818 451 30
1819 451 30
1820 451 30
1821 451 30
654 452 30
655 452 30
656 452 30
694 452 30
695 452 30
696 452 30
697 452 30
849 452 30
850 452 30
851 452 30
898 452 30
899 452 30
900 452 30
975 452 30
976 452 30
977 452 30
978 452 30
1019 452 30
1020 452 30
1023 452 30
1024 452 30
1281 452 30
1282 452 30
1283 452 30
1284 452 30
1818 452 30
1819 452 30
1820 452 30
654 453 30
655 453 30
694 453 30
695 453 30
696 453 30
697 453 30
848 453 30
849 453 30
850 453 30
851 453 30
897 453 30
898 453 30
899 453 30
900 453 30
974 453 30
975 453 30
976 453 30
977 453 30
978 453 30
1019 453 30
1020 453 30
1022 453 30
1023 453 30
1280 453 30
1281 453 30
1282 453 30
1283 453 30
1284 453 30
1817 453 30
1818 453 30
1819 453 30
1820 453 30
653 454 30
654 454 30
655 454 30
694 454 30
695 454 30
696 454 30
697 454 30
848 454 30
849 454 30
850 454 30
851 454 30
897 454 30
898 454 30
899 454 30
974 454 30
975 454 30
976 454 30
977 454 30
1018 454 30
1019 454 30
1021 454 30
1022 454 30
1280 454 30
1281 454 30
1282 454 30
1283 454 30
1817 454 30
1818 454 30
1819 454 30
1820 454 30
653 455 30
654 455 30
655 455 30
694 455 30
695 455 30
696 455 30
697 455 30
848 455 30
849 455 30
850 455 30
851 455 30
896 455 30
897 455 30
898 455 30
974 455 30
975 455 30
976 455 30
977 455 30
1018 455 30
1019 455 30
1021 455 30
1022 455 30
1280 455 30
1281 455 30
1282 455 30
1283 455 30
1817 455 30
1818 455 30
1819 455 30
1820 455 30
653 456 30
654 456 30
655 456 30
694 456 30
695 456 30
696 456 30
697 456 30
848 456 30
849 456 30
850 456 30
895 456 30
896 456 30
897 456 30
898 456 30
974 456 30
975 456 30
976 456 30
977 456 30
1017 456 30
1018 456 30
1020 456 30
1021 456 30
1279 456 30
1280 456 30
1281 456 30
1282 456 30
1817 456 30
1818 456 30
1819 456 30
1820 456 30
653 457 30
654 457 30
655 457 30
657 457 30
658 457 30
659 457 30
694 457 30
695 457 30
696 457 30
697 457 30
847 457 30
848 457 30
849 457 30
850 457 30
895 457 30
896 457 30
897 457 30
973 457 30
974 457 30
975 457 30
976 457 30
1016 457 30
1017 457 30
1019 457 30
1020 457 30
1021 457 30
1279 457 30
1280 457 30
1281 457 30
1282 457 30
1817 457 30
1818 457 30
1819 457 30
1820 457 30
654 458 30
655 458 30
656 458 30
657 458 30
658 458 30
659 458 30
660 458 30
693 458 30
694 458 30
695 458 30
696 458 30
847 458 30
848 458 30
849 458 30
850 458 30
895 458 30
896 458 30
897 458 30
973 458 30
974 458 30
975 458 30
976 458 30
1016 458 30
1017 458 30
1018 458 30
1019 458 30
1020 458 30
1278 458 30
1279 458 30
1280 458 30
1281 458 30
1816 458 30
1817 458 30
1818 458 30
1819 458 30
1820 458 30
654 459 30
655 459 30
656 459 30
659 459 30
660 459 30
693 459 30
694 459 30
695 459 30
696 459 30
847 459 30
848 459 30
849 459 30
895 459 30
896 459 30
897 459 30
973 459 30
974 459 30
975 459 30
976 459 30
1016 459 30
1017 459 30
1019 459 30
1020 459 30
1278 459 30
1279 459 30
1280 459 30
1281 459 30
1816 459 30
1817 459 30
1818 459 30
1819 459 30
1820 459 30
654 460 30
655 460 30
660 460 30
661 460 30
693 460 30
694 460 30
695 460 30
846 460 30
847 460 30
848 460 30
849 460 30
894 460 30
895 460 30
896 460 30
973 460 30
974 460 30
975 460 30
976 460 30
1016 460 30
1017 460 30
1018 460 30
1019 460 30
1020 460 30
1278 460 30
1279 460 30
1280 460 30
1816 460 30
1817 460 30
1818 460 30
1819 460 30
1820 460 30
655 461 30
656 461 30
660 461 30
661 461 30
693 461 30
694 461 30
695 461 30
846 461 30
847 461 30
848 461 30
849 461 30
894 461 30
895 461 30
896 461 30
972 461 30
973 461 30
974 461 30
975 461 30
976 461 30
1015 461 30
1016 461 30
1017 461 30
1018 461 30
1019 461 30
1278 461 30
1279 461 30
1280 461 30
1816 461 30
1817 461 30
1818 461 30
1819 461 30
655 462 30
656 462 30
660 462 30
661 462 30
692 462 30
693 462 30
694 462 30
695 462 30
846 462 30
847 462 30
848 462 30
849 462 30
893 462 30
894 462 30
895 462 30
972 462 30
973 462 30
974 462 30
975 462 30
976 462 30
1015 462 30
1016 462 30
1018 462 30
1019 462 30
1277 462 30
1278 462 30
1279 462 30
1280 462 30
1816 462 30
1817 462 30
1818 462 30
1819 462 30
655 463 30
656 463 30
660 463 30
661 463 30
692 463 30
693 463 30
694 463 30
846 463 30
847 463 30
848 463 30
849 463 30
893 463 30
894 463 30
895 463 30
972 463 30
973 463 30
974 463 30
975 463 30
1015 463 30
1016 463 30
1017 463 30
1018 463 30
1277 463 30
1278 463 30
1279 463 30
1816 463 30
1817 463 30
1818 463 30
1819 463 30
655 464 30
656 464 30
660 464 30
661 464 30
692 464 30
693 464 30
694 464 30
846 464 30
847 464 30
848 464 30
893 464 30
894 464 30
895 464 30
972 464 30
973 464 30
974 464 30
975 464 30
1015 464 30
1016 464 30
1017 464 30
1018 464 30
1277 464 30
1278 464 30
1279 464 30
1816 464 30
1817 464 30
1818 464 30
1819 464 30
655 465 30
656 465 30
660 465 30
661 465 30
690 465 30
691 465 30
692 465 30
693 465 30
694 465 30
845 465 30
846 465 30
847 465 30
848 465 30
892 465 30
893 465 30
894 465 30
972 465 30
973 465 30
974 465 30
1014 465 30
1015 465 30
1017 465 30
1018 465 30
1276 465 30
1277 465 30
1278 465 30
1279 465 30
1816 465 30
1817 465 30
1818 465 30
1819 465 30
655 466 30
656 466 30
660 466 30
661 466 30
689 466 30
690 466 30
691 466 30
692 466 30
693 466 30
845 466 30
846 466 30
847 466 30
848 466 30
892 466 30
893 466 30
894 466 30
972 466 30
973 466 30
974 466 30
1014 466 30
1015 466 30
1016 466 30
1017 466 30
1276 466 30
1277 466 30
1278 466 30
1815 466 30
1816 466 30
1817 466 30
1818 466 30
655 467 30
656 467 30
660 467 30
661 467 30
689 467 30
690 467 30
691 467 30
692 467 30
845 467 30
846 467 30
847 467 30
848 467 30
891 467 30
892 467 30
893 467 30
971 467 30
972 467 30
973 467 30
974 467 30
1014 467 30
1015 467 30
1016 467 30
1017 467 30
1276 467 30
1277 467 30
1278 467 30
1815 467 30
1816 467 30
1817 467 30
1818 467 30
655 468 30
656 468 30
660 468 30
661 468 30
688 468 30
689 468 30
690 468 30
691 468 30
844 468 30
845 468 30
846 468 30
847 468 30
891 468 30
892 468 30
893 468 30
971 468 30
972 468 30
973 468 30
974 468 30
1013 468 30
1014 468 30
1015 468 30
1016 468 30
1017 468 30
1275 468 30
1276 468 30
1277 468 30
1278 468 30
1815 468 30
1816 468 30
1817 468 30
1818 468 30
655 469 30
656 469 30
660 469 30
661 469 30
687 469 30
688 469 30
689 469 30
690 469 30
844 469 30
845 469 30
846 469 30
847 469 30
891 469 30
892 469 30
893 469 30
971 469 30
972 469 30
973 469 30
1013 469 30
1014 469 30
1015 469 30
1016 469 30
1017 469 30
1275 469 30
1276 469 30
1277 469 30
1815 469 30
1816 469 30
1817 469 30
1818 469 30
655 470 30
656 470 30
660 470 30
661 470 30
686 470 30
687 470 30
688 470 30
689 470 30
690 470 30
843 470 30
844 470 30
845 470 30
846 470 30
847 470 30
890 470 30
891 470 30
892 470 30
971 470 30
972 470 30
973 470 30
1013 470 30
1014 470 30
1015 470 30
1016 470 30
1275 470 30
1276 470 30
1277 470 30
1815 470 30
1816 470 30
1817 470 30
1818 470 30
656 471 30
657 471 30
661 471 30
662 471 30
683 471 30
684 471 30
685 471 30
686 471 30
687 471 30
688 471 30
689 471 30
843 471 30
844 471 30
845 471 30
846 471 30
847 471 30
890 471 30
891 471 30
892 471 30
970 471 30
971 471 30
972 471 30
973 471 30
1013 471 30
1014 471 30
1015 471 30
1016 471 30
1275 471 30
1276 471 30
1277 471 30
1814 471 30
1815 471 30
1816 471 30
1817 471 30
656 472 30
657 472 30
661 472 30
662 472 30
682 472 30
683 472 30
684 472 30
685 472 30
686 472 30
687 472 30
842 472 30
843 472 30
844 472 30
845 472 30
846 472 30
889 472 30
890 472 30
891 472 30
970 472 30
971 472 30
972 472 30
973 472 30
1013 472 30
1014 472 30
1015 472 30
1274 472 30
1275 472 30
1276 472 30
1277 472 30
1814 472 30
1815 472 30
1816 472 30
1817 472 30
657 473 30
658 473 30
661 473 30
662 473 30
682 473 30
683 473 30
684 473 30
685 473 30
686 473 30
842 473 30
843 473 30
844 473 30
845 473 30
846 473 30
889 473 30
890 473 30
891 473 30
970 473 30
971 473 30
972 473 30
1013 473 30
1014 473 30
1015 473 30
1274 473 30
1275 473 30
1276 473 30
1814 473 30
1815 473 30
1816 473 30
657 474 30
658 474 30
661 474 30
662 474 30
681 474 30
682 474 30
683 474 30
684 474 30
842 474 30
843 474 30
844 474 30
845 474 30
846 474 30
889 474 30
890 474 30
891 474 30
970 474 30
971 474 30
972 474 30
1012 474 30
1013 474 30
1014 474 30
1015 474 30
1274 474 30
1275 474 30
1276 474 30
1814 474 30
1815 474 30
1816 474 30
657 475 30
658 475 30
661 475 30
662 475 30
680 475 30
681 475 30
682 475 30
683 475 30
841 475 30
842 475 30
843 475 30
844 475 30
845 475 30
846 475 30
888 475 30
889 475 30
890 475 30
970 475 30
971 475 30
972 475 30
1012 475 30
1013 475 30
1014 475 30
1015 475 30
1273 475 30
1274 475 30
1275 475 30
1276 475 30
1813 475 30
1814 475 30
1815 475 30
1816 475 30
657 476 30
658 476 30
661 476 30
662 476 30
680 476 30
681 476 30
682 476 30
683 476 30
841 476 30
842 476 30
843 476 30
844 476 30
845 476 30
888 476 30
889 476 30
890 476 30
969 476 30
970 476 30
971 476 30
972 476 30
1012 476 30
1013 476 30
1014 476 30
1273 476 30
1274 476 30
1275 476 30
1813 476 30
1814 476 30
1815 476 30
657 477 30
658 477 30
661 477 30
662 477 30
680 477 30
681 477 30
682 477 30
840 477 30
841 477 30
842 477 30
843 477 30
844 477 30
845 477 30
887 477 30
888 477 30
889 477 30
969 477 30
970 477 30
971 477 30
1012 477 30
1013 477 30
1014 477 30
1273 477 30
1274 477 30
1275 477 30
1812 477 30
1813 477 30
1814 477 30
1815 477 30
657 478 30
658 478 30
661 478 30
662 478 30
679 478 30
680 478 30
681 478 30
682 478 30
840 478 30
841 478 30
842 478 30
843 478 30
844 478 30
887 478 30
888 478 30
889 478 30
969 478 30
970 478 30
971 478 30
1011 478 30
1012 478 30
1013 478 30
1014 478 30
1273 478 30
1274 478 30
1275 478 30
1812 478 30
1813 478 30
1814 478 30
657 479 30
658 479 30
659 479 30
661 479 30
662 479 30
679 479 30
680 479 30
681 479 30
682 479 30
840 479 30
841 479 30
842 479 30
843 479 30
844 479 30
887 479 30
888 479 30
889 479 30
969 479 30
970 479 30
971 479 30
1011 479 30
1012 479 30
1013 479 30
1014 479 30
1273 479 30
1274 479 30
1275 479 30
1812 479 30
1813 479 30
1814 479 30
657 480 30
658 480 30
659 480 30
660 480 30
661 480 30
679 480 30
680 480 30
681 480 30
682 480 30
839 480 30
840 480 30
841 480 30
842 480 30
843 480 30
886 480 30
887 480 30
888 480 30
968 480 30
969 480 30
970 480 30
971 480 30
1011 480 30
1012 480 30
1013 480 30
1014 480 30
1272 480 30
1273 480 30
1274 480 30
1275 480 30
1812 480 30
1813 480 30
1814 480 30
658 481 30
659 481 30
660 481 30
661 481 30
678 481 30
679 481 30
680 481 30
681 481 30
682 481 30
839 481 30
840 481 30
841 481 30
842 481 30
843 481 30
886 481 30
887 481 30
888 481 30
968 481 30
969 481 30
970 481 30
1011 481 30
1012 481 30
1013 481 30
1014 481 30
1272 481 30
1273 481 30
1274 481 30
1812 481 30
1813 481 30
1814 481 30
658 482 30
659 482 30
660 482 30
661 482 30
678 482 30
679 482 30
680 482 30
681 482 30
682 482 30
838 482 30
839 482 30
840 482 30
841 482 30
842 482 30
885 482 30
886 482 30
887 482 30
968 482 30
969 482 30
970 482 30
1011 482 30
1012 482 30
1013 482 30
1014 482 30
1272 482 30
1273 482 30
1274 482 30
1811 482 30
1812 482 30
1813 482 30
1814 482 30
659 483 30
660 483 30
661 483 30
678 483 30
679 483 30
680 483 30
681 483 30
682 483 30
838 483 30
839 483 30
840 483 30
885 483 30
886 483 30
887 483 30
968 483 30
969 483 30
970 483 30
1011 483 30
1012 483 30
1013 483 30
1014 483 30
1272 483 30
1273 483 30
1274 483 30
1810 483 30
1811 483 30
1813 483 30
1814 483 30
659 484 30
660 484 30
661 484 30
678 484 30
679 484 30
680 484 30
681 484 30
682 484 30
838 484 30
839 484 30
840 484 30
884 484 30
885 484 30
886 484 30
887 484 30
968 484 30
969 484 30
970 484 30
1010 484 30
1011 484 30
1012 484 30
1013 484 30
1271 484 30
1272 484 30
1273 484 30
1274 484 30
1810 484 30
1811 484 30
1812 484 30
1813 484 30
659 485 30
660 485 30
661 485 30
678 485 30
679 485 30
680 485 30
681 485 30
682 485 30
837 485 30
838 485 30
839 485 30
840 485 30
841 485 30
884 485 30
885 485 30
886 485 30
968 485 30
969 485 30
970 485 30
1010 485 30
1011 485 30
1012 485 30
1013 485 30
1271 485 30
1272 485 30
1273 485 30
1274 485 30
1810 485 30
1811 485 30
1812 485 30
1813 485 30
659 486 30
660 486 30
661 486 30
678 486 30
679 486 30
680 486 30
681 486 30
682 486 30
837 486 30
838 486 30
839 486 30
840 486 30
883 486 30
884 486 30
885 486 30
886 486 30
967 486 30
968 486 30
969 486 30
970 486 30
1010 486 30
1011 486 30
1012 486 30
1013 486 30
1271 486 30
1272 486 30
1273 486 30
1274 486 30
1810 486 30
1811 486 30
1812 486 30
1813 486 30
659 487 30
660 487 30
661 487 30
679 487 30
680 487 30
681 487 30
682 487 30
836 487 30
837 487 30
838 487 30
839 487 30
840 487 30
883 487 30
884 487 30
885 487 30
967 487 30
968 487 30
969 487 30
1010 487 30
1011 487 30
1012 487 30
1013 487 30
1271 487 30
1272 487 30
1273 487 30
1274 487 30
1810 487 30
1811 487 30
1812 487 30
1813 487 30
659 488 30
660 488 30
661 488 30
678 488 30
679 488 30
680 488 30
681 488 30
836 488 30
837 488 30
838 488 30
839 488 30
882 488 30
883 488 30
884 488 30
885 488 30
967 488 30
968 488 30
969 488 30
1010 488 30
1011 488 30
1012 488 30
1013 488 30
1271 488 30
1272 488 30
1273 488 30
1810 488 30
1811 488 30
1812 488 30
1813 488 30
659 489 30
660 489 30
661 489 30
677 489 30
678 489 30
679 489 30
680 489 30
681 489 30
835 489 30
836 489 30
837 489 30
838 489 30
839 489 30
882 489 30
883 489 30
884 489 30
885 489 30
966 489 30
967 489 30
968 489 30
969 489 30
1010 489 30
1011 489 30
1012 489 30
1013 489 30
1270 489 30
1271 489 30
1272 489 30
1273 489 30
1810 489 30
1811 489 30
1812 489 30
1813 489 30
659 490 30
660 490 30
661 490 30
677 490 30
678 490 30
679 490 30
680 490 30
681 490 30
835 490 30
836 490 30
837 490 30
838 490 30
881 490 30
882 490 30
883 490 30
884 490 30
966 490 30
967 490 30
968 490 30
969 490 30
1010 490 30
1011 490 30
1012 490 30
1013 490 30
1270 490 30
1271 490 30
1272 490 30
1273 490 30
1809 490 30
1810 490 30
1812 490 30
1813 490 30
659 491 30
660 491 30
661 491 30
677 491 30
678 491 30
679 491 30
680 491 30
681 491 30
834 491 30
835 491 30
836 491 30
837 491 30
838 491 30
881 491 30
882 491 30
883 491 30
884 491 30
966 491 30
967 491 30
968 491 30
969 491 30
1010 491 30
1011 491 30
1012 491 30
1013 491 30
1270 491 30
1271 491 30
1272 491 30
1273 491 30
1809 491 30
1810 491 30
1812 491 30
1813 491 30
651 492 30
652 492 30
659 492 30
660 492 30
661 492 30
677 492 30
678 492 30
679 492 30
680 492 30
834 492 30
835 492 30
836 492 30
837 492 30
881 492 30
882 492 30
883 492 30
966 492 30
967 492 30
968 492 30
969 492 30
1010 492 30
1011 492 30
1012 492 30
1013 492 30
1270 492 30
1271 492 30
1272 492 30
1809 492 30
1810 492 30
1812 492 30
1813 492 30
650 493 30
651 493 30
652 493 30
653 493 30
654 493 30
655 493 30
660 493 30
661 493 30
662 493 30
663 493 30
677 493 30
678 493 30
679 493 30
680 493 30
833 493 30
834 493 30
835 493 30
836 493 30
880 493 30
881 493 30
882 493 30
883 493 30
966 493 30
967 493 30
968 493 30
969 493 30
1010 493 30
1011 493 30
1012 493 30
1013 493 30
1269 493 30
1270 493 30
1271 493 30
1272 493 30
1809 493 30
1810 493 30
1812 493 30
1813 493 30
649 494 30
650 494 30
653 494 30
654 494 30
655 494 30
656 494 30
657 494 30
659 494 30
660 494 30
661 494 30
662 494 30
663 494 30
664 494 30
677 494 30
678 494 30
679 494 30
680 494 30
832 494 30
833 494 30
834 494 30
835 494 30
836 494 30
880 494 30
881 494 30
882 494 30
883 494 30
966 494 30
967 494 30
968 494 30
969 494 30
1010 494 30
1011 494 30
1012 494 30
1013 494 30
1269 494 30
1270 494 30
1271 494 30
1272 494 30
1809 494 30
1810 494 30
1812 494 30
1813 494 30
648 495 30
649 495 30
652 495 30
656 495 30
657 495 30
658 495 30
660 495 30
661 495 30
662 495 30
663 495 30
664 495 30
665 495 30
676 495 30
677 495 30
678 495 30
679 495 30
680 495 30
832 495 30
833 495 30
834 495 30
835 495 30
879 495 30
880 495 30
881 495 30
882 495 30
966 495 30
967 495 30
968 495 30
969 495 30
1010 495 30
1011 495 30
1012 495 30
1013 495 30
1269 495 30
1270 495 30
1271 495 30
1272 495 30
1809 495 30
1810 495 30
1811 495 30
1812 495 30
648 496 30
649 496 30
651 496 30
652 496 30
653 496 30
657 496 30
658 496 30
661 496 30
662 496 30
663 496 30
664 496 30
665 496 30
666 496 30
676 496 30
677 496 30
678 496 30
679 496 30
680 496 30
831 496 30
832 496 30
833 496 30
834 496 30
879 496 30
880 496 30
881 496 30
882 496 30
965 496 30
966 496 30
967 496 30
968 496 30
969 496 30
1010 496 30
1011 496 30
1012 496 30
1013 496 30
1269 496 30
1270 496 30
1271 496 30
1272 496 30
1809 496 30
1810 496 30
1811 496 30
1812 496 30
648 497 30
649 497 30
652 497 30
657 497 30
658 497 30
663 497 30
664 497 30
665 497 30
666 497 30
667 497 30
676 497 30
677 497 30
678 497 30
679 497 30
831 497 30
832 497 30
833 497 30
879 497 30
880 497 30
881 497 30
965 497 30
966 497 30
967 497 30
968 497 30
1010 497 30
1011 497 30
1012 497 30
1013 497 30
1269 497 30
1270 497 30
1271 497 30
1809 497 30
1810 497 30
1811 497 30
1812 497 30
648 498 30
649 498 30
656 498 30
657 498 30
665 498 30
666 498 30
667 498 30
676 498 30
677 498 30
678 498 30
679 498 30
830 498 30
831 498 30
832 498 30
833 498 30
834 498 30
879 498 30
880 498 30
881 498 30
965 498 30
966 498 30
967 498 30
968 498 30
1010 498 30
1011 498 30
1012 498 30
1013 498 30
1269 498 30
1270 498 30
1271 498 30
1809 498 30
1810 498 30
1811 498 30
1812 498 30
648 499 30
649 499 30
655 499 30
656 499 30
665 499 30
666 499 30
667 499 30
668 499 30
676 499 30
677 499 30
678 499 30
679 499 30
830 499 30
831 499 30
832 499 30
833 499 30
878 499 30
879 499 30
880 499 30
881 499 30
965 499 30
966 499 30
967 499 30
968 499 30
1010 499 30
1011 499 30
1012 499 30
1013 499 30
1268 499 30
1269 499 30
1270 499 30
1271 499 30
1809 499 30
1810 499 30
1811 499 30
1812 499 30
648 500 30
649 500 30
654 500 30
655 500 30
665 500 30
666 500 30
667 500 30
668 500 30
676 500 30
677 500 30
678 500 30
829 500 30
830 500 30
831 500 30
832 500 30
833 500 30
878 500 30
879 500 30
880 500 30
965 500 30
966 500 30
967 500 30
968 500 30
1010 500 30
1011 500 30
1012 500 30
1013 500 30
1268 500 30
1269 500 30
1270 500 30
1271 500 30
1808 500 30
1809 500 30
1810 500 30
1811 500 30
1812 500 30
648 501 30
649 501 30
654 501 30
655 501 30
666 501 30
667 501 30
668 501 30
675 501 30
676 501 30
677 501 30
678 501 30
829 501 30
830 501 30
831 501 30
832 501 30
877 501 30
878 501 30
879 501 30
880 501 30
965 501 30
966 501 30
967 501 30
968 501 30
1010 501 30
1011 501 30
1012 501 30
1013 501 30
1268 501 30
1269 501 30
1270 501 30
1271 501 30
1808 501 30
1809 501 30
1810 501 30
1811 501 30
648 502 30
649 502 30
653 502 30
654 502 30
666 502 30
667 502 30
668 502 30
669 502 30
674 502 30
675 502 30
676 502 30
677 502 30
828 502 30
829 502 30
830 502 30
831 502 30
832 502 30
877 502 30
878 502 30
879 502 30
965 502 30
966 502 30
967 502 30
1010 502 30
1011 502 30
1012 502 30
1013 502 30
1268 502 30
1269 502 30
1270 502 30
1271 502 30
1808 502 30
1809 502 30
1810 502 30
1811 502 30
647 503 30
648 503 30
653 503 30
654 503 30
667 503 30
668 503 30
669 503 30
674 503 30
675 503 30
676 503 30
828 503 30
829 503 30
830 503 30
831 503 30
876 503 30
877 503 30
878 503 30
879 503 30
965 503 30
966 503 30
967 503 30
1010 503 30
1011 503 30
1012 503 30
1013 503 30
1268 503 30
1269 503 30
1270 503 30
1808 503 30
1809 503 30
1810 503 30
1811 503 30
647 504 30
648 504 30
652 504 30
653 504 30
667 504 30
668 504 30
669 504 30
670 504 30
673 504 30
674 504 30
675 504 30
676 504 30
828 504 30
829 504 30
830 504 30
876 504 30
877 504 30
878 504 30
879 504 30
965 504 30
966 504 30
967 504 30
1010 504 30
1011 504 30
1012 504 30
1013 504 30
1267 504 30
1268 504 30
1269 504 30
1270 504 30
1808 504 30
1809 504 30
1810 504 30
1811 504 30
647 505 30
648 505 30
651 505 30
652 505 30
667 505 30
668 505 30
669 505 30
670 505 30
672 505 30
673 505 30
674 505 30
675 505 30
827 505 30
828 505 30
829 505 30
830 505 30
876 505 30
877 505 30
878 505 30
965 505 30
966 505 30
967 505 30
1010 505 30
1011 505 30
1012 505 30
1013 505 30
1267 505 30
1268 505 30
1269 505 30
1270 505 30
1808 505 30
1809 505 30
1810 505 30
1811 505 30
647 506 30
648 506 30
650 506 30
651 506 30
667 506 30
668 506 30
669 506 30
670 506 30
671 506 30
672 506 30
673 506 30
674 506 30
827 506 30
828 506 30
829 506 30
876 506 30
877 506 30
878 506 30
964 506 30
965 506 30
966 506 30
967 506 30
1010 506 30
1011 506 30
1012 506 30
1013 506 30
1267 506 30
1268 506 30
1269 506 30
1270 506 30
1808 506 30
1809 506 30
1810 506 30
1811 506 30
647 507 30
648 507 30
650 507 30
651 507 30
668 507 30
669 507 30
670 507 30
671 507 30
672 507 30
673 507 30
674 507 30
827 507 30
828 507 30
829 507 30
875 507 30
876 507 30
877 507 30
964 507 30
965 507 30
966 507 30
967 507 30
1010 507 30
1011 507 30
1012 507 30
1013 507 30
1267 507 30
1268 507 30
1269 507 30
1270 507 30
1808 507 30
1809 507 30
1810 507 30
1811 507 30
647 508 30
648 508 30
650 508 30
651 508 30
668 508 30
669 508 30
670 508 30
671 508 30
672 508 30
673 508 30
826 508 30
827 508 30
828 508 30
829 508 30
875 508 30
876 508 30
877 508 30
964 508 30
965 508 30
966 508 30
1010 508 30
1011 508 30
1012 508 30
1013 508 30
1267 508 30
1268 508 30
1269 508 30
1270 508 30
1808 508 30
1809 508 30
1810 508 30
1811 508 30
647 509 30
648 509 30
650 509 30
651 509 30
668 509 30
669 509 30
670 509 30
671 509 30
825 509 30
826 509 30
827 509 30
828 509 30
875 509 30
876 509 30
877 509 30
964 509 30
965 509 30
966 509 30
1010 509 30
1011 509 30
1012 509 30
1013 509 30
1267 509 30
1268 509 30
1269 509 30
1270 509 30
1808 509 30
1809 509 30
1810 509 30
648 510 30
649 510 30
650 510 30
651 510 30
669 510 30
824 510 30
825 510 30
826 510 30
827 510 30
828 510 30
874 510 30
875 510 30
876 510 30
964 510 30
965 510 30
966 510 30
1011 510 30
1012 510 30
1013 510 30
1267 510 30
1268 510 30
1269 510 30
1808 510 30
1809 510 30
1810 510 30
649 511 30
650 511 30
651 511 30
824 511 30
825 511 30
826 511 30
827 511 30
874 511 30
875 511 30
876 511 30
963 511 30
964 511 30
965 511 30
966 511 30
1011 511 30
1012 511 30
1013 511 30
1014 511 30
1266 511 30
1267 511 30
1268 511 30
1269 511 30
1808 511 30
1809 511 30
1810 511 30
649 512 30
650 512 30
651 512 30
823 512 30
824 512 30
825 512 30
826 512 30
873 512 30
874 512 30
875 512 30
963 512 30
964 512 30
965 512 30
966 512 30
1011 512 30
1012 512 30
1013 512 30
1014 512 30
1266 512 30
1267 512 30
1268 512 30
1269 512 30
1808 512 30
1809 512 30
1810 512 30
649 513 30
650 513 30
651 513 30
652 513 30
653 513 30
823 513 30
824 513 30
825 513 30
826 513 30
873 513 30
874 513 30
875 513 30
962 513 30
963 513 30
964 513 30
965 513 30
966 513 30
1011 513 30
1012 513 30
1013 513 30
1014 513 30
1266 513 30
1267 513 30
1268 513 30
1269 513 30
1808 513 30
1809 513 30
1810 513 30
650 514 30
651 514 30
652 514 30
653 514 30
654 514 30
822 514 30
823 514 30
824 514 30
825 514 30
873 514 30
874 514 30
875 514 30
962 514 30
963 514 30
964 514 30
965 514 30
966 514 30
1011 514 30
1012 514 30
1013 514 30
1014 514 30
1266 514 30
1267 514 30
1268 514 30
1269 514 30
1808 514 30
1809 514 30
1810 514 30
650 515 30
651 515 30
653 515 30
654 515 30
821 515 30
822 515 30
823 515 30
824 515 30
825 515 30
872 515 30
873 515 30
874 515 30
961 515 30
962 515 30
963 515 30
964 515 30
965 515 30
1011 515 30
1012 515 30
1013 515 30
1014 515 30
1266 515 30
1267 515 30
1268 515 30
1269 515 30
1808 515 30
1809 515 30
1810 515 30
650 516 30
651 516 30
654 516 30
655 516 30
821 516 30
822 516 30
823 516 30
824 516 30
872 516 30
873 516 30
874 516 30
961 516 30
962 516 30
963 516 30
1011 516 30
1012 516 30
1013 516 30
1014 516 30
1266 516 30
1267 516 30
1268 516 30
1269 516 30
1808 516 30
1809 516 30
1810 516 30
651 517 30
652 517 30
655 517 30
656 517 30
820 517 30
821 517 30
822 517 30
823 517 30
824 517 30
871 517 30
872 517 30
873 517 30
874 517 30
960 517 30
961 517 30
962 517 30
963 517 30
1011 517 30
1012 517 30
1013 517 30
1014 517 30
1265 517 30
1266 517 30
1267 517 30
1268 517 30
1269 517 30
1808 517 30
1809 517 30
1810 517 30
651 518 30
652 518 30
655 518 30
656 518 30
657 518 30
820 518 30
821 518 30
822 518 30
823 518 30
871 518 30
872 518 30
873 518 30
960 518 30
961 518 30
962 518 30
1012 518 30
1013 518 30
1014 518 30
1265 518 30
1266 518 30
1267 518 30
1268 518 30
1808 518 30
1809 518 30
1810 518 30
651 519 30
652 519 30
656 519 30
657 519 30
658 519 30
820 519 30
821 519 30
822 519 30
823 519 30
871 519 30
872 519 30
873 519 30
959 519 30
960 519 30
961 519 30
962 519 30
1012 519 30
1013 519 30
1014 519 30
1265 519 30
1266 519 30
1267 519 30
1268 519 30
1808 519 30
1809 519 30
1810 519 30
651 520 30
652 520 30
656 520 30
657 520 30
658 520 30
820 520 30
821 520 30
822 520 30
823 520 30
870 520 30
871 520 30
872 520 30
873 520 30
959 520 30
960 520 30
961 520 30
1012 520 30
1013 520 30
1014 520 30
1265 520 30
1266 520 30
1267 520 30
1268 520 30
1808 520 30
1809 520 30
1810 520 30
651 521 30
652 521 30
657 521 30
658 521 30
659 521 30
821 521 30
822 521 30
870 521 30
871 521 30
872 521 30
958 521 30
959 521 30
960 521 30
961 521 30
1012 521 30
1013 521 30
1014 521 30
1265 521 30
1266 521 30
1267 521 30
1268 521 30
1808 521 30
1809 521 30
1810 521 30
650 522 30
651 522 30
657 522 30
658 522 30
659 522 30
869 522 30
870 522 30
871 522 30
872 522 30
958 522 30
959 522 30
960 522 30
1012 522 30
1013 522 30
1014 522 30
1015 522 30
1265 522 30
1266 522 30
1267 522 30
1268 522 30
1808 522 30
1809 522 30
1810 522 30
651 523 30
652 523 30
656 523 30
657 523 30
658 523 30
659 523 30
660 523 30
869 523 30
870 523 30
871 523 30
957 523 30
958 523 30
959 523 30
960 523 30
1012 523 30
1013 523 30
1014 523 30
1015 523 30
1265 523 30
1266 523 30
1267 523 30
1808 523 30
1809 523 30
1810 523 30
650 524 30
651 524 30
654 524 30
655 524 30
656 524 30
658 524 30
659 524 30
660 524 30
869 524 30
870 524 30
871 524 30
957 524 30
958 524 30
959 524 30
1012 524 30
1013 524 30
1014 524 30
1015 524 30
1265 524 30
1266 524 30
1267 524 30
1808 524 30
1809 524 30
1810 524 30
649 525 30
650 525 30
653 525 30
654 525 30
655 525 30
658 525 30
659 525 30
660 525 30
868 525 30
869 525 30
870 525 30
956 525 30
957 525 30
958 525 30
959 525 30
1013 525 30
1014 525 30
1015 525 30
1265 525 30
1266 525 30
1267 525 30
1808 525 30
1809 525 30
1810 525 30
648 526 30
649 526 30
652 526 30
653 526 30
658 526 30
659 526 30
660 526 30
868 526 30
869 526 30
870 526 30
956 526 30
957 526 30
958 526 30
1013 526 30
1014 526 30
1015 526 30
1265 526 30
1266 526 30
1267 526 30
1808 526 30
1809 526 30
1810 526 30
648 527 30
649 527 30
651 527 30
652 527 30
658 527 30
659 527 30
660 527 30
867 527 30
868 527 30
869 527 30
955 527 30
956 527 30
957 527 30
958 527 30
1013 527 30
1014 527 30
1015 527 30
1265 527 30
1266 527 30
1267 527 30
1808 527 30
1809 527 30
1810 527 30
647 528 30
648 528 30
650 528 30
651 528 30
657 528 30
658 528 30
659 528 30
660 528 30
867 528 30
868 528 30
869 528 30
955 528 30
956 528 30
957 528 30
958 528 30
1013 528 30
1014 528 30
1015 528 30
1265 528 30
1266 528 30
1267 528 30
1808 528 30
1809 528 30
1810 528 30
648 529 30
649 529 30
650 529 30
657 529 30
658 529 30
659 529 30
660 529 30
867 529 30
868 529 30
869 529 30
954 529 30
955 529 30
956 529 30
957 529 30
1013 529 30
1014 529 30
1015 529 30
1265 529 30
1266 529 30
1267 529 30
1808 529 30
1809 529 30
1810 529 30
649 530 30
657 530 30
658 530 30
659 530 30
866 530 30
867 530 30
868 530 30
954 530 30
955 530 30
956 530 30
1013 530 30
1014 530 30
1015 530 30
1265 530 30
1266 530 30
1267 530 30
1807 530 30
1808 530 30
1809 530 30
1810 530 30
656 531 30
657 531 30
658 531 30
659 531 30
866 531 30
867 531 30
868 531 30
953 531 30
954 531 30
955 531 30
956 531 30
1013 531 30
1014 531 30
1015 531 30
1265 531 30
1266 531 30
1267 531 30
1807 531 30
1808 531 30
1809 531 30
656 532 30
657 532 30
658 532 30
659 532 30
865 532 30
866 532 30
867 532 30
952 532 30
953 532 30
954 532 30
955 532 30
1013 532 30
1014 532 30
1015 532 30
1264 532 30
1265 532 30
1266 532 30
1267 532 30
1807 532 30
1808 532 30
1809 532 30
656 533 30
657 533 30
658 533 30
659 533 30
865 533 30
866 533 30
867 533 30
952 533 30
953 533 30
954 533 30
1013 533 30
1014 533 30
1015 533 30
1264 533 30
1265 533 30
1266 533 30
1807 533 30
1808 533 30
1809 533 30
656 534 30
657 534 30
658 534 30
659 534 30
865 534 30
866 534 30
867 534 30
951 534 30
952 534 30
953 534 30
954 534 30
1013 534 30
1014 534 30
1015 534 30
1264 534 30
1265 534 30
1266 534 30
1807 534 30
1808 534 30
1809 534 30
655 535 30
656 535 30
657 535 30
658 535 30
659 535 30
864 535 30
865 535 30
866 535 30
951 535 30
952 535 30
953 535 30
1012 535 30
1013 535 30
1014 535 30
1015 535 30
1264 535 30
1265 535 30
1266 535 30
1807 535 30
1808 535 30
1809 535 30
655 536 30
656 536 30
657 536 30
658 536 30
864 536 30
865 536 30
866 536 30
950 536 30
951 536 30
952 536 30
953 536 30
1012 536 30
1013 536 30
1014 536 30
1015 536 30
1264 536 30
1265 536 30
1266 536 30
1807 536 30
1808 536 30
1809 536 30
655 537 30
656 537 30
657 537 30
658 537 30
863 537 30
864 537 30
865 537 30
866 537 30
950 537 30
951 537 30
952 537 30
1012 537 30
1013 537 30
1014 537 30
1015 537 30
1264 537 30
1265 537 30
1266 537 30
1807 537 30
1808 537 30
1809 537 30
654 538 30
655 538 30
656 538 30
657 538 30
863 538 30
864 538 30
865 538 30
949 538 30
950 538 30
951 538 30
952 538 30
1012 538 30
1013 538 30
1014 538 30
1015 538 30
1264 538 30
1265 538 30
1266 538 30
1806 538 30
1807 538 30
1808 538 30
1809 538 30
654 539 30
655 539 30
656 539 30
657 539 30
863 539 30
864 539 30
865 539 30
948 539 30
949 539 30
950 539 30
951 539 30
1011 539 30
1012 539 30
1013 539 30
1014 539 30
1015 539 30
1263 539 30
1264 539 30
1265 539 30
1266 539 30
1806 539 30
1807 539 30
1808 539 30
653 540 30
654 540 30
655 540 30
656 540 30
657 540 30
862 540 30
863 540 30
864 540 30
865 540 30
947 540 30
948 540 30
949 540 30
950 540 30
1011 540 30
1012 540 30
1013 540 30
1014 540 30
1263 540 30
1264 540 30
1265 540 30
1266 540 30
1806 540 30
1807 540 30
1808 540 30
653 541 30
654 541 30
655 541 30
656 541 30
657 541 30
862 541 30
863 541 30
864 541 30
947 541 30
948 541 30
949 541 30
1011 541 30
1012 541 30
1013 541 30
1014 541 30
1263 541 30
1264 541 30
1265 541 30
1806 541 30
1807 541 30
1808 541 30
652 542 30
653 542 30
654 542 30
655 542 30
656 542 30
861 542 30
862 542 30
863 542 30
864 542 30
946 542 30
947 542 30
948 542 30
949 542 30
1011 542 30
1012 542 30
1013 542 30
1014 542 30
1263 542 30
1264 542 30
1265 542 30
1805 542 30
1806 542 30
1807 542 30
1808 542 30
652 543 30
653 543 30
654 543 30
655 543 30
656 543 30
861 543 30
862 543 30
863 543 30
945 543 30
946 543 30
947 543 30
948 543 30
1011 543 30
1012 543 30
1013 543 30
1014 543 30
1263 543 30
1264 543 30
1265 543 30
1805 543 30
1806 543 30
1807 543 30
651 544 30
652 544 30
653 544 30
654 544 30
655 544 30
861 544 30
862 544 30
863 544 30
945 544 30
946 544 30
947 544 30
1011 544 30
1012 544 30
1013 544 30
1014 544 30
1263 544 30
1264 544 30
1265 544 30
1804 544 30
1805 544 30
1806 544 30
1807 544 30
651 545 30
652 545 30
653 545 30
654 545 30
655 545 30
860 545 30
861 545 30
862 545 30
944 545 30
945 545 30
946 545 30
947 545 30
1011 545 30
1012 545 30
1013 545 30
1014 545 30
1263 545 30
1264 545 30
1265 545 30
1804 545 30
1805 545 30
1806 545 30
651 546 30
652 546 30
653 546 30
654 546 30
655 546 30
860 546 30
861 546 30
862 546 30
944 546 30
945 546 30
946 546 30
1011 546 30
1012 546 30
1013 546 30
1014 546 30
1263 546 30
1264 546 30
1265 546 30
1803 546 30
1804 546 30
1805 546 30
1806 546 30
650 547 30
651 547 30
652 547 30
653 547 30
654 547 30
859 547 30
860 547 30
861 547 30
862 547 30
943 547 30
944 547 30
945 547 30
946 547 30
1011 547 30
1012 547 30
1013 547 30
1014 547 30
1262 547 30
1263 547 30
1264 547 30
1265 547 30
1803 547 30
1804 547 30
1805 547 30
650 548 30
651 548 30
652 548 30
653 548 30
654 548 30
859 548 30
860 548 30
861 548 30
943 548 30
944 548 30
945 548 30
1011 548 30
1012 548 30
1013 548 30
1014 548 30
1262 548 30
1263 548 30
1264 548 30
1265 548 30
1803 548 30
1804 548 30
1805 548 30
650 549 30
651 549 30
652 549 30
653 549 30
859 549 30
860 549 30
861 549 30
942 549 30
943 549 30
944 549 30
945 549 30
1011 549 30
1012 549 30
1013 549 30
1014 549 30
1262 549 30
1263 549 30
1264 549 30
1265 549 30
1802 549 30
1803 549 30
1804 549 30
1805 549 30
650 550 30
651 550 30
652 550 30
653 550 30
858 550 30
859 550 30
860 550 30
942 550 30
943 550 30
944 550 30
1011 550 30
1012 550 30
1013 550 30
1014 550 30
1262 550 30
1263 550 30
1264 550 30
1265 550 30
1802 550 30
1803 550 30
1804 550 30
649 551 30
650 551 30
651 551 30
652 551 30
858 551 30
859 551 30
860 551 30
941 551 30
942 551 30
943 551 30
944 551 30
1011 551 30
1012 551 30
1013 551 30
1014 551 30
1262 551 30
1263 551 30
1264 551 30
1802 551 30
1803 551 30
1804 551 30
649 552 30
650 552 30
651 552 30
652 552 30
857 552 30
858 552 30
859 552 30
941 552 30
942 552 30
943 552 30
1011 552 30
1012 552 30
1013 552 30
1014 552 30
1262 552 30
1263 552 30
1264 552 30
1801 552 30
1802 552 30
1803 552 30
1804 552 30
649 553 30
650 553 30
651 553 30
652 553 30
857 553 30
858 553 30
859 553 30
940 553 30
941 553 30
942 553 30
943 553 30
1010 553 30
1011 553 30
1013 553 30
1014 553 30
1262 553 30
1263 553 30
1264 553 30
1801 553 30
1802 553 30
1803 553 30
649 554 30
650 554 30
651 554 30
857 554 30
858 554 30
859 554 30
940 554 30
941 554 30
942 554 30
1010 554 30
1011 554 30
1013 554 30
1014 554 30
1261 554 30
1262 554 30
1263 554 30
1264 554 30
1801 554 30
1802 554 30
1803 554 30
648 555 30
649 555 30
650 555 30
651 555 30
856 555 30
857 555 30
858 555 30
939 555 30
940 555 30
941 555 30
942 555 30
1010 555 30
1011 555 30
1013 555 30
1014 555 30
1261 555 30
1262 555 30
1263 555 30
1264 555 30
1800 555 30
1801 555 30
1802 555 30
1803 555 30
648 556 30
649 556 30
650 556 30
651 556 30
856 556 30
857 556 30
858 556 30
939 556 30
940 556 30
941 556 30
1010 556 30
1011 556 30
1014 556 30
1015 556 30
1261 556 30
1262 556 30
1263 556 30
1800 556 30
1801 556 30
1802 556 30
648 557 30
649 557 30
650 557 30
855 557 30
856 557 30
857 557 30
939 557 30
940 557 30
941 557 30
1011 557 30
1012 557 30
1014 557 30
1015 557 30
1261 557 30
1262 557 30
1263 557 30
1800 557 30
1801 557 30
1802 557 30
648 558 30
649 558 30
650 558 30
855 558 30
856 558 30
857 558 30
939 558 30
940 558 30
941 558 30
1011 558 30
1012 558 30
1015 558 30
1016 558 30
1261 558 30
1262 558 30
1263 558 30
1799 558 30
1800 558 30
1801 558 30
1802 558 30
647 559 30
648 559 30
649 559 30
650 559 30
854 559 30
855 559 30
856 559 30
857 559 30
938 559 30
939 559 30
940 559 30
941 559 30
1011 559 30
1012 559 30
1016 559 30
1017 559 30
1261 559 30
1262 559 30
1263 559 30
1799 559 30
1800 559 30
1801 559 30
1802 559 30
647 560 30
648 560 30
649 560 30
854 560 30
855 560 30
856 560 30
938 560 30
939 560 30
940 560 30
1011 560 30
1012 560 30
1016 560 30
1017 560 30
1261 560 30
1262 560 30
1263 560 30
1799 560 30
1800 560 30
1801 560 30
647 561 30
648 561 30
649 561 30
853 561 30
854 561 30
855 561 30
856 561 30
937 561 30
938 561 30
939 561 30
940 561 30
1011 561 30
1012 561 30
1014 561 30
1016 561 30
1017 561 30
1261 561 30
1262 561 30
1263 561 30
1798 561 30
1799 561 30
1800 561 30
1801 561 30
647 562 30
648 562 30
649 562 30
852 562 30
853 562 30
854 562 30
855 562 30
937 562 30
938 562 30
939 562 30
1011 562 30
1012 562 30
1013 562 30
1014 562 30
1015 562 30
1016 562 30
1017 562 30
1261 562 30
1262 562 30
1263 562 30
1798 562 30
1799 562 30
1800 562 30
1801 562 30
646 563 30
647 563 30
648 563 30
649 563 30
852 563 30
853 563 30
854 563 30
855 563 30
936 563 30
937 563 30
938 563 30
939 563 30
1011 563 30
1012 563 30
1014 563 30
1016 563 30
1017 563 30
1261 563 30
1262 563 30
1263 563 30
1798 563 30
1799 563 30
1800 563 30
1801 563 30
646 564 30
647 564 30
648 564 30
649 564 30
851 564 30
852 564 30
853 564 30
854 564 30
855 564 30
935 564 30
936 564 30
937 564 30
938 564 30
939 564 30
1011 564 30
1012 564 30
1016 564 30
1017 564 30
1260 564 30
1261 564 30
1262 564 30
1263 564 30
1798 564 30
1799 564 30
1800 564 30
1801 564 30
646 565 30
647 565 30
648 565 30
649 565 30
852 565 30
853 565 30
854 565 30
935 565 30
936 565 30
937 565 30
938 565 30
1011 565 30
1012 565 30
1017 565 30
1018 565 30
1260 565 30
1261 565 30
1262 565 30
1263 565 30
1798 565 30
1799 565 30
1800 565 30
646 566 30
647 566 30
648 566 30
649 566 30
852 566 30
853 566 30
854 566 30
935 566 30
936 566 30
937 566 30
938 566 30
1011 566 30
1012 566 30
1017 566 30
1018 566 30
1260 566 30
1261 566 30
1262 566 30
1263 566 30
1797 566 30
1798 566 30
1799 566 30
1800 566 30
646 567 30
647 567 30
648 567 30
649 567 30
851 567 30
852 567 30
853 567 30
934 567 30
935 567 30
936 567 30
937 567 30
1012 567 30
1013 567 30
1015 567 30
1016 567 30
1017 567 30
1018 567 30
1260 567 30
1261 567 30
1262 567 30
1263 567 30
1797 567 30
1798 567 30
1799 567 30
1800 567 30
646 568 30
647 568 30
648 568 30
649 568 30
851 568 30
852 568 30
853 568 30
934 568 30
935 568 30
936 568 30
1012 568 30
1013 568 30
1014 568 30
1015 568 30
1016 568 30
1017 568 30
1260 568 30
1261 568 30
1262 568 30
1797 568 30
1798 568 30
1799 568 30
1800 568 30
646 569 30
647 569 30
648 569 30
649 569 30
852 569 30
934 569 30
935 569 30
936 569 30
937 569 30
1012 569 30
1013 569 30
1015 569 30
1016 569 30
1260 569 30
1261 569 30
1262 569 30
1797 569 30
1798 569 30
1799 569 30
1800 569 30
646 570 30
647 570 30
648 570 30
649 570 30
933 570 30
934 570 30
935 570 30
936 570 30
937 570 30
1013 570 30
1014 570 30
1015 570 30
1016 570 30
1260 570 30
1261 570 30
1262 570 30
1797 570 30
1798 570 30
1799 570 30
1800 570 30
646 571 30
647 571 30
648 571 30
649 571 30
933 571 30
934 571 30
935 571 30
936 571 30
1013 571 30
1014 571 30
1016 571 30
1017 571 30
1259 571 30
1260 571 30
1261 571 30
1262 571 30
1797 571 30
1798 571 30
1799 571 30
1800 571 30
646 572 30
647 572 30
648 572 30
649 572 30
650 572 30
933 572 30
934 572 30
935 572 30
1014 572 30
1015 572 30
1016 572 30
1259 572 30
1260 572 30
1261 572 30
1262 572 30
1797 572 30
1798 572 30
1799 572 30
1800 572 30
646 573 30
647 573 30
648 573 30
649 573 30
650 573 30
933 573 30
934 573 30
935 573 30
936 573 30
1014 573 30
1015 573 30
1016 573 30
1259 573 30
1260 573 30
1261 573 30
1262 573 30
1797 573 30
1798 573 30
1799 573 30
1800 573 30
646 574 30
647 574 30
648 574 30
649 574 30
650 574 30
933 574 30
934 574 30
935 574 30
936 574 30
1014 574 30
1015 574 30
1016 574 30
1259 574 30
1260 574 30
1261 574 30
1262 574 30
1796 574 30
1797 574 30
1798 574 30
1799 574 30
1800 574 30
647 575 30
648 575 30
649 575 30
650 575 30
933 575 30
934 575 30
935 575 30
1014 575 30
1015 575 30
1016 575 30
1259 575 30
1260 575 30
1261 575 30
1262 575 30
1796 575 30
1797 575 30
1798 575 30
1799 575 30
1800 575 30
647 576 30
648 576 30
649 576 30
650 576 30
932 576 30
933 576 30
934 576 30
935 576 30
1014 576 30
1015 576 30
1016 576 30
1017 576 30
1259 576 30
1260 576 30
1261 576 30
1262 576 30
1796 576 30
1797 576 30
1798 576 30
1799 576 30
1800 576 30
647 577 30
648 577 30
649 577 30
650 577 30
932 577 30
933 577 30
934 577 30
935 577 30
1015 577 30
1016 577 30
1017 577 30
1259 577 30
1260 577 30
1261 577 30
1262 577 30
1796 577 30
1797 577 30
1799 577 30
1800 577 30
648 578 30
649 578 30
650 578 30
932 578 30
933 578 30
934 578 30
935 578 30
1015 578 30
1016 578 30
1017 578 30
1259 578 30
1260 578 30
1261 578 30
1262 578 30
1796 578 30
1797 578 30
1799 578 30
1800 578 30
648 579 30
649 579 30
650 579 30
931 579 30
932 579 30
933 579 30
934 579 30
1015 579 30
1016 579 30
1017 579 30
1259 579 30
1260 579 30
1261 579 30
1262 579 30
1796 579 30
1797 579 30
1799 579 30
1800 579 30
648 580 30
649 580 30
650 580 30
931 580 30
932 580 30
933 580 30
934 580 30
1015 580 30
1016 580 30
1017 580 30
1259 580 30
1260 580 30
1261 580 30
1262 580 30
1796 580 30
1797 580 30
1799 580 30
1800 580 30
648 581 30
649 581 30
650 581 30
930 581 30
931 581 30
932 581 30
933 581 30
934 581 30
1015 581 30
1016 581 30
1017 581 30
1259 581 30
1260 581 30
1261 581 30
1262 581 30
1796 581 30
1797 581 30
1799 581 30
1800 581 30
648 582 30
649 582 30
650 582 30
930 582 30
931 582 30
932 582 30
933 582 30
1015 582 30
1016 582 30
1017 582 30
1259 582 30
1260 582 30
1261 582 30
1262 582 30
1796 582 30
1797 582 30
1799 582 30
1800 582 30
648 583 30
649 583 30
650 583 30
930 583 30
931 583 30
932 583 30
933 583 30
1015 583 30
1016 583 30
1017 583 30
1259 583 30
1260 583 30
1261 583 30
1262 583 30
1796 583 30
1797 583 30
1799 583 30
1800 583 30
648 584 30
649 584 30
650 584 30
929 584 30
930 584 30
931 584 30
932 584 30
933 584 30
1015 584 30
1016 584 30
1017 584 30
1259 584 30
1260 584 30
1261 584 30
1262 584 30
1796 584 30
1797 584 30
1799 584 30
1800 584 30
648 585 30
649 585 30
650 585 30
929 585 30
930 585 30
931 585 30
932 585 30
933 585 30
1015 585 30
1016 585 30
1017 585 30
1259 585 30
1260 585 30
1261 585 30
1262 585 30
1796 585 30
1797 585 30
1799 585 30
1800 585 30
648 586 30
649 586 30
650 586 30
929 586 30
930 586 30
931 586 30
932 586 30
933 586 30
1015 586 30
1016 586 30
1017 586 30
1259 586 30
1260 586 30
1261 586 30
1262 586 30
1796 586 30
1797 586 30
1799 586 30
1800 586 30
1801 586 30
648 587 30
649 587 30
650 587 30
929 587 30
930 587 30
931 587 30
932 587 30
1015 587 30
1016 587 30
1017 587 30
1259 587 30
1260 587 30
1261 587 30
1262 587 30
1795 587 30
1796 587 30
1797 587 30
1800 587 30
1801 587 30
1802 587 30
648 588 30
649 588 30
650 588 30
929 588 30
930 588 30
931 588 30
932 588 30
1015 588 30
1016 588 30
1017 588 30
1259 588 30
1260 588 30
1261 588 30
1262 588 30
1795 588 30
1796 588 30
1797 588 30
1798 588 30
1799 588 30
1800 588 30
1801 588 30
648 589 30
649 589 30
650 589 30
929 589 30
930 589 30
931 589 30
932 589 30
1015 589 30
1016 589 30
1017 589 30
1259 589 30
1260 589 30
1261 589 30
1262 589 30
1795 589 30
1796 589 30
1797 589 30
1798 589 30
1799 589 30
1800 589 30
648 590 30
649 590 30
650 590 30
928 590 30
929 590 30
930 590 30
931 590 30
1015 590 30
1016 590 30
1017 590 30
1259 590 30
1260 590 30
1261 590 30
1262 590 30
1795 590 30
1796 590 30
1797 590 30
1798 590 30
1799 590 30
648 591 30
649 591 30
650 591 30
928 591 30
929 591 30
930 591 30
931 591 30
1015 591 30
1016 591 30
1017 591 30
1258 591 30
1259 591 30
1260 591 30
1261 591 30
1262 591 30
1795 591 30
1796 591 30
1797 591 30
1798 591 30
1799 591 30
648 592 30
649 592 30
650 592 30
928 592 30
929 592 30
930 592 30
931 592 30
1015 592 30
1016 592 30
1017 592 30
1258 592 30
1259 592 30
1260 592 30
1261 592 30
1262 592 30
1795 592 30
1796 592 30
1797 592 30
1798 592 30
648 593 30
649 593 30
650 593 30
927 593 30
928 593 30
929 593 30
930 593 30
1015 593 30
1016 593 30
1017 593 30
1258 593 30
1259 593 30
1260 593 30
1261 593 30
1262 593 30
1795 593 30
1796 593 30
1797 593 30
1798 593 30
648 594 30
649 594 30
650 594 30
927 594 30
928 594 30
929 594 30
1015 594 30
1016 594 30
1017 594 30
1258 594 30
1259 594 30
1260 594 30
1261 594 30
1262 594 30
1795 594 30
1796 594 30
1797 594 30
1798 594 30
648 595 30
649 595 30
650 595 30
927 595 30
928 595 30
929 595 30
930 595 30
1014 595 30
1015 595 30
1016 595 30
1017 595 30
1258 595 30
1259 595 30
1260 595 30
1261 595 30
1795 595 30
1796 595 30
1797 595 30
1798 595 30
647 596 30
648 596 30
649 596 30
650 596 30
927 596 30
928 596 30
929 596 30
1014 596 30
1015 596 30
1016 596 30
1017 596 30
1258 596 30
1259 596 30
1260 596 30
1261 596 30
1795 596 30
1796 596 30
1797 596 30
1798 596 30
647 597 30
648 597 30
649 597 30
650 597 30
927 597 30
928 597 30
929 597 30
1014 597 30
1015 597 30
1016 597 30
1258 597 30
1259 597 30
1260 597 30
1261 597 30
1795 597 30
1796 597 30
1797 597 30
1798 597 30
647 598 30
648 598 30
649 598 30
650 598 30
926 598 30
927 598 30
928 598 30
929 598 30
1014 598 30
1015 598 30
1016 598 30
1258 598 30
1259 598 30
1260 598 30
1261 598 30
1795 598 30
1796 598 30
1797 598 30
1798 598 30
647 599 30
648 599 30
649 599 30
650 599 30
926 599 30
927 599 30
928 599 30
1014 599 30
1015 599 30
1016 599 30
1258 599 30
1259 599 30
1260 599 30
1261 599 30
1795 599 30
1796 599 30
1797 599 30
1798 599 30
647 600 30
648 600 30
649 600 30
650 600 30
926 600 30
927 600 30
928 600 30
1014 600 30
1015 600 30
1016 600 30
1258 600 30
1259 600 30
1260 600 30
1261 600 30
1795 600 30
1796 600 30
1797 600 30
1798 600 30
646 601 30
647 601 30
648 601 30
649 601 30
650 601 30
925 601 30
926 601 30
927 601 30
928 601 30
1013 601 30
1014 601 30
1015 601 30
1016 601 30
1258 601 30
1259 601 30
1260 601 30
1261 601 30
1795 601 30
1796 601 30
1797 601 30
1798 601 30
646 602 30
647 602 30
648 602 30
649 602 30
650 602 30
925 602 30
926 602 30
927 602 30
1013 602 30
1014 602 30
1015 602 30
1258 602 30
1259 602 30
1260 602 30
1261 602 30
1795 602 30
1796 602 30
1797 602 30
646 603 30
647 603 30
648 603 30
649 603 30
650 603 30
925 603 30
926 603 30
927 603 30
1013 603 30
1014 603 30
1015 603 30
1258 603 30
1259 603 30
1260 603 30
1261 603 30
1795 603 30
1796 603 30
1797 603 30
646 604 30
647 604 30
648 604 30
649 604 30
650 604 30
924 604 30
925 604 30
926 604 30
927 604 30
1013 604 30
1014 604 30
1015 604 30
1258 604 30
1259 604 30
1260 604 30
1261 604 30
1795 604 30
1796 604 30
1797 604 30
646 605 30
647 605 30
648 605 30
649 605 30
924 605 30
925 605 30
926 605 30
1012 605 30
1013 605 30
1014 605 30
1015 605 30
1258 605 30
1259 605 30
1260 605 30
1261 605 30
1795 605 30
1796 605 30
1797 605 30
646 606 30
647 606 30
648 606 30
649 606 30
923 606 30
924 606 30
925 606 30
926 606 30
1012 606 30
1013 606 30
1014 606 30
1258 606 30
1259 606 30
1260 606 30
1261 606 30
1795 606 30
1796 606 30
1797 606 30
646 607 30
647 607 30
648 607 30
649 607 30
923 607 30
924 607 30
925 607 30
1012 607 30
1013 607 30
1014 607 30
1258 607 30
1259 607 30
1260 607 30
1261 607 30
1794 607 30
1795 607 30
1796 607 30
1797 607 30
646 608 30
647 608 30
648 608 30
649 608 30
922 608 30
923 608 30
924 608 30
925 608 30
1011 608 30
1012 608 30
1013 608 30
1014 608 30
1258 608 30
1259 608 30
1260 608 30
1794 608 30
1795 608 30
1796 608 30
646 609 30
647 609 30
648 609 30
649 609 30
921 609 30
922 609 30
923 609 30
924 609 30
1011 609 30
1012 609 30
1013 609 30
1258 609 30
1259 609 30
1260 609 30
1794 609 30
1795 609 30
1796 609 30
646 610 30
647 610 30
648 610 30
649 610 30
921 610 30
922 610 30
923 610 30
1011 610 30
1012 610 30
1013 610 30
1258 610 30
1259 610 30
1260 610 30
1794 610 30
1795 610 30
1796 610 30
646 611 30
647 611 30
648 611 30
649 611 30
922 611 30
1010 611 30
1011 611 30
1012 611 30
1013 611 30
1258 611 30
1259 611 30
1260 611 30
1793 611 30
1794 611 30
1795 611 30
1796 611 30
646 612 30
647 612 30
648 612 30
649 612 30
1010 612 30
1011 612 30
1012 612 30
1013 612 30
1258 612 30
1259 612 30
1260 612 30
1793 612 30
1794 612 30
1795 612 30
1796 612 30
646 613 30
647 613 30
648 613 30
1010 613 30
1011 613 30
1012 613 30
1013 613 30
1258 613 30
1259 613 30
1260 613 30
1793 613 30
1794 613 30
1795 613 30
1796 613 30
646 614 30
647 614 30
648 614 30
1010 614 30
1011 614 30
1012 614 30
1257 614 30
1258 614 30
1259 614 30
1260 614 30
1793 614 30
1794 614 30
1795 614 30
645 615 30
646 615 30
647 615 30
648 615 30
1010 615 30
1011 615 30
1012 615 30
1257 615 30
1258 615 30
1259 615 30
1792 615 30
1793 615 30
1794 615 30
1795 615 30
645 616 30
646 616 30
647 616 30
648 616 30
1009 616 30
1010 616 30
1011 616 30
1012 616 30
1257 616 30
1258 616 30
1259 616 30
1792 616 30
1793 616 30
1794 616 30
1795 616 30
645 617 30
646 617 30
647 617 30
648 617 30
1009 617 30
1010 617 30
1011 617 30
1012 617 30
1257 617 30
1258 617 30
1259 617 30
1792 617 30
1793 617 30
1794 617 30
645 618 30
646 618 30
647 618 30
648 618 30
1009 618 30
1010 618 30
1011 618 30
1257 618 30
1258 618 30
1259 618 30
1792 618 30
1793 618 30
1794 618 30
645 619 30
646 619 30
647 619 30
1009 619 30
1010 619 30
1011 619 30
1257 619 30
1258 619 30
1259 619 30
1792 619 30
1793 619 30
1794 619 30
645 620 30
646 620 30
647 620 30
1009 620 30
1010 620 30
1011 620 30
1257 620 30
1258 620 30
1259 620 30
1791 620 30
1792 620 30
1793 620 30
1794 620 30
645 621 30
646 621 30
647 621 30
1008 621 30
1009 621 30
1010 621 30
1011 621 30
1256 621 30
1257 621 30
1258 621 30
1259 621 30
1791 621 30
1792 621 30
1793 621 30
645 622 30
646 622 30
647 622 30
1008 622 30
1009 622 30
1010 622 30
1256 622 30
1257 622 30
1258 622 30
1791 622 30
1792 622 30
1793 622 30
644 623 30
645 623 30
646 623 30
647 623 30
1008 623 30
1009 623 30
1010 623 30
1256 623 30
1257 623 30
1258 623 30
1791 623 30
1792 623 30
1793 623 30
644 624 30
645 624 30
646 624 30
647 624 30
1007 624 30
1008 624 30
1009 624 30
1010 624 30
1256 624 30
1257 624 30
1258 624 30
1791 624 30
1792 624 30
1793 624 30
644 625 30
645 625 30
646 625 30
647 625 30
1007 625 30
1008 625 30
1009 625 30
1010 625 30
1255 625 30
1256 625 30
1257 625 30
1258 625 30
1790 625 30
1791 625 30
1792 625 30
644 626 30
645 626 30
646 626 30
647 626 30
1007 626 30
1008 626 30
1009 626 30
1010 626 30
1255 626 30
1256 626 30
1257 626 30
1258 626 30
1790 626 30
1791 626 30
1792 626 30
644 627 30
645 627 30
646 627 30
647 627 30
1007 627 30
1008 627 30
1009 627 30
1010 627 30
1255 627 30
1256 627 30
1257 627 30
1258 627 30
1790 627 30
1791 627 30
1792 627 30
643 628 30
644 628 30
645 628 30
646 628 30
647 628 30
1007 628 30
1008 628 30
1009 628 30
1010 628 30
1255 628 30
1256 628 30
1257 628 30
1258 628 30
1790 628 30
1791 628 30
1792 628 30
643 629 30
644 629 30
645 629 30
646 629 30
647 629 30
1007 629 30
1008 629 30
1009 629 30
1010 629 30
1255 629 30
1256 629 30
1257 629 30
1258 629 30
1789 629 30
1790 629 30
1791 629 30
1792 629 30
643 630 30
644 630 30
645 630 30
646 630 30
1007 630 30
1008 630 30
1009 630 30
1010 630 30
1255 630 30
1256 630 30
1257 630 30
1789 630 30
1790 630 30
1791 630 30
643 631 30
644 631 30
645 631 30
646 631 30
1007 631 30
1008 631 30
1009 631 30
1010 631 30
1255 631 30
1256 631 30
1257 631 30
1789 631 30
1790 631 30
1791 631 30
643 632 30
644 632 30
645 632 30
646 632 30
1007 632 30
1008 632 30
1009 632 30
1010 632 30
1255 632 30
1256 632 30
1257 632 30
1789 632 30
1790 632 30
1791 632 30
642 633 30
643 633 30
644 633 30
645 633 30
646 633 30
1007 633 30
1008 633 30
1009 633 30
1010 633 30
1255 633 30
1256 633 30
1257 633 30
1789 633 30
1790 633 30
1791 633 30
642 634 30
643 634 30
644 634 30
645 634 30
1007 634 30
1008 634 30
1009 634 30
1010 634 30
1011 634 30
1254 634 30
1255 634 30
1256 634 30
1257 634 30
1789 634 30
1790 634 30
1791 634 30
642 635 30
643 635 30
644 635 30
645 635 30
1008 635 30
1009 635 30
1010 635 30
1011 635 30
1254 635 30
1255 635 30
1256 635 30
1257 635 30
1789 635 30
1790 635 30
1791 635 30
642 636 30
643 636 30
644 636 30
645 636 30
1008 636 30
1009 636 30
1010 636 30
1011 636 30
1254 636 30
1255 636 30
1256 636 30
1789 636 30
1790 636 30
1791 636 30
641 637 30
642 637 30
643 637 30
644 637 30
645 637 30
1008 637 30
1009 637 30
1010 637 30
1011 637 30
1254 637 30
1255 637 30
1256 637 30
1789 637 30
1790 637 30
1791 637 30
641 638 30
642 638 30
643 638 30
644 638 30
1008 638 30
1009 638 30
1010 638 30
1011 638 30
1012 638 30
1254 638 30
1255 638 30
1256 638 30
1789 638 30
1790 638 30
1791 638 30
641 639 30
642 639 30
643 639 30
644 639 30
1008 639 30
1009 639 30
1010 639 30
1011 639 30
1012 639 30
1254 639 30
1255 639 30
1256 639 30
1789 639 30
1790 639 30
1791 639 30
640 640 30
641 640 30
642 640 30
643 640 30
644 640 30
1009 640 30
1010 640 30
1011 640 30
1012 640 30
1254 640 30
1255 640 30
1256 640 30
1788 640 30
1789 640 30
1790 640 30
1791 640 30
640 641 30
641 641 30
642 641 30
643 641 30
1009 641 30
1010 641 30
1011 641 30
1012 641 30
1252 641 30
1253 641 30
1254 641 30
1255 641 30
1256 641 30
1788 641 30
1789 641 30
1790 641 30
1791 641 30
640 642 30
641 642 30
642 642 30
1009 642 30
1010 642 30
1011 642 30
1012 642 30
1251 642 30
1252 642 30
1253 642 30
1254 642 30
1255 642 30
1256 642 30
1788 642 30
1789 642 30
1790 642 30
1791 642 30
639 643 30
640 643 30
641 643 30
642 643 30
1009 643 30
1010 643 30
1011 643 30
1012 643 30
1250 643 30
1251 643 30
1255 643 30
1256 643 30
1788 643 30
1789 643 30
1790 643 30
639 644 30
640 644 30
641 644 30
1009 644 30
1010 644 30
1011 644 30
1012 644 30
1250 644 30
1251 644 30
1254 644 30
1255 644 30
1789 644 30
638 645 30
639 645 30
640 645 30
641 645 30
1010 645 30
1011 645 30
1012 645 30
1249 645 30
1250 645 30
1254 645 30
1255 645 30
637 646 30
638 646 30
639 646 30
640 646 30
1010 646 30
1011 646 30
1012 646 30
1249 646 30
1250 646 30
1253 646 30
1254 646 30
634 647 30
635 647 30
636 647 30
637 647 30
638 647 30
639 647 30
1010 647 30
1011 647 30
1012 647 30
1249 647 30
1250 647 30
1253 647 30
1254 647 30
633 648 30
634 648 30
635 648 30
636 648 30
637 648 30
638 648 30
1010 648 30
1011 648 30
1012 648 30
1249 648 30
1250 648 30
1253 648 30
1254 648 30
633 649 30
634 649 30
635 649 30
636 649 30
1010 649 30
1011 649 30
1012 649 30
1249 649 30
1250 649 30
1252 649 30
1253 649 30
634 650 30
1010 650 30
1011 650 30
1012 650 30
1250 650 30
1251 650 30
1252 650 30
1010 651 30
1011 651 30
1012 651 30
1251 651 30
1010 652 30
1011 652 30
1012 652 30
1010 653 30
1011 653 30
1012 653 30
1010 654 30
1011 654 30
1012 654 30
1010 655 30
1011 655 30
1012 655 30
1010 656 30
1011 656 30
1012 656 30
1009 657 30
1010 657 30
1011 657 30
1012 657 30
1009 658 30
1010 658 30
1011 658 30
1012 658 30
1009 659 30
1010 659 30
1011 659 30
1012 659 30
1009 660 30
1010 660 30
1011 660 30
1009 661 30
1010 661 30
1011 661 30
1009 662 30
1010 662 30
1011 662 30
1009 663 30
1010 663 30
1011 663 30
1008 664 30
1009 664 30
1010 664 30
1011 664 30
1008 665 30
1009 665 30
1010 665 30
1011 665 30
1008 666 30
1009 666 30
1010 666 30
1007 667 30
1008 667 30
1009 667 30
1010 667 30
1007 668 30
1008 668 30
1009 668 30
1010 668 30
1007 669 30
1008 669 30
1009 669 30
1010 669 30
1006 670 30
1007 670 30
1008 670 30
1009 670 30
1006 671 30
1007 671 30
1008 671 30
1005 672 30
1006 672 30
1007 672 30
1008 672 30
1006 673 30
1007 673 30
