1900 323 20
1901 323 20
1898 324 20
1899 324 20
1900 324 20
1901 324 20
1902 324 20
1897 325 20
1898 325 20
1899 325 20
1902 325 20
1903 325 20
1895 326 20
1896 326 20
1897 326 20
1901 326 20
1902 326 20
691 327 20
692 327 20
693 327 20
1894 327 20
1895 327 20
1896 327 20
1899 327 20
1900 327 20
1901 327 20
690 328 20
691 328 20
692 328 20
693 328 20
694 328 20
1893 328 20
1894 328 20
1898 328 20
1899 328 20
1900 328 20
689 329 20
690 329 20
692 329 20
693 329 20
1892 329 20
1893 329 20
1897 329 20
1898 329 20
688 330 20
689 330 20
691 330 20
692 330 20
1891 330 20
1892 330 20
1896 330 20
1897 330 20
688 331 20
689 331 20
690 331 20
691 331 20
1890 331 20
1891 331 20
1894 331 20
1895 331 20
1896 331 20
687 332 20
688 332 20
690 332 20
691 332 20
1889 332 20
1890 332 20
1893 332 20
1894 332 20
1895 332 20
686 333 20
687 333 20
689 333 20
690 333 20
1888 333 20
1889 333 20
1892 333 20
1893 333 20
685 334 20
686 334 20
688 334 20
689 334 20
1887 334 20
1888 334 20
1891 334 20
1892 334 20
683 335 20
684 335 20
685 335 20
687 335 20
688 335 20
1886 335 20
1887 335 20
1890 335 20
1891 335 20
682 336 20
683 336 20
684 336 20
686 336 20
687 336 20
1885 336 20
1886 336 20
1889 336 20
1890 336 20
679 337 20
680 337 20
681 337 20
682 337 20
685 337 20
686 337 20
1884 337 20
1885 337 20
1888 337 20
1889 337 20
678 338 20
679 338 20
680 338 20
681 338 20
684 338 20
685 338 20
1880 338 20
1881 338 20
1882 338 20
1883 338 20
1884 338 20
1887 338 20
1888 338 20
677 339 20
678 339 20
683 339 20
684 339 20
1878 339 20
1879 339 20
1880 339 20
1881 339 20
1882 339 20
1883 339 20
1886 339 20
1887 339 20
676 340 20
677 340 20
678 340 20
681 340 20
682 340 20
683 340 20
1876 340 20
1877 340 20
1878 340 20
1879 340 20
1885 340 20
1886 340 20
675 341 20
676 341 20
677 341 20
679 341 20
680 341 20
681 341 20
682 341 20
1873 341 20
1874 341 20
1875 341 20
1876 341 20
1877 341 20
1885 341 20
1886 341 20
674 342 20
675 342 20
678 342 20
679 342 20
680 342 20
1871 342 20
1872 342 20
1873 342 20
1874 342 20
1875 342 20
1883 342 20
1884 342 20
1885 342 20
673 343 20
674 343 20
677 343 20
678 343 20
1869 343 20
1870 343 20
1871 343 20
1872 343 20
1882 343 20
1883 343 20
1884 343 20
672 344 20
673 344 20
674 344 20
676 344 20
677 344 20
1867 344 20
1868 344 20
1869 344 20
1870 344 20
1882 344 20
1883 344 20
671 345 20
672 345 20
673 345 20
676 345 20
677 345 20
1866 345 20
1867 345 20
1868 345 20
1881 345 20
1882 345 20
670 346 20
671 346 20
672 346 20
674 346 20
675 346 20
676 346 20
1865 346 20
1866 346 20
1870 346 20
1871 346 20
1872 346 20
1873 346 20
1874 346 20
1875 346 20
1876 346 20
1877 346 20
1878 346 20
1879 346 20
1880 346 20
1881 346 20
669 347 20
670 347 20
671 347 20
672 347 20
673 347 20
674 347 20
675 347 20
1863 347 20
1864 347 20
1865 347 20
1868 347 20
1869 347 20
1870 347 20
1871 347 20
1872 347 20
1873 347 20
1874 347 20
1875 347 20
1876 347 20
1877 347 20
1878 347 20
1879 347 20
1880 347 20
664 348 20
665 348 20
666 348 20
667 348 20
668 348 20
669 348 20
671 348 20
672 348 20
673 348 20
1089 348 20
1090 348 20
1091 348 20
1092 348 20
1862 348 20
1863 348 20
1864 348 20
1867 348 20
1868 348 20
1869 348 20
662 349 20
663 349 20
664 349 20
665 349 20
666 349 20
667 349 20
668 349 20
671 349 20
672 349 20
1085 349 20
1086 349 20
1087 349 20
1088 349 20
1089 349 20
1090 349 20
1091 349 20
1092 349 20
1093 349 20
1859 349 20
1860 349 20
1861 349 20
1862 349 20
1866 349 20
1867 349 20
661 350 20
662 350 20
663 350 20
670 350 20
671 350 20
1083 350 20
1084 350 20
1085 350 20
1086 350 20
1087 350 20
1088 350 20
1093 350 20
1094 350 20
1095 350 20
1096 350 20
1856 350 20
1857 350 20
1858 350 20
1859 350 20
1860 350 20
1861 350 20
1864 350 20
1865 350 20
1866 350 20
660 351 20
661 351 20
668 351 20
669 351 20
670 351 20
671 351 20
1079 351 20
1080 351 20
1081 351 20
1082 351 20
1083 351 20
1084 351 20
1090 351 20
1091 351 20
1093 351 20
1094 351 20
1095 351 20
1096 351 20
1097 351 20
1853 351 20
1854 351 20
1855 351 20
1856 351 20
1857 351 20
1858 351 20
1863 351 20
1864 351 20
1865 351 20
659 352 20
660 352 20
667 352 20
668 352 20
669 352 20
670 352 20
1078 352 20
1079 352 20
1080 352 20
1081 352 20
1082 352 20
1086 352 20
1087 352 20
1088 352 20
1089 352 20
1090 352 20
1091 352 20
1092 352 20
1093 352 20
1094 352 20
1095 352 20
1096 352 20
1850 352 20
1851 352 20
1852 352 20
1853 352 20
1854 352 20
1855 352 20
1860 352 20
1861 352 20
1862 352 20
1863 352 20
659 353 20
660 353 20
665 353 20
666 353 20
667 353 20
1077 353 20
1078 353 20
1084 353 20
1085 353 20
1086 353 20
1087 353 20
1088 353 20
1089 353 20
1092 353 20
1311 353 20
1848 353 20
1849 353 20
1850 353 20
1851 353 20
1852 353 20
1857 353 20
1858 353 20
1859 353 20
1860 353 20
1861 353 20
1862 353 20
658 354 20
659 354 20
664 354 20
665 354 20
666 354 20
1075 354 20
1076 354 20
1077 354 20
1080 354 20
1081 354 20
1082 354 20
1083 354 20
1084 354 20
1085 354 20
1310 354 20
1311 354 20
1312 354 20
1847 354 20
1848 354 20
1849 354 20
1853 354 20
1854 354 20
1855 354 20
1856 354 20
1857 354 20
1858 354 20
1859 354 20
657 355 20
658 355 20
663 355 20
664 355 20
933 355 20
1074 355 20
1075 355 20
1076 355 20
1079 355 20
1080 355 20
1081 355 20
1082 355 20
1083 355 20
1308 355 20
1309 355 20
1310 355 20
1311 355 20
1844 355 20
1845 355 20
1846 355 20
1847 355 20
1851 355 20
1852 355 20
1853 355 20
1854 355 20
1855 355 20
1856 355 20
657 356 20
658 356 20
662 356 20
663 356 20
930 356 20
932 356 20
933 356 20
934 356 20
1072 356 20
1073 356 20
1074 356 20
1077 356 20
1078 356 20
1079 356 20
1306 356 20
1307 356 20
1308 356 20
1309 356 20
1310 356 20
1842 356 20
1843 356 20
1844 356 20
1845 356 20
1846 356 20
1849 356 20
1850 356 20
1851 356 20
1852 356 20
656 357 20
657 357 20
661 357 20
662 357 20
929 357 20
930 357 20
931 357 20
932 357 20
933 357 20
1071 357 20
1072 357 20
1073 357 20
1076 357 20
1077 357 20
1078 357 20
1305 357 20
1306 357 20
1307 357 20
1308 357 20
1309 357 20
1841 357 20
1842 357 20
1843 357 20
1848 357 20
1849 357 20
1850 357 20
655 358 20
656 358 20
657 358 20
659 358 20
660 358 20
661 358 20
928 358 20
929 358 20
931 358 20
932 358 20
933 358 20
1069 358 20
1070 358 20
1071 358 20
1074 358 20
1075 358 20
1076 358 20
1302 358 20
1303 358 20
1304 358 20
1305 358 20
1306 358 20
1307 358 20
1838 358 20
1839 358 20
1840 358 20
1841 358 20
1845 358 20
1846 358 20
1847 358 20
1848 358 20
654 359 20
655 359 20
656 359 20
658 359 20
659 359 20
660 359 20
927 359 20
928 359 20
931 359 20
932 359 20
1062 359 20
1063 359 20
1064 359 20
1065 359 20
1066 359 20
1067 359 20
1068 359 20
1069 359 20
1070 359 20
1073 359 20
1074 359 20
1075 359 20
1301 359 20
1302 359 20
1303 359 20
1304 359 20
1305 359 20
1834 359 20
1835 359 20
1836 359 20
1837 359 20
1838 359 20
1839 359 20
1840 359 20
1843 359 20
1844 359 20
1845 359 20
1846 359 20
1847 359 20
654 360 20
655 360 20
658 360 20
659 360 20
926 360 20
927 360 20
930 360 20
931 360 20
1052 360 20
1053 360 20
1054 360 20
1055 360 20
1056 360 20
1057 360 20
1058 360 20
1059 360 20
1060 360 20
1061 360 20
1062 360 20
1063 360 20
1064 360 20
1065 360 20
1066 360 20
1067 360 20
1068 360 20
1071 360 20
1072 360 20
1073 360 20
1301 360 20
1302 360 20
1304 360 20
1305 360 20
1829 360 20
1830 360 20
1831 360 20
1832 360 20
1833 360 20
1834 360 20
1835 360 20
1836 360 20
1837 360 20
1841 360 20
1842 360 20
1843 360 20
1844 360 20
653 361 20
654 361 20
657 361 20
658 361 20
925 361 20
926 361 20
928 361 20
929 361 20
930 361 20
1050 361 20
1051 361 20
1052 361 20
1053 361 20
1054 361 20
1055 361 20
1056 361 20
1057 361 20
1058 361 20
1059 361 20
1060 361 20
1061 361 20
1070 361 20
1071 361 20
1072 361 20
1300 361 20
1301 361 20
1304 361 20
1305 361 20
1826 361 20
1827 361 20
1828 361 20
1829 361 20
1830 361 20
1831 361 20
1832 361 20
1833 361 20
1838 361 20
1839 361 20
1840 361 20
1841 361 20
1842 361 20
652 362 20
653 362 20
657 362 20
658 362 20
924 362 20
925 362 20
927 362 20
928 362 20
929 362 20
930 362 20
1045 362 20
1046 362 20
1047 362 20
1048 362 20
1049 362 20
1050 362 20
1051 362 20
1065 362 20
1066 362 20
1067 362 20
1069 362 20
1070 362 20
1299 362 20
1300 362 20
1303 362 20
1304 362 20
1825 362 20
1826 362 20
1827 362 20
1828 362 20
1834 362 20
1835 362 20
1836 362 20
1837 362 20
1838 362 20
1839 362 20
1840 362 20
651 363 20
652 363 20
656 363 20
657 363 20
923 363 20
924 363 20
926 363 20
927 363 20
928 363 20
929 363 20
1043 363 20
1044 363 20
1045 363 20
1046 363 20
1047 363 20
1048 363 20
1049 363 20
1059 363 20
1060 363 20
1061 363 20
1062 363 20
1063 363 20
1064 363 20
1065 363 20
1066 363 20
1067 363 20
1068 363 20
1069 363 20
1298 363 20
1299 363 20
1302 363 20
1303 363 20
1823 363 20
1824 363 20
1825 363 20
1830 363 20
1831 363 20
1832 363 20
1833 363 20
1834 363 20
1835 363 20
1836 363 20
1837 363 20
651 364 20
652 364 20
655 364 20
656 364 20
922 364 20
923 364 20
925 364 20
926 364 20
927 364 20
928 364 20
1042 364 20
1043 364 20
1044 364 20
1057 364 20
1058 364 20
1059 364 20
1060 364 20
1061 364 20
1062 364 20
1063 364 20
1064 364 20
1068 364 20
1298 364 20
1299 364 20
1302 364 20
1303 364 20
1822 364 20
1823 364 20
1824 364 20
1827 364 20
1828 364 20
1829 364 20
1830 364 20
1831 364 20
1832 364 20
1833 364 20
650 365 20
651 365 20
655 365 20
656 365 20
921 365 20
922 365 20
926 365 20
927 365 20
1040 365 20
1041 365 20
1042 365 20
1055 365 20
1056 365 20
1057 365 20
1058 365 20
1297 365 20
1298 365 20
1301 365 20
1302 365 20
1821 365 20
1822 365 20
1826 365 20
1827 365 20
1828 365 20
1829 365 20
650 366 20
651 366 20
654 366 20
655 366 20
920 366 20
921 366 20
925 366 20
926 366 20
927 366 20
1039 366 20
1040 366 20
1041 366 20
1053 366 20
1054 366 20
1055 366 20
1056 366 20
1296 366 20
1297 366 20
1300 366 20
1301 366 20
1819 366 20
1820 366 20
1821 366 20
1824 366 20
1825 366 20
1826 366 20
650 367 20
651 367 20
653 367 20
654 367 20
919 367 20
920 367 20
924 367 20
925 367 20
926 367 20
1038 367 20
1039 367 20
1042 367 20
1043 367 20
1044 367 20
1052 367 20
1053 367 20
1054 367 20
1295 367 20
1296 367 20
1299 367 20
1300 367 20
1818 367 20
1819 367 20
1820 367 20
1823 367 20
1824 367 20
1825 367 20
649 368 20
650 368 20
653 368 20
654 368 20
919 368 20
920 368 20
923 368 20
924 368 20
925 368 20
1037 368 20
1038 368 20
1041 368 20
1042 368 20
1043 368 20
1044 368 20
1045 368 20
1050 368 20
1051 368 20
1052 368 20
1294 368 20
1295 368 20
1298 368 20
1299 368 20
1817 368 20
1818 368 20
1822 368 20
1823 368 20
649 369 20
650 369 20
652 369 20
653 369 20
918 369 20
919 369 20
921 369 20
922 369 20
923 369 20
924 369 20
1036 369 20
1037 369 20
1040 369 20
1041 369 20
1044 369 20
1045 369 20
1049 369 20
1050 369 20
1051 369 20
1293 369 20
1294 369 20
1297 369 20
1298 369 20
1815 369 20
1816 369 20
1817 369 20
1820 369 20
1821 369 20
1822 369 20
648 370 20
649 370 20
652 370 20
653 370 20
853 370 20
854 370 20
918 370 20
919 370 20
920 370 20
921 370 20
922 370 20
923 370 20
1036 370 20
1037 370 20
1039 370 20
1040 370 20
1045 370 20
1046 370 20
1049 370 20
1050 370 20
1292 370 20
1293 370 20
1296 370 20
1297 370 20
1814 370 20
1815 370 20
1816 370 20
1819 370 20
1820 370 20
1821 370 20
648 371 20
649 371 20
651 371 20
652 371 20
852 371 20
853 371 20
854 371 20
855 371 20
917 371 20
918 371 20
919 371 20
920 371 20
921 371 20
922 371 20
1035 371 20
1036 371 20
1039 371 20
1040 371 20
1046 371 20
1047 371 20
1048 371 20
1049 371 20
1291 371 20
1292 371 20
1295 371 20
1296 371 20
1813 371 20
1814 371 20
1818 371 20
1819 371 20
648 372 20
649 372 20
650 372 20
651 372 20
851 372 20
852 372 20
853 372 20
854 372 20
916 372 20
917 372 20
920 372 20
921 372 20
1034 372 20
1035 372 20
1038 372 20
1039 372 20
1047 372 20
1048 372 20
1290 372 20
1291 372 20
1294 372 20
1295 372 20
1811 372 20
1812 372 20
1813 372 20
1816 372 20
1817 372 20
1818 372 20
648 373 20
649 373 20
650 373 20
651 373 20
851 373 20
852 373 20
853 373 20
854 373 20
916 373 20
917 373 20
918 373 20
919 373 20
920 373 20
984 373 20
985 373 20
1034 373 20
1035 373 20
1038 373 20
1039 373 20
1289 373 20
1290 373 20
1293 373 20
1294 373 20
1810 373 20
1811 373 20
1812 373 20
1815 373 20
1816 373 20
1817 373 20
647 374 20
648 374 20
649 374 20
650 374 20
850 374 20
851 374 20
853 374 20
854 374 20
915 374 20
916 374 20
917 374 20
918 374 20
919 374 20
920 374 20
983 374 20
984 374 20
985 374 20
986 374 20
1033 374 20
1034 374 20
1037 374 20
1038 374 20
1288 374 20
1289 374 20
1292 374 20
1293 374 20
1809 374 20
1810 374 20
1814 374 20
1815 374 20
647 375 20
648 375 20
649 375 20
650 375 20
850 375 20
851 375 20
852 375 20
853 375 20
914 375 20
915 375 20
918 375 20
919 375 20
980 375 20
981 375 20
982 375 20
983 375 20
984 375 20
985 375 20
1033 375 20
1034 375 20
1036 375 20
1037 375 20
1287 375 20
1288 375 20
1291 375 20
1292 375 20
1808 375 20
1809 375 20
1813 375 20
1814 375 20
647 376 20
648 376 20
649 376 20
849 376 20
850 376 20
851 376 20
852 376 20
914 376 20
915 376 20
917 376 20
918 376 20
978 376 20
979 376 20
980 376 20
981 376 20
982 376 20
983 376 20
984 376 20
1032 376 20
1033 376 20
1036 376 20
1037 376 20
1286 376 20
1287 376 20
1291 376 20
1292 376 20
1806 376 20
1807 376 20
1808 376 20
1812 376 20
1813 376 20
647 377 20
648 377 20
649 377 20
849 377 20
850 377 20
851 377 20
852 377 20
913 377 20
914 377 20
916 377 20
917 377 20
977 377 20
978 377 20
979 377 20
980 377 20
983 377 20
984 377 20
1030 377 20
1031 377 20
1032 377 20
1035 377 20
1036 377 20
1285 377 20
1286 377 20
1290 377 20
1291 377 20
1805 377 20
1806 377 20
1807 377 20
1810 377 20
1811 377 20
1812 377 20
646 378 20
647 378 20
649 378 20
650 378 20
848 378 20
849 378 20
850 378 20
851 378 20
913 378 20
914 378 20
915 378 20
916 378 20
977 378 20
978 378 20
979 378 20
980 378 20
981 378 20
982 378 20
983 378 20
1028 378 20
1029 378 20
1030 378 20
1031 378 20
1034 378 20
1035 378 20
1284 378 20
1285 378 20
1289 378 20
1290 378 20
1804 378 20
1805 378 20
1809 378 20
1810 378 20
1811 378 20
645 379 20
646 379 20
647 379 20
649 379 20
650 379 20
848 379 20
849 379 20
850 379 20
851 379 20
912 379 20
913 379 20
914 379 20
915 379 20
976 379 20
977 379 20
979 379 20
980 379 20
982 379 20
983 379 20
1027 379 20
1028 379 20
1029 379 20
1033 379 20
1034 379 20
1284 379 20
1285 379 20
1288 379 20
1289 379 20
1803 379 20
1804 379 20
1807 379 20
1808 379 20
1809 379 20
644 380 20
645 380 20
646 380 20
649 380 20
650 380 20
848 380 20
849 380 20
850 380 20
911 380 20
912 380 20
913 380 20
914 380 20
975 380 20
976 380 20
978 380 20
979 380 20
980 380 20
981 380 20
982 380 20
1026 380 20
1027 380 20
1028 380 20
1029 380 20
1030 380 20
1032 380 20
1033 380 20
1283 380 20
1284 380 20
1287 380 20
1288 380 20
1802 380 20
1803 380 20
1806 380 20
1807 380 20
1808 380 20
643 381 20
644 381 20
645 381 20
649 381 20
650 381 20
847 381 20
848 381 20
849 381 20
850 381 20
910 381 20
911 381 20
912 381 20
913 381 20
974 381 20
975 381 20
977 381 20
978 381 20
980 381 20
981 381 20
1025 381 20
1026 381 20
1027 381 20
1030 381 20
1031 381 20
1032 381 20
1282 381 20
1283 381 20
1286 381 20
1287 381 20
1801 381 20
1802 381 20
1805 381 20
1806 381 20
642 382 20
643 382 20
644 382 20
648 382 20
649 382 20
847 382 20
848 382 20
849 382 20
909 382 20
910 382 20
912 382 20
913 382 20
974 382 20
975 382 20
976 382 20
977 382 20
1024 382 20
1025 382 20
1026 382 20
1031 382 20
1281 382 20
1282 382 20
1285 382 20
1286 382 20
1801 382 20
1802 382 20
1804 382 20
1805 382 20
641 383 20
642 383 20
648 383 20
649 383 20
846 383 20
847 383 20
848 383 20
849 383 20
909 383 20
910 383 20
911 383 20
912 383 20
973 383 20
974 383 20
975 383 20
976 383 20
1020 383 20
1021 383 20
1022 383 20
1023 383 20
1024 383 20
1025 383 20
1026 383 20
1280 383 20
1281 383 20
1285 383 20
1286 383 20
1800 383 20
1801 383 20
1804 383 20
1805 383 20
640 384 20
641 384 20
647 384 20
648 384 20
845 384 20
846 384 20
847 384 20
848 384 20
908 384 20
909 384 20
910 384 20
911 384 20
972 384 20
973 384 20
974 384 20
975 384 20
1019 384 20
1020 384 20
1021 384 20
1022 384 20
1023 384 20
1024 384 20
1025 384 20
1279 384 20
1280 384 20
1284 384 20
1285 384 20
1800 384 20
1801 384 20
1803 384 20
1804 384 20
638 385 20
639 385 20
640 385 20
647 385 20
648 385 20
845 385 20
846 385 20
847 385 20
908 385 20
909 385 20
910 385 20
911 385 20
972 385 20
973 385 20
974 385 20
975 385 20
1018 385 20
1019 385 20
1023 385 20
1024 385 20
1279 385 20
1280 385 20
1283 385 20
1284 385 20
1799 385 20
1800 385 20
1803 385 20
1804 385 20
637 386 20
638 386 20
639 386 20
647 386 20
648 386 20
844 386 20
845 386 20
846 386 20
847 386 20
907 386 20
908 386 20
909 386 20
910 386 20
972 386 20
973 386 20
974 386 20
1017 386 20
1018 386 20
1023 386 20
1024 386 20
1278 386 20
1279 386 20
1282 386 20
1283 386 20
1799 386 20
1800 386 20
1802 386 20
1803 386 20
636 387 20
637 387 20
648 387 20
649 387 20
844 387 20
845 387 20
846 387 20
847 387 20
907 387 20
908 387 20
909 387 20
910 387 20
972 387 20
973 387 20
974 387 20
975 387 20
1017 387 20
1018 387 20
1022 387 20
1023 387 20
1278 387 20
1279 387 20
1282 387 20
1283 387 20
1798 387 20
1799 387 20
1802 387 20
1803 387 20
636 388 20
637 388 20
638 388 20
648 388 20
649 388 20
844 388 20
845 388 20
846 388 20
906 388 20
907 388 20
909 388 20
910 388 20
972 388 20
973 388 20
974 388 20
975 388 20
1016 388 20
1017 388 20
1022 388 20
1023 388 20
1277 388 20
1278 388 20
1281 388 20
1282 388 20
1798 388 20
1799 388 20
1801 388 20
1802 388 20
637 389 20
638 389 20
639 389 20
647 389 20
648 389 20
844 389 20
845 389 20
846 389 20
906 389 20
907 389 20
909 389 20
910 389 20
972 389 20
973 389 20
974 389 20
975 389 20
1015 389 20
1016 389 20
1021 389 20
1022 389 20
1277 389 20
1278 389 20
1280 389 20
1281 389 20
1798 389 20
1799 389 20
1801 389 20
1802 389 20
639 390 20
640 390 20
641 390 20
647 390 20
648 390 20
844 390 20
845 390 20
846 390 20
905 390 20
906 390 20
909 390 20
910 390 20
972 390 20
973 390 20
974 390 20
975 390 20
1014 390 20
1015 390 20
1021 390 20
1022 390 20
1277 390 20
1278 390 20
1280 390 20
1281 390 20
1798 390 20
1799 390 20
1801 390 20
1802 390 20
640 391 20
641 391 20
642 391 20
643 391 20
646 391 20
647 391 20
844 391 20
845 391 20
846 391 20
905 391 20
906 391 20
907 391 20
909 391 20
910 391 20
972 391 20
973 391 20
975 391 20
976 391 20
1014 391 20
1015 391 20
1021 391 20
1022 391 20
1276 391 20
1277 391 20
1279 391 20
1280 391 20
1798 391 20
1799 391 20
1801 391 20
1802 391 20
642 392 20
643 392 20
644 392 20
646 392 20
647 392 20
844 392 20
845 392 20
846 392 20
906 392 20
907 392 20
908 392 20
909 392 20
910 392 20
972 392 20
973 392 20
975 392 20
976 392 20
1014 392 20
1015 392 20
1018 392 20
1021 392 20
1022 392 20
1276 392 20
1277 392 20
1279 392 20
1280 392 20
1797 392 20
1798 392 20
1801 392 20
1802 392 20
644 393 20
645 393 20
646 393 20
647 393 20
844 393 20
845 393 20
846 393 20
907 393 20
908 393 20
909 393 20
910 393 20
972 393 20
973 393 20
974 393 20
975 393 20
976 393 20
1014 393 20
1015 393 20
1017 393 20
1018 393 20
1019 393 20
1021 393 20
1022 393 20
1276 393 20
1277 393 20
1279 393 20
1280 393 20
1797 393 20
1798 393 20
1800 393 20
1801 393 20
644 394 20
645 394 20
646 394 20
844 394 20
845 394 20
846 394 20
907 394 20
908 394 20
909 394 20
910 394 20
972 394 20
973 394 20
974 394 20
975 394 20
976 394 20
1015 394 20
1016 394 20
1017 394 20
1018 394 20
1019 394 20
1021 394 20
1022 394 20
1276 394 20
1277 394 20
1279 394 20
1280 394 20
1796 394 20
1797 394 20
1799 394 20
1800 394 20
644 395 20
645 395 20
646 395 20
844 395 20
845 395 20
846 395 20
907 395 20
908 395 20
909 395 20
910 395 20
972 395 20
973 395 20
974 395 20
975 395 20
976 395 20
1016 395 20
1017 395 20
1018 395 20
1021 395 20
1022 395 20
1275 395 20
1276 395 20
1277 395 20
1279 395 20
1280 395 20
1795 395 20
1796 395 20
1799 395 20
1800 395 20
644 396 20
645 396 20
646 396 20
844 396 20
845 396 20
846 396 20
907 396 20
908 396 20
909 396 20
910 396 20
972 396 20
973 396 20
975 396 20
976 396 20
1017 396 20
1018 396 20
1021 396 20
1022 396 20
1274 396 20
1275 396 20
1276 396 20
1279 396 20
1280 396 20
1281 396 20
1794 396 20
1795 396 20
1798 396 20
1799 396 20
644 397 20
645 397 20
646 397 20
844 397 20
845 397 20
846 397 20
907 397 20
908 397 20
909 397 20
910 397 20
972 397 20
973 397 20
975 397 20
976 397 20
1016 397 20
1017 397 20
1018 397 20
1019 397 20
1021 397 20
1022 397 20
1274 397 20
1275 397 20
1280 397 20
1281 397 20
1282 397 20
1793 397 20
1794 397 20
1796 397 20
1797 397 20
1798 397 20
644 398 20
645 398 20
646 398 20
844 398 20
845 398 20
846 398 20
907 398 20
908 398 20
909 398 20
910 398 20
972 398 20
973 398 20
975 398 20
976 398 20
1015 398 20
1016 398 20
1017 398 20
1018 398 20
1019 398 20
1020 398 20
1021 398 20
1022 398 20
1274 398 20
1275 398 20
1281 398 20
1282 398 20
1792 398 20
1793 398 20
1795 398 20
1796 398 20
1797 398 20
644 399 20
645 399 20
646 399 20
844 399 20
845 399 20
846 399 20
906 399 20
907 399 20
909 399 20
910 399 20
972 399 20
973 399 20
975 399 20
976 399 20
1015 399 20
1016 399 20
1017 399 20
1019 399 20
1020 399 20
1022 399 20
1023 399 20
1275 399 20
1276 399 20
1280 399 20
1281 399 20
1791 399 20
1792 399 20
1795 399 20
1796 399 20
644 400 20
645 400 20
646 400 20
844 400 20
845 400 20
846 400 20
906 400 20
907 400 20
908 400 20
909 400 20
972 400 20
973 400 20
975 400 20
976 400 20
1014 400 20
1015 400 20
1016 400 20
1017 400 20
1019 400 20
1020 400 20
1021 400 20
1022 400 20
1023 400 20
1275 400 20
1276 400 20
1279 400 20
1280 400 20
1790 400 20
1791 400 20
1794 400 20
1795 400 20
643 401 20
644 401 20
645 401 20
646 401 20
844 401 20
845 401 20
846 401 20
906 401 20
907 401 20
908 401 20
909 401 20
972 401 20
973 401 20
975 401 20
976 401 20
1013 401 20
1014 401 20
1015 401 20
1016 401 20
1018 401 20
1019 401 20
1020 401 20
1021 401 20
1022 401 20
1276 401 20
1277 401 20
1278 401 20
1280 401 20
1281 401 20
1789 401 20
1790 401 20
1793 401 20
1794 401 20
643 402 20
644 402 20
645 402 20
646 402 20
844 402 20
845 402 20
846 402 20
905 402 20
906 402 20
908 402 20
909 402 20
972 402 20
973 402 20
975 402 20
976 402 20
1013 402 20
1014 402 20
1015 402 20
1018 402 20
1019 402 20
1021 402 20
1022 402 20
1277 402 20
1278 402 20
1279 402 20
1280 402 20
1281 402 20
1788 402 20
1789 402 20
1792 402 20
1793 402 20
643 403 20
644 403 20
645 403 20
646 403 20
844 403 20
845 403 20
846 403 20
905 403 20
906 403 20
907 403 20
908 403 20
909 403 20
972 403 20
973 403 20
975 403 20
976 403 20
1013 403 20
1014 403 20
1015 403 20
1018 403 20
1019 403 20
1021 403 20
1022 403 20
1278 403 20
1279 403 20
1280 403 20
1281 403 20
1788 403 20
1789 403 20
1793 403 20
1794 403 20
643 404 20
644 404 20
645 404 20
844 404 20
845 404 20
846 404 20
904 404 20
905 404 20
906 404 20
907 404 20
908 404 20
972 404 20
973 404 20
974 404 20
975 404 20
1012 404 20
1013 404 20
1014 404 20
1015 404 20
1018 404 20
1019 404 20
1021 404 20
1022 404 20
1278 404 20
1279 404 20
1280 404 20
1281 404 20
1788 404 20
1789 404 20
1793 404 20
1794 404 20
643 405 20
644 405 20
645 405 20
844 405 20
845 405 20
846 405 20
904 405 20
905 405 20
906 405 20
907 405 20
972 405 20
973 405 20
974 405 20
975 405 20
1012 405 20
1013 405 20
1014 405 20
1018 405 20
1019 405 20
1020 405 20
1021 405 20
1278 405 20
1279 405 20
1280 405 20
1281 405 20
1787 405 20
1788 405 20
1793 405 20
1794 405 20
643 406 20
644 406 20
645 406 20
844 406 20
845 406 20
846 406 20
903 406 20
904 406 20
905 406 20
906 406 20
972 406 20
973 406 20
974 406 20
975 406 20
1011 406 20
1012 406 20
1013 406 20
1014 406 20
1017 406 20
1018 406 20
1020 406 20
1021 406 20
1278 406 20
1279 406 20
1280 406 20
1281 406 20
1787 406 20
1788 406 20
1793 406 20
1794 406 20
643 407 20
644 407 20
645 407 20
843 407 20
844 407 20
845 407 20
846 407 20
902 407 20
903 407 20
905 407 20
906 407 20
972 407 20
973 407 20
974 407 20
975 407 20
1011 407 20
1012 407 20
1013 407 20
1016 407 20
1017 407 20
1019 407 20
1020 407 20
1278 407 20
1279 407 20
1280 407 20
1281 407 20
1787 407 20
1788 407 20
1789 407 20
1794 407 20
1795 407 20
643 408 20
644 408 20
645 408 20
843 408 20
844 408 20
845 408 20
846 408 20
901 408 20
902 408 20
903 408 20
904 408 20
905 408 20
906 408 20
972 408 20
973 408 20
974 408 20
1010 408 20
1011 408 20
1012 408 20
1013 408 20
1016 408 20
1017 408 20
1019 408 20
1020 408 20
1278 408 20
1279 408 20
1281 408 20
1282 408 20
1786 408 20
1787 408 20
1788 408 20
1794 408 20
1795 408 20
643 409 20
644 409 20
645 409 20
843 409 20
844 409 20
845 409 20
846 409 20
900 409 20
901 409 20
902 409 20
903 409 20
904 409 20
905 409 20
972 409 20
973 409 20
974 409 20
1010 409 20
1011 409 20
1012 409 20
1016 409 20
1017 409 20
1019 409 20
1020 409 20
1278 409 20
1279 409 20
1281 409 20
1282 409 20
1787 409 20
1788 409 20
1789 409 20
1792 409 20
1793 409 20
1794 409 20
643 410 20
644 410 20
645 410 20
843 410 20
844 410 20
845 410 20
846 410 20
900 410 20
901 410 20
902 410 20
972 410 20
973 410 20
974 410 20
1009 410 20
1010 410 20
1011 410 20
1012 410 20
1015 410 20
1016 410 20
1019 410 20
1020 410 20
1278 410 20
1279 410 20
1281 410 20
1282 410 20
1789 410 20
1790 410 20
1791 410 20
1792 410 20
1793 410 20
643 411 20
644 411 20
645 411 20
843 411 20
844 411 20
845 411 20
846 411 20
899 411 20
900 411 20
901 411 20
902 411 20
971 411 20
972 411 20
973 411 20
974 411 20
1009 411 20
1010 411 20
1011 411 20
1015 411 20
1016 411 20
1018 411 20
1019 411 20
1278 411 20
1279 411 20
1280 411 20
1281 411 20
1282 411 20
1789 411 20
1790 411 20
1791 411 20
1792 411 20
643 412 20
644 412 20
645 412 20
843 412 20
844 412 20
845 412 20
846 412 20
898 412 20
899 412 20
900 412 20
901 412 20
971 412 20
972 412 20
973 412 20
974 412 20
1008 412 20
1009 412 20
1010 412 20
1011 412 20
1014 412 20
1015 412 20
1016 412 20
1017 412 20
1018 412 20
1019 412 20
1278 412 20
1279 412 20
1280 412 20
1281 412 20
1790 412 20
1791 412 20
1792 412 20
1793 412 20
643 413 20
644 413 20
645 413 20
843 413 20
844 413 20
845 413 20
896 413 20
897 413 20
898 413 20
899 413 20
900 413 20
971 413 20
972 413 20
973 413 20
974 413 20
1008 413 20
1009 413 20
1010 413 20
1011 413 20
1014 413 20
1015 413 20
1016 413 20
1018 413 20
1019 413 20
1020 413 20
1277 413 20
1278 413 20
1279 413 20
1280 413 20
1791 413 20
1792 413 20
1793 413 20
643 414 20
644 414 20
645 414 20
842 414 20
843 414 20
844 414 20
845 414 20
895 414 20
896 414 20
897 414 20
898 414 20
899 414 20
971 414 20
972 414 20
973 414 20
974 414 20
1007 414 20
1008 414 20
1009 414 20
1010 414 20
1014 414 20
1015 414 20
1017 414 20
1018 414 20
1019 414 20
1020 414 20
1277 414 20
1278 414 20
1279 414 20
1280 414 20
1791 414 20
1792 414 20
1793 414 20
1794 414 20
643 415 20
644 415 20
645 415 20
842 415 20
843 415 20
844 415 20
845 415 20
894 415 20
895 415 20
896 415 20
897 415 20
898 415 20
971 415 20
972 415 20
973 415 20
1007 415 20
1008 415 20
1009 415 20
1010 415 20
1014 415 20
1015 415 20
1017 415 20
1018 415 20
1019 415 20
1277 415 20
1278 415 20
1279 415 20
1280 415 20
1792 415 20
1793 415 20
1794 415 20
1795 415 20
642 416 20
643 416 20
644 416 20
645 416 20
842 416 20
843 416 20
844 416 20
893 416 20
894 416 20
895 416 20
896 416 20
970 416 20
971 416 20
972 416 20
973 416 20
1007 416 20
1008 416 20
1009 416 20
1014 416 20
1015 416 20
1017 416 20
1018 416 20
1277 416 20
1278 416 20
1279 416 20
1280 416 20
1792 416 20
1793 416 20
1794 416 20
1795 416 20
1796 416 20
642 417 20
643 417 20
644 417 20
645 417 20
842 417 20
843 417 20
844 417 20
892 417 20
893 417 20
894 417 20
895 417 20
896 417 20
970 417 20
971 417 20
972 417 20
973 417 20
1006 417 20
1007 417 20
1008 417 20
1009 417 20
1014 417 20
1015 417 20
1016 417 20
1017 417 20
1276 417 20
1277 417 20
1278 417 20
1279 417 20
1793 417 20
1794 417 20
1795 417 20
1796 417 20
1797 417 20
1798 417 20
1799 417 20
1800 417 20
642 418 20
643 418 20
644 418 20
645 418 20
841 418 20
842 418 20
843 418 20
844 418 20
891 418 20
892 418 20
893 418 20
894 418 20
895 418 20
896 418 20
970 418 20
971 418 20
972 418 20
1006 418 20
1007 418 20
1008 418 20
1009 418 20
1014 418 20
1015 418 20
1016 418 20
1017 418 20
1276 418 20
1277 418 20
1278 418 20
1279 418 20
1795 418 20
1796 418 20
1797 418 20
1798 418 20
1799 418 20
1800 418 20
1801 418 20
1802 418 20
1803 418 20
642 419 20
643 419 20
644 419 20
645 419 20
841 419 20
842 419 20
843 419 20
890 419 20
891 419 20
893 419 20
894 419 20
895 419 20
970 419 20
971 419 20
972 419 20
1005 419 20
1006 419 20
1007 419 20
1008 419 20
1009 419 20
1010 419 20
1011 419 20
1012 419 20
1013 419 20
1014 419 20
1015 419 20
1016 419 20
1276 419 20
1277 419 20
1278 419 20
1279 419 20
1796 419 20
1797 419 20
1798 419 20
1801 419 20
1802 419 20
1803 419 20
1804 419 20
642 420 20
643 420 20
644 420 20
645 420 20
840 420 20
841 420 20
842 420 20
843 420 20
890 420 20
891 420 20
893 420 20
894 420 20
969 420 20
970 420 20
971 420 20
972 420 20
1005 420 20
1006 420 20
1008 420 20
1009 420 20
1010 420 20
1011 420 20
1012 420 20
1013 420 20
1014 420 20
1015 420 20
1016 420 20
1275 420 20
1276 420 20
1277 420 20
1278 420 20
1798 420 20
1799 420 20
1800 420 20
1801 420 20
1802 420 20
1803 420 20
1804 420 20
642 421 20
643 421 20
644 421 20
645 421 20
840 421 20
841 421 20
842 421 20
889 421 20
890 421 20
893 421 20
894 421 20
969 421 20
970 421 20
971 421 20
972 421 20
1005 421 20
1006 421 20
1007 421 20
1008 421 20
1009 421 20
1010 421 20
1011 421 20
1012 421 20
1013 421 20
1014 421 20
1015 421 20
1275 421 20
1276 421 20
1277 421 20
1278 421 20
1798 421 20
1799 421 20
1801 421 20
1802 421 20
1803 421 20
642 422 20
643 422 20
644 422 20
645 422 20
839 422 20
840 422 20
841 422 20
842 422 20
889 422 20
890 422 20
892 422 20
893 422 20
968 422 20
969 422 20
970 422 20
971 422 20
972 422 20
1004 422 20
1005 422 20
1006 422 20
1007 422 20
1275 422 20
1276 422 20
1277 422 20
1278 422 20
1798 422 20
1799 422 20
1800 422 20
1801 422 20
1802 422 20
642 423 20
643 423 20
644 423 20
839 423 20
840 423 20
841 423 20
842 423 20
888 423 20
889 423 20
892 423 20
893 423 20
968 423 20
969 423 20
970 423 20
971 423 20
1004 423 20
1005 423 20
1006 423 20
1007 423 20
1275 423 20
1276 423 20
1277 423 20
1278 423 20
1798 423 20
1799 423 20
1800 423 20
1801 423 20
642 424 20
643 424 20
644 424 20
839 424 20
840 424 20
841 424 20
842 424 20
888 424 20
889 424 20
892 424 20
893 424 20
968 424 20
969 424 20
970 424 20
971 424 20
1003 424 20
1004 424 20
1006 424 20
1007 424 20
1274 424 20
1275 424 20
1276 424 20
1277 424 20
1798 424 20
1799 424 20
1800 424 20
1801 424 20
642 425 20
643 425 20
644 425 20
838 425 20
839 425 20
840 425 20
841 425 20
888 425 20
889 425 20
891 425 20
892 425 20
967 425 20
968 425 20
969 425 20
970 425 20
1003 425 20
1004 425 20
1006 425 20
1007 425 20
1274 425 20
1275 425 20
1276 425 20
1277 425 20
1798 425 20
1799 425 20
1800 425 20
1801 425 20
642 426 20
643 426 20
644 426 20
838 426 20
839 426 20
840 426 20
841 426 20
887 426 20
888 426 20
891 426 20
892 426 20
967 426 20
968 426 20
969 426 20
970 426 20
1003 426 20
1004 426 20
1005 426 20
1006 426 20
1274 426 20
1275 426 20
1276 426 20
1277 426 20
1798 426 20
1799 426 20
1800 426 20
1801 426 20
642 427 20
643 427 20
644 427 20
838 427 20
839 427 20
840 427 20
841 427 20
887 427 20
888 427 20
891 427 20
892 427 20
967 427 20
968 427 20
969 427 20
970 427 20
1003 427 20
1004 427 20
1005 427 20
1006 427 20
1273 427 20
1274 427 20
1275 427 20
1276 427 20
1277 427 20
1798 427 20
1799 427 20
1800 427 20
1801 427 20
642 428 20
643 428 20
644 428 20
837 428 20
838 428 20
839 428 20
840 428 20
841 428 20
886 428 20
887 428 20
889 428 20
890 428 20
891 428 20
966 428 20
967 428 20
968 428 20
969 428 20
1003 428 20
1004 428 20
1005 428 20
1006 428 20
1273 428 20
1274 428 20
1275 428 20
1276 428 20
1798 428 20
1799 428 20
1800 428 20
1801 428 20
642 429 20
643 429 20
644 429 20
837 429 20
838 429 20
839 429 20
840 429 20
886 429 20
887 429 20
888 429 20
889 429 20
890 429 20
891 429 20
966 429 20
967 429 20
968 429 20
969 429 20
1002 429 20
1003 429 20
1005 429 20
1006 429 20
1274 429 20
1275 429 20
1276 429 20
1798 429 20
1799 429 20
1800 429 20
642 430 20
643 430 20
644 430 20
837 430 20
838 430 20
839 430 20
840 430 20
886 430 20
887 430 20
889 430 20
890 430 20
891 430 20
965 430 20
966 430 20
967 430 20
968 430 20
1002 430 20
1003 430 20
1004 430 20
1005 430 20
1273 430 20
1274 430 20
1275 430 20
1276 430 20
1798 430 20
1799 430 20
1800 430 20
642 431 20
643 431 20
644 431 20
837 431 20
838 431 20
839 431 20
885 431 20
886 431 20
889 431 20
890 431 20
965 431 20
966 431 20
967 431 20
968 431 20
1002 431 20
1003 431 20
1004 431 20
1005 431 20
1272 431 20
1273 431 20
1275 431 20
1276 431 20
1798 431 20
1799 431 20
1800 431 20
642 432 20
643 432 20
644 432 20
837 432 20
838 432 20
839 432 20
885 432 20
886 432 20
888 432 20
889 432 20
964 432 20
965 432 20
966 432 20
967 432 20
1002 432 20
1003 432 20
1004 432 20
1005 432 20
1272 432 20
1273 432 20
1274 432 20
1275 432 20
1798 432 20
1799 432 20
1800 432 20
642 433 20
643 433 20
644 433 20
837 433 20
838 433 20
839 433 20
884 433 20
885 433 20
888 433 20
889 433 20
964 433 20
965 433 20
966 433 20
1002 433 20
1003 433 20
1004 433 20
1005 433 20
1271 433 20
1272 433 20
1273 433 20
1274 433 20
1275 433 20
1798 433 20
1799 433 20
1800 433 20
642 434 20
643 434 20
644 434 20
837 434 20
838 434 20
839 434 20
884 434 20
885 434 20
888 434 20
889 434 20
963 434 20
964 434 20
965 434 20
966 434 20
1001 434 20
1002 434 20
1004 434 20
1005 434 20
1271 434 20
1272 434 20
1273 434 20
1274 434 20
1798 434 20
1799 434 20
1800 434 20
642 435 20
643 435 20
644 435 20
837 435 20
838 435 20
839 435 20
884 435 20
885 435 20
887 435 20
888 435 20
963 435 20
964 435 20
965 435 20
1001 435 20
1002 435 20
1004 435 20
1005 435 20
1270 435 20
1271 435 20
1272 435 20
1273 435 20
1798 435 20
1799 435 20
1800 435 20
641 436 20
642 436 20
643 436 20
644 436 20
836 436 20
837 436 20
838 436 20
839 436 20
884 436 20
885 436 20
886 436 20
887 436 20
962 436 20
963 436 20
964 436 20
965 436 20
1001 436 20
1002 436 20
1004 436 20
1005 436 20
1270 436 20
1271 436 20
1272 436 20
1797 436 20
1798 436 20
1799 436 20
1800 436 20
641 437 20
642 437 20
643 437 20
836 437 20
837 437 20
838 437 20
883 437 20
884 437 20
886 437 20
887 437 20
962 437 20
963 437 20
964 437 20
1001 437 20
1002 437 20
1004 437 20
1005 437 20
1270 437 20
1271 437 20
1272 437 20
1797 437 20
1798 437 20
1799 437 20
1800 437 20
641 438 20
642 438 20
643 438 20
836 438 20
837 438 20
838 438 20
883 438 20
884 438 20
885 438 20
886 438 20
887 438 20
961 438 20
962 438 20
963 438 20
964 438 20
1001 438 20
1002 438 20
1003 438 20
1004 438 20
1269 438 20
1270 438 20
1271 438 20
1797 438 20
1798 438 20
1799 438 20
641 439 20
642 439 20
643 439 20
836 439 20
837 439 20
838 439 20
883 439 20
884 439 20
885 439 20
886 439 20
961 439 20
962 439 20
963 439 20
1001 439 20
1002 439 20
1003 439 20
1004 439 20
1269 439 20
1270 439 20
1271 439 20
1797 439 20
1798 439 20
1799 439 20
641 440 20
642 440 20
643 440 20
835 440 20
836 440 20
837 440 20
838 440 20
883 440 20
884 440 20
885 440 20
960 440 20
961 440 20
962 440 20
963 440 20
1001 440 20
1002 440 20
1003 440 20
1004 440 20
1268 440 20
1269 440 20
1270 440 20
1797 440 20
1798 440 20
1799 440 20
641 441 20
642 441 20
643 441 20
835 441 20
836 441 20
837 441 20
882 441 20
883 441 20
884 441 20
885 441 20
960 441 20
961 441 20
962 441 20
1001 441 20
1002 441 20
1003 441 20
1004 441 20
1268 441 20
1269 441 20
1270 441 20
1797 441 20
1798 441 20
1799 441 20
641 442 20
642 442 20
643 442 20
835 442 20
836 442 20
837 442 20
882 442 20
883 442 20
884 442 20
885 442 20
959 442 20
960 442 20
961 442 20
962 442 20
1001 442 20
1002 442 20
1003 442 20
1267 442 20
1268 442 20
1269 442 20
1797 442 20
1798 442 20
1799 442 20
641 443 20
642 443 20
643 443 20
834 443 20
835 443 20
836 443 20
837 443 20
882 443 20
883 443 20
884 443 20
959 443 20
960 443 20
961 443 20
962 443 20
1001 443 20
1002 443 20
1003 443 20
1267 443 20
1268 443 20
1269 443 20
1797 443 20
1798 443 20
1799 443 20
640 444 20
641 444 20
642 444 20
834 444 20
835 444 20
836 444 20
837 444 20
882 444 20
883 444 20
884 444 20
958 444 20
959 444 20
960 444 20
961 444 20
1000 444 20
1001 444 20
1002 444 20
1003 444 20
1266 444 20
1267 444 20
1268 444 20
1797 444 20
1798 444 20
1799 444 20
640 445 20
641 445 20
642 445 20
833 445 20
834 445 20
835 445 20
836 445 20
882 445 20
883 445 20
884 445 20
958 445 20
959 445 20
960 445 20
961 445 20
1000 445 20
1001 445 20
1002 445 20
1003 445 20
1266 445 20
1267 445 20
1268 445 20
1797 445 20
1798 445 20
1799 445 20
640 446 20
641 446 20
642 446 20
833 446 20
834 446 20
835 446 20
836 446 20
882 446 20
883 446 20
884 446 20
958 446 20
959 446 20
960 446 20
1000 446 20
1001 446 20
1002 446 20
1265 446 20
1266 446 20
1267 446 20
1797 446 20
1798 446 20
1799 446 20
640 447 20
641 447 20
642 447 20
833 447 20
834 447 20
835 447 20
882 447 20
883 447 20
884 447 20
958 447 20
959 447 20
960 447 20
1000 447 20
1001 447 20
1002 447 20
1265 447 20
1266 447 20
1267 447 20
1797 447 20
1798 447 20
1799 447 20
640 448 20
641 448 20
642 448 20
832 448 20
833 448 20
834 448 20
835 448 20
881 448 20
882 448 20
883 448 20
884 448 20
957 448 20
958 448 20
959 448 20
960 448 20
1000 448 20
1001 448 20
1002 448 20
1264 448 20
1265 448 20
1266 448 20
1797 448 20
1798 448 20
1799 448 20
640 449 20
641 449 20
642 449 20
832 449 20
833 449 20
834 449 20
881 449 20
882 449 20
883 449 20
884 449 20
957 449 20
958 449 20
959 449 20
999 449 20
1000 449 20
1001 449 20
1002 449 20
1264 449 20
1265 449 20
1266 449 20
1797 449 20
1798 449 20
1799 449 20
640 450 20
641 450 20
642 450 20
831 450 20
832 450 20
833 450 20
834 450 20
881 450 20
882 450 20
883 450 20
884 450 20
956 450 20
957 450 20
958 450 20
959 450 20
999 450 20
1000 450 20
1001 450 20
1002 450 20
1263 450 20
1264 450 20
1265 450 20
1797 450 20
1798 450 20
1799 450 20
639 451 20
640 451 20
641 451 20
831 451 20
832 451 20
833 451 20
881 451 20
882 451 20
883 451 20
884 451 20
956 451 20
957 451 20
958 451 20
959 451 20
999 451 20
1000 451 20
1001 451 20
1002 451 20
1263 451 20
1264 451 20
1265 451 20
1797 451 20
1798 451 20
1799 451 20
639 452 20
640 452 20
641 452 20
830 452 20
831 452 20
832 452 20
833 452 20
881 452 20
882 452 20
883 452 20
955 452 20
956 452 20
957 452 20
958 452 20
999 452 20
1000 452 20
1001 452 20
1262 452 20
1263 452 20
1264 452 20
1797 452 20
1798 452 20
1799 452 20
639 453 20
640 453 20
641 453 20
830 453 20
831 453 20
832 453 20
881 453 20
882 453 20
883 453 20
955 453 20
956 453 20
957 453 20
958 453 20
999 453 20
1000 453 20
1001 453 20
1262 453 20
1263 453 20
1264 453 20
1797 453 20
1798 453 20
1799 453 20
639 454 20
640 454 20
641 454 20
829 454 20
830 454 20
831 454 20
832 454 20
881 454 20
882 454 20
883 454 20
954 454 20
955 454 20
956 454 20
957 454 20
998 454 20
999 454 20
1000 454 20
1001 454 20
1261 454 20
1262 454 20
1263 454 20
1797 454 20
1798 454 20
1799 454 20
639 455 20
640 455 20
641 455 20
828 455 20
829 455 20
830 455 20
831 455 20
880 455 20
881 455 20
882 455 20
883 455 20
954 455 20
955 455 20
956 455 20
957 455 20
998 455 20
999 455 20
1000 455 20
1001 455 20
1261 455 20
1262 455 20
1263 455 20
1797 455 20
1798 455 20
1799 455 20
639 456 20
640 456 20
641 456 20
828 456 20
829 456 20
830 456 20
880 456 20
881 456 20
882 456 20
953 456 20
954 456 20
955 456 20
956 456 20
998 456 20
999 456 20
1000 456 20
1001 456 20
1260 456 20
1261 456 20
1262 456 20
1797 456 20
1798 456 20
1799 456 20
639 457 20
640 457 20
641 457 20
828 457 20
829 457 20
830 457 20
880 457 20
881 457 20
882 457 20
953 457 20
954 457 20
955 457 20
956 457 20
998 457 20
999 457 20
1000 457 20
1001 457 20
1260 457 20
1261 457 20
1262 457 20
1797 457 20
1798 457 20
1799 457 20
638 458 20
639 458 20
640 458 20
641 458 20
827 458 20
828 458 20
829 458 20
830 458 20
880 458 20
881 458 20
882 458 20
952 458 20
953 458 20
954 458 20
955 458 20
956 458 20
997 458 20
998 458 20
999 458 20
1000 458 20
1001 458 20
1259 458 20
1260 458 20
1261 458 20
1797 458 20
1798 458 20
1799 458 20
638 459 20
639 459 20
640 459 20
826 459 20
827 459 20
828 459 20
829 459 20
879 459 20
880 459 20
881 459 20
882 459 20
952 459 20
953 459 20
954 459 20
955 459 20
997 459 20
998 459 20
999 459 20
1000 459 20
1259 459 20
1260 459 20
1261 459 20
1797 459 20
1798 459 20
1799 459 20
638 460 20
639 460 20
640 460 20
826 460 20
827 460 20
828 460 20
879 460 20
880 460 20
881 460 20
951 460 20
952 460 20
953 460 20
954 460 20
955 460 20
997 460 20
998 460 20
999 460 20
1000 460 20
1258 460 20
1259 460 20
1260 460 20
1261 460 20
1797 460 20
1798 460 20
1799 460 20
638 461 20
639 461 20
640 461 20
825 461 20
826 461 20
827 461 20
828 461 20
879 461 20
880 461 20
881 461 20
952 461 20
953 461 20
954 461 20
997 461 20
998 461 20
999 461 20
1000 461 20
1258 461 20
1259 461 20
1260 461 20
1797 461 20
1798 461 20
1799 461 20
638 462 20
639 462 20
640 462 20
824 462 20
825 462 20
826 462 20
827 462 20
878 462 20
879 462 20
880 462 20
881 462 20
950 462 20
951 462 20
952 462 20
953 462 20
954 462 20
997 462 20
998 462 20
999 462 20
1000 462 20
1257 462 20
1258 462 20
1259 462 20
1260 462 20
1797 462 20
1798 462 20
1799 462 20
638 463 20
639 463 20
640 463 20
824 463 20
825 463 20
826 463 20
827 463 20
878 463 20
879 463 20
880 463 20
949 463 20
950 463 20
951 463 20
952 463 20
953 463 20
997 463 20
998 463 20
999 463 20
1000 463 20
1258 463 20
1259 463 20
1260 463 20
1797 463 20
1798 463 20
1799 463 20
638 464 20
639 464 20
640 464 20
823 464 20
824 464 20
825 464 20
826 464 20
877 464 20
878 464 20
879 464 20
880 464 20
949 464 20
950 464 20
952 464 20
953 464 20
997 464 20
998 464 20
999 464 20
1000 464 20
1258 464 20
1259 464 20
1260 464 20
1797 464 20
1798 464 20
1799 464 20
637 465 20
638 465 20
639 465 20
640 465 20
823 465 20
824 465 20
825 465 20
877 465 20
878 465 20
879 465 20
880 465 20
949 465 20
950 465 20
951 465 20
952 465 20
997 465 20
998 465 20
999 465 20
1000 465 20
1258 465 20
1259 465 20
1260 465 20
1797 465 20
1798 465 20
1799 465 20
637 466 20
638 466 20
639 466 20
822 466 20
823 466 20
824 466 20
825 466 20
876 466 20
877 466 20
878 466 20
879 466 20
880 466 20
948 466 20
949 466 20
951 466 20
952 466 20
997 466 20
998 466 20
999 466 20
1258 466 20
1259 466 20
1797 466 20
1798 466 20
1799 466 20
637 467 20
638 467 20
639 467 20
822 467 20
823 467 20
824 467 20
875 467 20
876 467 20
877 467 20
878 467 20
879 467 20
947 467 20
948 467 20
950 467 20
951 467 20
997 467 20
998 467 20
999 467 20
1257 467 20
1258 467 20
1259 467 20
1797 467 20
1798 467 20
1799 467 20
637 468 20
638 468 20
639 468 20
821 468 20
822 468 20
823 468 20
824 468 20
874 468 20
875 468 20
876 468 20
877 468 20
878 468 20
947 468 20
948 468 20
950 468 20
951 468 20
997 468 20
998 468 20
999 468 20
1257 468 20
1258 468 20
1259 468 20
1796 468 20
1797 468 20
1798 468 20
1799 468 20
637 469 20
638 469 20
639 469 20
820 469 20
821 469 20
822 469 20
823 469 20
873 469 20
874 469 20
875 469 20
876 469 20
877 469 20
946 469 20
947 469 20
949 469 20
950 469 20
997 469 20
998 469 20
999 469 20
1257 469 20
1258 469 20
1259 469 20
1796 469 20
1797 469 20
1798 469 20
1799 469 20
637 470 20
638 470 20
639 470 20
820 470 20
821 470 20
822 470 20
823 470 20
872 470 20
873 470 20
874 470 20
875 470 20
946 470 20
947 470 20
948 470 20
949 470 20
996 470 20
997 470 20
998 470 20
999 470 20
1257 470 20
1258 470 20
1259 470 20
1796 470 20
1797 470 20
1798 470 20
1799 470 20
637 471 20
638 471 20
639 471 20
819 471 20
820 471 20
821 471 20
822 471 20
871 471 20
872 471 20
873 471 20
874 471 20
945 471 20
946 471 20
948 471 20
949 471 20
996 471 20
997 471 20
998 471 20
999 471 20
1257 471 20
1258 471 20
1259 471 20
1796 471 20
1797 471 20
1798 471 20
1799 471 20
636 472 20
637 472 20
638 472 20
639 472 20
819 472 20
820 472 20
821 472 20
870 472 20
871 472 20
873 472 20
874 472 20
945 472 20
946 472 20
947 472 20
948 472 20
996 472 20
997 472 20
998 472 20
999 472 20
1257 472 20
1258 472 20
1259 472 20
1796 472 20
1797 472 20
1798 472 20
1799 472 20
636 473 20
637 473 20
638 473 20
639 473 20
818 473 20
819 473 20
820 473 20
821 473 20
869 473 20
870 473 20
872 473 20
873 473 20
944 473 20
945 473 20
947 473 20
948 473 20
996 473 20
997 473 20
998 473 20
999 473 20
1257 473 20
1258 473 20
1259 473 20
1796 473 20
1797 473 20
1798 473 20
1799 473 20
636 474 20
637 474 20
638 474 20
818 474 20
819 474 20
820 474 20
868 474 20
869 474 20
871 474 20
872 474 20
943 474 20
944 474 20
946 474 20
947 474 20
995 474 20
996 474 20
997 474 20
998 474 20
1257 474 20
1258 474 20
1259 474 20
1796 474 20
1797 474 20
1798 474 20
1799 474 20
636 475 20
637 475 20
638 475 20
817 475 20
818 475 20
819 475 20
820 475 20
867 475 20
868 475 20
870 475 20
871 475 20
940 475 20
941 475 20
942 475 20
943 475 20
944 475 20
946 475 20
947 475 20
995 475 20
996 475 20
997 475 20
998 475 20
1256 475 20
1257 475 20
1258 475 20
1259 475 20
1796 475 20
1797 475 20
1798 475 20
636 476 20
637 476 20
638 476 20
817 476 20
818 476 20
819 476 20
866 476 20
867 476 20
868 476 20
869 476 20
870 476 20
939 476 20
940 476 20
941 476 20
942 476 20
943 476 20
944 476 20
945 476 20
946 476 20
995 476 20
996 476 20
997 476 20
998 476 20
1256 476 20
1257 476 20
1258 476 20
1259 476 20
1795 476 20
1796 476 20
1797 476 20
1798 476 20
636 477 20
637 477 20
638 477 20
816 477 20
817 477 20
818 477 20
819 477 20
865 477 20
866 477 20
867 477 20
868 477 20
869 477 20
938 477 20
939 477 20
942 477 20
943 477 20
944 477 20
945 477 20
995 477 20
996 477 20
997 477 20
998 477 20
1256 477 20
1257 477 20
1258 477 20
1259 477 20
1795 477 20
1796 477 20
1797 477 20
1798 477 20
636 478 20
637 478 20
638 478 20
816 478 20
817 478 20
818 478 20
864 478 20
865 478 20
866 478 20
867 478 20
937 478 20
938 478 20
941 478 20
942 478 20
995 478 20
996 478 20
997 478 20
998 478 20
1256 478 20
1257 478 20
1258 478 20
1795 478 20
1796 478 20
1797 478 20
1798 478 20
635 479 20
636 479 20
637 479 20
638 479 20
815 479 20
816 479 20
817 479 20
818 479 20
864 479 20
865 479 20
866 479 20
937 479 20
938 479 20
940 479 20
941 479 20
995 479 20
996 479 20
997 479 20
998 479 20
1256 479 20
1257 479 20
1258 479 20
1795 479 20
1796 479 20
1797 479 20
1798 479 20
635 480 20
636 480 20
637 480 20
638 480 20
815 480 20
816 480 20
817 480 20
864 480 20
865 480 20
866 480 20
936 480 20
937 480 20
939 480 20
940 480 20
995 480 20
996 480 20
997 480 20
998 480 20
1256 480 20
1257 480 20
1258 480 20
1795 480 20
1796 480 20
1797 480 20
1798 480 20
635 481 20
636 481 20
637 481 20
638 481 20
814 481 20
815 481 20
816 481 20
817 481 20
863 481 20
864 481 20
865 481 20
866 481 20
935 481 20
936 481 20
938 481 20
939 481 20
995 481 20
996 481 20
997 481 20
998 481 20
1256 481 20
1257 481 20
1258 481 20
1795 481 20
1796 481 20
1797 481 20
1798 481 20
635 482 20
636 482 20
637 482 20
638 482 20
814 482 20
815 482 20
816 482 20
817 482 20
863 482 20
864 482 20
865 482 20
935 482 20
936 482 20
938 482 20
939 482 20
995 482 20
996 482 20
997 482 20
998 482 20
1256 482 20
1257 482 20
1258 482 20
1795 482 20
1796 482 20
1797 482 20
1798 482 20
635 483 20
636 483 20
637 483 20
813 483 20
814 483 20
815 483 20
816 483 20
862 483 20
863 483 20
864 483 20
865 483 20
934 483 20
935 483 20
937 483 20
938 483 20
995 483 20
996 483 20
997 483 20
1256 483 20
1257 483 20
1258 483 20
1795 483 20
1796 483 20
1797 483 20
1798 483 20
635 484 20
636 484 20
637 484 20
813 484 20
814 484 20
815 484 20
816 484 20
862 484 20
863 484 20
864 484 20
934 484 20
935 484 20
937 484 20
938 484 20
995 484 20
996 484 20
997 484 20
1256 484 20
1257 484 20
1258 484 20
1795 484 20
1796 484 20
1797 484 20
1798 484 20
635 485 20
636 485 20
637 485 20
813 485 20
814 485 20
815 485 20
862 485 20
863 485 20
864 485 20
933 485 20
934 485 20
936 485 20
937 485 20
995 485 20
996 485 20
997 485 20
1255 485 20
1256 485 20
1257 485 20
1258 485 20
1795 485 20
1796 485 20
1797 485 20
1798 485 20
635 486 20
636 486 20
637 486 20
812 486 20
813 486 20
814 486 20
815 486 20
861 486 20
862 486 20
863 486 20
864 486 20
933 486 20
934 486 20
936 486 20
937 486 20
995 486 20
996 486 20
997 486 20
1255 486 20
1256 486 20
1257 486 20
1258 486 20
1795 486 20
1796 486 20
1797 486 20
1798 486 20
634 487 20
635 487 20
636 487 20
637 487 20
812 487 20
813 487 20
814 487 20
815 487 20
861 487 20
862 487 20
863 487 20
933 487 20
934 487 20
936 487 20
937 487 20
995 487 20
996 487 20
997 487 20
1255 487 20
1256 487 20
1257 487 20
1258 487 20
1795 487 20
1796 487 20
1797 487 20
1798 487 20
634 488 20
635 488 20
636 488 20
637 488 20
812 488 20
813 488 20
814 488 20
860 488 20
861 488 20
862 488 20
863 488 20
932 488 20
933 488 20
935 488 20
936 488 20
995 488 20
996 488 20
997 488 20
1255 488 20
1256 488 20
1257 488 20
1258 488 20
1795 488 20
1796 488 20
1797 488 20
1798 488 20
634 489 20
635 489 20
636 489 20
637 489 20
811 489 20
812 489 20
813 489 20
814 489 20
860 489 20
861 489 20
862 489 20
932 489 20
933 489 20
934 489 20
935 489 20
995 489 20
996 489 20
997 489 20
1255 489 20
1256 489 20
1257 489 20
1795 489 20
1796 489 20
1797 489 20
1798 489 20
634 490 20
635 490 20
636 490 20
637 490 20
811 490 20
812 490 20
813 490 20
860 490 20
861 490 20
862 490 20
932 490 20
933 490 20
934 490 20
935 490 20
995 490 20
996 490 20
997 490 20
1255 490 20
1256 490 20
1257 490 20
1795 490 20
1796 490 20
1797 490 20
1798 490 20
634 491 20
635 491 20
636 491 20
637 491 20
810 491 20
811 491 20
812 491 20
813 491 20
858 491 20
859 491 20
860 491 20
861 491 20
862 491 20
931 491 20
932 491 20
933 491 20
934 491 20
995 491 20
996 491 20
997 491 20
1255 491 20
1256 491 20
1257 491 20
1795 491 20
1796 491 20
1797 491 20
1798 491 20
634 492 20
635 492 20
636 492 20
809 492 20
810 492 20
811 492 20
812 492 20
857 492 20
858 492 20
859 492 20
860 492 20
861 492 20
931 492 20
932 492 20
933 492 20
934 492 20
995 492 20
996 492 20
997 492 20
1254 492 20
1255 492 20
1256 492 20
1257 492 20
1795 492 20
1796 492 20
1797 492 20
1798 492 20
634 493 20
635 493 20
636 493 20
808 493 20
809 493 20
810 493 20
811 493 20
857 493 20
858 493 20
859 493 20
860 493 20
931 493 20
932 493 20
933 493 20
995 493 20
996 493 20
997 493 20
1254 493 20
1255 493 20
1256 493 20
1257 493 20
1795 493 20
1796 493 20
1797 493 20
1798 493 20
633 494 20
634 494 20
635 494 20
636 494 20
806 494 20
807 494 20
808 494 20
809 494 20
810 494 20
854 494 20
856 494 20
857 494 20
858 494 20
859 494 20
930 494 20
931 494 20
932 494 20
933 494 20
995 494 20
996 494 20
997 494 20
1254 494 20
1255 494 20
1256 494 20
1257 494 20
1795 494 20
1796 494 20
1797 494 20
1798 494 20
633 495 20
634 495 20
635 495 20
636 495 20
805 495 20
806 495 20
807 495 20
808 495 20
809 495 20
853 495 20
854 495 20
855 495 20
856 495 20
857 495 20
858 495 20
859 495 20
929 495 20
930 495 20
931 495 20
932 495 20
933 495 20
995 495 20
996 495 20
997 495 20
1254 495 20
1255 495 20
1256 495 20
1257 495 20
1795 495 20
1796 495 20
1797 495 20
1798 495 20
633 496 20
634 496 20
635 496 20
636 496 20
804 496 20
805 496 20
806 496 20
807 496 20
808 496 20
852 496 20
853 496 20
855 496 20
856 496 20
857 496 20
858 496 20
929 496 20
930 496 20
931 496 20
932 496 20
995 496 20
996 496 20
997 496 20
1254 496 20
1255 496 20
1256 496 20
1257 496 20
1795 496 20
1796 496 20
1797 496 20
1798 496 20
633 497 20
634 497 20
635 497 20
636 497 20
803 497 20
804 497 20
805 497 20
806 497 20
807 497 20
851 497 20
852 497 20
857 497 20
858 497 20
929 497 20
930 497 20
931 497 20
995 497 20
996 497 20
997 497 20
1254 497 20
1255 497 20
1256 497 20
1257 497 20
1795 497 20
1796 497 20
1797 497 20
1798 497 20
633 498 20
634 498 20
635 498 20
636 498 20
803 498 20
804 498 20
805 498 20
806 498 20
851 498 20
852 498 20
856 498 20
857 498 20
928 498 20
929 498 20
930 498 20
931 498 20
995 498 20
996 498 20
997 498 20
1254 498 20
1255 498 20
1256 498 20
1257 498 20
1795 498 20
1796 498 20
1797 498 20
1798 498 20
633 499 20
634 499 20
635 499 20
636 499 20
803 499 20
804 499 20
805 499 20
850 499 20
851 499 20
855 499 20
856 499 20
928 499 20
929 499 20
930 499 20
931 499 20
995 499 20
996 499 20
997 499 20
1254 499 20
1255 499 20
1256 499 20
1257 499 20
1795 499 20
1796 499 20
1797 499 20
1798 499 20
633 500 20
634 500 20
635 500 20
802 500 20
803 500 20
804 500 20
805 500 20
850 500 20
851 500 20
855 500 20
856 500 20
927 500 20
928 500 20
929 500 20
930 500 20
995 500 20
996 500 20
997 500 20
1254 500 20
1255 500 20
1256 500 20
1257 500 20
1796 500 20
1797 500 20
1798 500 20
633 501 20
634 501 20
635 501 20
802 501 20
803 501 20
804 501 20
850 501 20
851 501 20
855 501 20
856 501 20
927 501 20
928 501 20
929 501 20
930 501 20
995 501 20
996 501 20
997 501 20
1254 501 20
1255 501 20
1256 501 20
1257 501 20
1796 501 20
1797 501 20
1798 501 20
633 502 20
634 502 20
635 502 20
802 502 20
803 502 20
804 502 20
850 502 20
851 502 20
855 502 20
856 502 20
927 502 20
928 502 20
929 502 20
995 502 20
996 502 20
997 502 20
1254 502 20
1255 502 20
1256 502 20
1257 502 20
1796 502 20
1797 502 20
1798 502 20
633 503 20
634 503 20
635 503 20
801 503 20
802 503 20
803 503 20
804 503 20
850 503 20
851 503 20
855 503 20
856 503 20
926 503 20
927 503 20
928 503 20
929 503 20
995 503 20
996 503 20
997 503 20
1254 503 20
1255 503 20
1256 503 20
1796 503 20
1797 503 20
1798 503 20
632 504 20
633 504 20
634 504 20
635 504 20
801 504 20
802 504 20
803 504 20
851 504 20
852 504 20
855 504 20
856 504 20
926 504 20
927 504 20
928 504 20
929 504 20
995 504 20
996 504 20
997 504 20
1253 504 20
1254 504 20
1255 504 20
1256 504 20
1796 504 20
1797 504 20
1798 504 20
632 505 20
633 505 20
634 505 20
801 505 20
802 505 20
803 505 20
851 505 20
852 505 20
855 505 20
856 505 20
926 505 20
927 505 20
928 505 20
929 505 20
995 505 20
996 505 20
997 505 20
1253 505 20
1254 505 20
1255 505 20
1256 505 20
1796 505 20
1797 505 20
1798 505 20
632 506 20
633 506 20
634 506 20
800 506 20
801 506 20
802 506 20
803 506 20
852 506 20
853 506 20
855 506 20
856 506 20
925 506 20
926 506 20
927 506 20
928 506 20
995 506 20
996 506 20
997 506 20
1253 506 20
1254 506 20
1255 506 20
1256 506 20
1796 506 20
1797 506 20
1798 506 20
632 507 20
633 507 20
634 507 20
800 507 20
801 507 20
802 507 20
852 507 20
853 507 20
855 507 20
856 507 20
925 507 20
926 507 20
927 507 20
928 507 20
995 507 20
996 507 20
997 507 20
1253 507 20
1254 507 20
1255 507 20
1256 507 20
1796 507 20
1797 507 20
1798 507 20
632 508 20
633 508 20
634 508 20
799 508 20
800 508 20
801 508 20
802 508 20
852 508 20
853 508 20
855 508 20
856 508 20
925 508 20
926 508 20
927 508 20
928 508 20
995 508 20
996 508 20
997 508 20
1253 508 20
1254 508 20
1255 508 20
1256 508 20
1796 508 20
1797 508 20
1798 508 20
632 509 20
633 509 20
634 509 20
798 509 20
799 509 20
800 509 20
801 509 20
852 509 20
853 509 20
855 509 20
856 509 20
925 509 20
926 509 20
927 509 20
995 509 20
996 509 20
997 509 20
1253 509 20
1254 509 20
1255 509 20
1256 509 20
1796 509 20
1797 509 20
1798 509 20
632 510 20
633 510 20
634 510 20
797 510 20
798 510 20
799 510 20
800 510 20
852 510 20
853 510 20
855 510 20
856 510 20
924 510 20
925 510 20
926 510 20
927 510 20
995 510 20
996 510 20
997 510 20
1252 510 20
1253 510 20
1255 510 20
1256 510 20
1796 510 20
1797 510 20
1798 510 20
632 511 20
633 511 20
634 511 20
635 511 20
796 511 20
797 511 20
798 511 20
799 511 20
852 511 20
853 511 20
855 511 20
856 511 20
924 511 20
925 511 20
926 511 20
927 511 20
995 511 20
996 511 20
997 511 20
1252 511 20
1253 511 20
1254 511 20
1255 511 20
1795 511 20
1796 511 20
1798 511 20
1799 511 20
632 512 20
633 512 20
634 512 20
635 512 20
795 512 20
796 512 20
797 512 20
798 512 20
852 512 20
853 512 20
855 512 20
856 512 20
924 512 20
925 512 20
926 512 20
927 512 20
995 512 20
996 512 20
997 512 20
1252 512 20
1253 512 20
1254 512 20
1255 512 20
1795 512 20
1796 512 20
1798 512 20
1799 512 20
633 513 20
634 513 20
635 513 20
794 513 20
795 513 20
796 513 20
797 513 20
852 513 20
853 513 20
855 513 20
856 513 20
924 513 20
925 513 20
926 513 20
995 513 20
996 513 20
997 513 20
1252 513 20
1253 513 20
1254 513 20
1255 513 20
1795 513 20
1796 513 20
1798 513 20
1799 513 20
633 514 20
634 514 20
635 514 20
792 514 20
793 514 20
794 514 20
795 514 20
796 514 20
852 514 20
853 514 20
855 514 20
856 514 20
924 514 20
925 514 20
926 514 20
995 514 20
996 514 20
997 514 20
1252 514 20
1253 514 20
1254 514 20
1255 514 20
1795 514 20
1796 514 20
1798 514 20
1799 514 20
633 515 20
634 515 20
635 515 20
791 515 20
792 515 20
793 515 20
794 515 20
795 515 20
852 515 20
853 515 20
855 515 20
856 515 20
923 515 20
924 515 20
925 515 20
926 515 20
995 515 20
996 515 20
997 515 20
998 515 20
1252 515 20
1253 515 20
1254 515 20
1795 515 20
1796 515 20
1798 515 20
1799 515 20
633 516 20
634 516 20
635 516 20
788 516 20
789 516 20
790 516 20
791 516 20
792 516 20
793 516 20
794 516 20
852 516 20
853 516 20
855 516 20
856 516 20
923 516 20
924 516 20
925 516 20
926 516 20
995 516 20
996 516 20
997 516 20
998 516 20
1251 516 20
1252 516 20
1253 516 20
1254 516 20
1795 516 20
1796 516 20
1798 516 20
1799 516 20
633 517 20
634 517 20
635 517 20
786 517 20
787 517 20
788 517 20
789 517 20
790 517 20
791 517 20
792 517 20
793 517 20
852 517 20
853 517 20
855 517 20
856 517 20
923 517 20
924 517 20
925 517 20
926 517 20
995 517 20
996 517 20
997 517 20
998 517 20
1251 517 20
1252 517 20
1253 517 20
1254 517 20
1795 517 20
1796 517 20
1798 517 20
1799 517 20
633 518 20
634 518 20
635 518 20
785 518 20
786 518 20
787 518 20
788 518 20
789 518 20
790 518 20
791 518 20
852 518 20
853 518 20
855 518 20
856 518 20
923 518 20
924 518 20
925 518 20
995 518 20
996 518 20
997 518 20
998 518 20
1251 518 20
1252 518 20
1253 518 20
1795 518 20
1796 518 20
1798 518 20
1799 518 20
633 519 20
634 519 20
635 519 20
785 519 20
786 519 20
787 519 20
788 519 20
852 519 20
853 519 20
855 519 20
856 519 20
922 519 20
923 519 20
924 519 20
925 519 20
995 519 20
996 519 20
997 519 20
998 519 20
1251 519 20
1252 519 20
1253 519 20
1795 519 20
1796 519 20
1798 519 20
1799 519 20
633 520 20
634 520 20
635 520 20
784 520 20
785 520 20
786 520 20
787 520 20
852 520 20
853 520 20
854 520 20
855 520 20
922 520 20
923 520 20
924 520 20
925 520 20
995 520 20
996 520 20
997 520 20
998 520 20
1250 520 20
1251 520 20
1252 520 20
1253 520 20
1795 520 20
1796 520 20
1798 520 20
1799 520 20
633 521 20
634 521 20
635 521 20
784 521 20
785 521 20
786 521 20
852 521 20
853 521 20
854 521 20
855 521 20
922 521 20
923 521 20
924 521 20
995 521 20
996 521 20
997 521 20
998 521 20
1250 521 20
1251 521 20
1252 521 20
1253 521 20
1795 521 20
1796 521 20
1798 521 20
1799 521 20
633 522 20
634 522 20
635 522 20
783 522 20
784 522 20
785 522 20
786 522 20
852 522 20
853 522 20
854 522 20
855 522 20
922 522 20
923 522 20
924 522 20
995 522 20
996 522 20
997 522 20
998 522 20
1250 522 20
1251 522 20
1252 522 20
1795 522 20
1796 522 20
1798 522 20
1799 522 20
633 523 20
634 523 20
635 523 20
783 523 20
784 523 20
785 523 20
786 523 20
852 523 20
853 523 20
854 523 20
855 523 20
921 523 20
922 523 20
923 523 20
924 523 20
996 523 20
997 523 20
998 523 20
1250 523 20
1251 523 20
1252 523 20
1795 523 20
1796 523 20
1798 523 20
1799 523 20
633 524 20
634 524 20
635 524 20
636 524 20
784 524 20
785 524 20
786 524 20
852 524 20
853 524 20
854 524 20
855 524 20
921 524 20
922 524 20
923 524 20
924 524 20
996 524 20
997 524 20
998 524 20
1250 524 20
1251 524 20
1252 524 20
1795 524 20
1796 524 20
1798 524 20
1799 524 20
634 525 20
635 525 20
636 525 20
785 525 20
852 525 20
853 525 20
854 525 20
921 525 20
922 525 20
923 525 20
924 525 20
996 525 20
997 525 20
998 525 20
1249 525 20
1250 525 20
1251 525 20
1252 525 20
1795 525 20
1796 525 20
1798 525 20
1799 525 20
634 526 20
635 526 20
636 526 20
852 526 20
853 526 20
854 526 20
921 526 20
922 526 20
923 526 20
996 526 20
997 526 20
998 526 20
1249 526 20
1250 526 20
1251 526 20
1795 526 20
1796 526 20
1798 526 20
1799 526 20
634 527 20
635 527 20
636 527 20
851 527 20
852 527 20
853 527 20
854 527 20
921 527 20
922 527 20
923 527 20
996 527 20
997 527 20
998 527 20
1249 527 20
1250 527 20
1251 527 20
1795 527 20
1796 527 20
1798 527 20
1799 527 20
634 528 20
635 528 20
636 528 20
851 528 20
852 528 20
853 528 20
854 528 20
920 528 20
921 528 20
922 528 20
923 528 20
996 528 20
997 528 20
998 528 20
1248 528 20
1249 528 20
1250 528 20
1251 528 20
1795 528 20
1796 528 20
1798 528 20
1799 528 20
634 529 20
635 529 20
636 529 20
851 529 20
852 529 20
853 529 20
920 529 20
921 529 20
922 529 20
923 529 20
996 529 20
997 529 20
998 529 20
1248 529 20
1249 529 20
1250 529 20
1795 529 20
1796 529 20
1798 529 20
1799 529 20
634 530 20
635 530 20
636 530 20
851 530 20
852 530 20
853 530 20
920 530 20
921 530 20
922 530 20
923 530 20
996 530 20
997 530 20
998 530 20
1248 530 20
1249 530 20
1250 530 20
1796 530 20
1797 530 20
1798 530 20
1799 530 20
634 531 20
635 531 20
636 531 20
851 531 20
852 531 20
853 531 20
920 531 20
921 531 20
922 531 20
996 531 20
997 531 20
998 531 20
1248 531 20
1249 531 20
1250 531 20
1796 531 20
1797 531 20
1798 531 20
1799 531 20
634 532 20
635 532 20
636 532 20
851 532 20
852 532 20
853 532 20
920 532 20
921 532 20
922 532 20
996 532 20
997 532 20
998 532 20
1247 532 20
1248 532 20
1249 532 20
1796 532 20
1797 532 20
1798 532 20
1799 532 20
634 533 20
635 533 20
636 533 20
850 533 20
851 533 20
852 533 20
853 533 20
920 533 20
921 533 20
922 533 20
996 533 20
997 533 20
998 533 20
1247 533 20
1248 533 20
1249 533 20
1795 533 20
1796 533 20
1797 533 20
1798 533 20
1799 533 20
634 534 20
635 534 20
636 534 20
850 534 20
851 534 20
852 534 20
920 534 20
921 534 20
922 534 20
996 534 20
997 534 20
998 534 20
1247 534 20
1248 534 20
1249 534 20
1795 534 20
1796 534 20
1797 534 20
1798 534 20
634 535 20
635 535 20
636 535 20
850 535 20
851 535 20
852 535 20
919 535 20
920 535 20
921 535 20
922 535 20
996 535 20
997 535 20
998 535 20
1246 535 20
1247 535 20
1248 535 20
1794 535 20
1795 535 20
1796 535 20
1797 535 20
634 536 20
635 536 20
636 536 20
850 536 20
851 536 20
852 536 20
919 536 20
920 536 20
921 536 20
922 536 20
996 536 20
997 536 20
998 536 20
1246 536 20
1247 536 20
1248 536 20
1793 536 20
1794 536 20
1795 536 20
1796 536 20
634 537 20
635 537 20
636 537 20
850 537 20
851 537 20
852 537 20
919 537 20
920 537 20
921 537 20
996 537 20
997 537 20
998 537 20
1246 537 20
1247 537 20
1248 537 20
1793 537 20
1794 537 20
1795 537 20
1796 537 20
634 538 20
635 538 20
636 538 20
849 538 20
850 538 20
851 538 20
852 538 20
919 538 20
920 538 20
921 538 20
996 538 20
997 538 20
998 538 20
1246 538 20
1247 538 20
1248 538 20
1792 538 20
1793 538 20
1794 538 20
1795 538 20
634 539 20
635 539 20
636 539 20
637 539 20
849 539 20
850 539 20
851 539 20
852 539 20
919 539 20
920 539 20
921 539 20
996 539 20
997 539 20
998 539 20
1245 539 20
1246 539 20
1247 539 20
1791 539 20
1792 539 20
1793 539 20
1794 539 20
634 540 20
635 540 20
636 540 20
637 540 20
849 540 20
850 540 20
851 540 20
852 540 20
919 540 20
920 540 20
921 540 20
996 540 20
997 540 20
998 540 20
1245 540 20
1246 540 20
1247 540 20
1790 540 20
1791 540 20
1792 540 20
1793 540 20
634 541 20
635 541 20
636 541 20
637 541 20
849 541 20
850 541 20
851 541 20
852 541 20
919 541 20
920 541 20
921 541 20
996 541 20
997 541 20
998 541 20
1245 541 20
1246 541 20
1247 541 20
1790 541 20
1791 541 20
1792 541 20
1793 541 20
634 542 20
635 542 20
636 542 20
637 542 20
849 542 20
850 542 20
851 542 20
852 542 20
919 542 20
920 542 20
921 542 20
996 542 20
997 542 20
998 542 20
1244 542 20
1245 542 20
1246 542 20
1247 542 20
1789 542 20
1790 542 20
1791 542 20
1792 542 20
633 543 20
634 543 20
635 543 20
636 543 20
637 543 20
849 543 20
850 543 20
851 543 20
852 543 20
919 543 20
920 543 20
921 543 20
996 543 20
997 543 20
998 543 20
1244 543 20
1245 543 20
1246 543 20
1247 543 20
1788 543 20
1789 543 20
1790 543 20
1791 543 20
1792 543 20
633 544 20
634 544 20
635 544 20
636 544 20
637 544 20
848 544 20
849 544 20
851 544 20
852 544 20
919 544 20
920 544 20
921 544 20
996 544 20
997 544 20
998 544 20
1244 544 20
1245 544 20
1246 544 20
1788 544 20
1789 544 20
1790 544 20
1791 544 20
632 545 20
633 545 20
634 545 20
635 545 20
636 545 20
637 545 20
848 545 20
849 545 20
850 545 20
851 545 20
919 545 20
920 545 20
921 545 20
996 545 20
997 545 20
998 545 20
1244 545 20
1245 545 20
1246 545 20
1787 545 20
1788 545 20
1789 545 20
1790 545 20
1791 545 20
632 546 20
633 546 20
634 546 20
635 546 20
636 546 20
848 546 20
849 546 20
850 546 20
851 546 20
919 546 20
920 546 20
921 546 20
996 546 20
997 546 20
998 546 20
1243 546 20
1244 546 20
1245 546 20
1246 546 20
1787 546 20
1788 546 20
1789 546 20
1790 546 20
631 547 20
632 547 20
634 547 20
635 547 20
847 547 20
848 547 20
849 547 20
850 547 20
919 547 20
920 547 20
921 547 20
996 547 20
997 547 20
998 547 20
1243 547 20
1244 547 20
1245 547 20
1246 547 20
1786 547 20
1787 547 20
1788 547 20
1789 547 20
631 548 20
632 548 20
633 548 20
634 548 20
846 548 20
847 548 20
848 548 20
849 548 20
919 548 20
920 548 20
921 548 20
922 548 20
996 548 20
997 548 20
998 548 20
1243 548 20
1244 548 20
1245 548 20
1246 548 20
1786 548 20
1787 548 20
1788 548 20
1789 548 20
631 549 20
632 549 20
633 549 20
634 549 20
846 549 20
847 549 20
848 549 20
849 549 20
919 549 20
920 549 20
921 549 20
922 549 20
996 549 20
997 549 20
998 549 20
1242 549 20
1243 549 20
1244 549 20
1245 549 20
1785 549 20
1786 549 20
1787 549 20
1788 549 20
631 550 20
632 550 20
633 550 20
634 550 20
845 550 20
846 550 20
847 550 20
848 550 20
919 550 20
920 550 20
921 550 20
922 550 20
996 550 20
997 550 20
998 550 20
1242 550 20
1243 550 20
1244 550 20
1245 550 20
1785 550 20
1786 550 20
1787 550 20
1788 550 20
631 551 20
632 551 20
633 551 20
634 551 20
844 551 20
845 551 20
846 551 20
847 551 20
920 551 20
921 551 20
922 551 20
923 551 20
996 551 20
997 551 20
998 551 20
1242 551 20
1243 551 20
1244 551 20
1245 551 20
1784 551 20
1785 551 20
1786 551 20
1787 551 20
632 552 20
633 552 20
634 552 20
844 552 20
845 552 20
846 552 20
847 552 20
920 552 20
921 552 20
922 552 20
923 552 20
924 552 20
996 552 20
997 552 20
998 552 20
1241 552 20
1242 552 20
1243 552 20
1244 552 20
1245 552 20
1784 552 20
1785 552 20
1786 552 20
632 553 20
633 553 20
634 553 20
843 553 20
844 553 20
845 553 20
846 553 20
921 553 20
922 553 20
923 553 20
924 553 20
996 553 20
997 553 20
998 553 20
1240 553 20
1241 553 20
1242 553 20
1243 553 20
1244 553 20
1783 553 20
1784 553 20
1785 553 20
1786 553 20
632 554 20
633 554 20
634 554 20
635 554 20
843 554 20
844 554 20
845 554 20
846 554 20
922 554 20
923 554 20
924 554 20
996 554 20
997 554 20
998 554 20
1239 554 20
1240 554 20
1241 554 20
1243 554 20
1244 554 20
1783 554 20
1784 554 20
1785 554 20
1786 554 20
633 555 20
634 555 20
635 555 20
843 555 20
844 555 20
845 555 20
922 555 20
923 555 20
924 555 20
996 555 20
997 555 20
998 555 20
1238 555 20
1239 555 20
1242 555 20
1243 555 20
1782 555 20
1783 555 20
1784 555 20
1785 555 20
633 556 20
634 556 20
635 556 20
842 556 20
843 556 20
844 556 20
845 556 20
922 556 20
923 556 20
924 556 20
996 556 20
997 556 20
998 556 20
1238 556 20
1239 556 20
1242 556 20
1243 556 20
1781 556 20
1782 556 20
1784 556 20
1785 556 20
633 557 20
634 557 20
635 557 20
841 557 20
842 557 20
843 557 20
844 557 20
922 557 20
923 557 20
924 557 20
996 557 20
997 557 20
998 557 20
1238 557 20
1239 557 20
1242 557 20
1243 557 20
1781 557 20
1782 557 20
1783 557 20
1784 557 20
633 558 20
634 558 20
635 558 20
841 558 20
842 558 20
843 558 20
844 558 20
921 558 20
922 558 20
923 558 20
924 558 20
996 558 20
997 558 20
998 558 20
1238 558 20
1239 558 20
1242 558 20
1243 558 20
1780 558 20
1781 558 20
1782 558 20
1783 558 20
633 559 20
634 559 20
635 559 20
636 559 20
841 559 20
842 559 20
843 559 20
921 559 20
922 559 20
923 559 20
995 559 20
996 559 20
997 559 20
998 559 20
1239 559 20
1240 559 20
1242 559 20
1243 559 20
1780 559 20
1781 559 20
1782 559 20
634 560 20
635 560 20
636 560 20
840 560 20
841 560 20
842 560 20
843 560 20
920 560 20
921 560 20
922 560 20
923 560 20
995 560 20
996 560 20
997 560 20
998 560 20
1239 560 20
1240 560 20
1242 560 20
1243 560 20
1779 560 20
1780 560 20
1781 560 20
1782 560 20
634 561 20
635 561 20
636 561 20
839 561 20
840 561 20
841 561 20
842 561 20
920 561 20
921 561 20
922 561 20
995 561 20
996 561 20
997 561 20
1239 561 20
1240 561 20
1242 561 20
1243 561 20
1778 561 20
1779 561 20
1780 561 20
1781 561 20
634 562 20
635 562 20
636 562 20
637 562 20
839 562 20
840 562 20
841 562 20
842 562 20
920 562 20
921 562 20
922 562 20
995 562 20
996 562 20
997 562 20
1239 562 20
1240 562 20
1242 562 20
1243 562 20
1777 562 20
1778 562 20
1780 562 20
1781 562 20
634 563 20
635 563 20
636 563 20
637 563 20
839 563 20
840 563 20
841 563 20
920 563 20
921 563 20
922 563 20
995 563 20
996 563 20
997 563 20
1239 563 20
1240 563 20
1242 563 20
1243 563 20
1777 563 20
1778 563 20
1779 563 20
1780 563 20
634 564 20
635 564 20
636 564 20
637 564 20
838 564 20
839 564 20
840 564 20
841 564 20
919 564 20
920 564 20
921 564 20
922 564 20
995 564 20
996 564 20
997 564 20
1239 564 20
1240 564 20
1242 564 20
1243 564 20
1777 564 20
1778 564 20
1779 564 20
1780 564 20
634 565 20
635 565 20
636 565 20
637 565 20
837 565 20
838 565 20
839 565 20
840 565 20
919 565 20
920 565 20
921 565 20
995 565 20
996 565 20
997 565 20
1239 565 20
1240 565 20
1242 565 20
1243 565 20
1777 565 20
1778 565 20
1779 565 20
634 566 20
635 566 20
636 566 20
637 566 20
837 566 20
838 566 20
839 566 20
840 566 20
919 566 20
920 566 20
921 566 20
995 566 20
996 566 20
997 566 20
1239 566 20
1240 566 20
1242 566 20
1243 566 20
1777 566 20
1778 566 20
1779 566 20
634 567 20
635 567 20
636 567 20
637 567 20
836 567 20
837 567 20
839 567 20
840 567 20
918 567 20
919 567 20
920 567 20
921 567 20
995 567 20
996 567 20
997 567 20
1239 567 20
1240 567 20
1242 567 20
1243 567 20
1776 567 20
1777 567 20
1778 567 20
1779 567 20
634 568 20
635 568 20
636 568 20
637 568 20
836 568 20
837 568 20
838 568 20
839 568 20
918 568 20
919 568 20
920 568 20
995 568 20
996 568 20
997 568 20
1240 568 20
1241 568 20
1242 568 20
1243 568 20
1776 568 20
1777 568 20
1778 568 20
1779 568 20
634 569 20
635 569 20
636 569 20
835 569 20
836 569 20
838 569 20
839 569 20
918 569 20
919 569 20
920 569 20
994 569 20
995 569 20
996 569 20
997 569 20
1241 569 20
1242 569 20
1243 569 20
1244 569 20
1776 569 20
1777 569 20
1778 569 20
634 570 20
635 570 20
636 570 20
835 570 20
836 570 20
838 570 20
839 570 20
917 570 20
918 570 20
919 570 20
920 570 20
994 570 20
995 570 20
996 570 20
997 570 20
1241 570 20
1242 570 20
1243 570 20
1244 570 20
1776 570 20
1777 570 20
1778 570 20
633 571 20
634 571 20
635 571 20
636 571 20
835 571 20
836 571 20
837 571 20
838 571 20
917 571 20
918 571 20
919 571 20
920 571 20
994 571 20
995 571 20
996 571 20
997 571 20
1241 571 20
1242 571 20
1243 571 20
1244 571 20
1776 571 20
1777 571 20
1778 571 20
633 572 20
634 572 20
635 572 20
636 572 20
834 572 20
835 572 20
836 572 20
837 572 20
917 572 20
918 572 20
919 572 20
994 572 20
995 572 20
996 572 20
997 572 20
1241 572 20
1242 572 20
1243 572 20
1244 572 20
1775 572 20
1776 572 20
1777 572 20
1778 572 20
633 573 20
634 573 20
635 573 20
834 573 20
835 573 20
836 573 20
837 573 20
916 573 20
917 573 20
918 573 20
919 573 20
994 573 20
995 573 20
996 573 20
997 573 20
1241 573 20
1242 573 20
1243 573 20
1244 573 20
1775 573 20
1776 573 20
1777 573 20
1778 573 20
632 574 20
633 574 20
634 574 20
635 574 20
834 574 20
835 574 20
836 574 20
837 574 20
916 574 20
917 574 20
918 574 20
919 574 20
994 574 20
995 574 20
996 574 20
997 574 20
1241 574 20
1242 574 20
1243 574 20
1244 574 20
1775 574 20
1776 574 20
1777 574 20
1778 574 20
632 575 20
633 575 20
634 575 20
635 575 20
834 575 20
835 575 20
836 575 20
837 575 20
916 575 20
917 575 20
918 575 20
994 575 20
995 575 20
996 575 20
997 575 20
1241 575 20
1242 575 20
1243 575 20
1244 575 20
1775 575 20
1776 575 20
1777 575 20
1778 575 20
631 576 20
632 576 20
633 576 20
634 576 20
835 576 20
836 576 20
916 576 20
917 576 20
918 576 20
994 576 20
995 576 20
996 576 20
997 576 20
1241 576 20
1242 576 20
1244 576 20
1245 576 20
1775 576 20
1776 576 20
1777 576 20
631 577 20
632 577 20
633 577 20
634 577 20
915 577 20
916 577 20
917 577 20
918 577 20
994 577 20
995 577 20
996 577 20
997 577 20
1241 577 20
1242 577 20
1245 577 20
1246 577 20
1774 577 20
1775 577 20
1776 577 20
1777 577 20
630 578 20
631 578 20
632 578 20
633 578 20
915 578 20
916 578 20
917 578 20
994 578 20
995 578 20
996 578 20
997 578 20
1241 578 20
1242 578 20
1245 578 20
1246 578 20
1774 578 20
1775 578 20
1776 578 20
1777 578 20
630 579 20
631 579 20
632 579 20
633 579 20
915 579 20
916 579 20
917 579 20
994 579 20
995 579 20
996 579 20
997 579 20
1241 579 20
1242 579 20
1243 579 20
1245 579 20
1246 579 20
1774 579 20
1775 579 20
1776 579 20
1777 579 20
630 580 20
631 580 20
632 580 20
914 580 20
915 580 20
916 580 20
917 580 20
994 580 20
995 580 20
996 580 20
997 580 20
1242 580 20
1243 580 20
1244 580 20
1245 580 20
1246 580 20
1774 580 20
1775 580 20
1776 580 20
1777 580 20
629 581 20
630 581 20
631 581 20
632 581 20
914 581 20
915 581 20
916 581 20
917 581 20
994 581 20
995 581 20
996 581 20
997 581 20
1242 581 20
1243 581 20
1245 581 20
1246 581 20
1774 581 20
1775 581 20
1776 581 20
1777 581 20
629 582 20
630 582 20
631 582 20
914 582 20
915 582 20
916 582 20
994 582 20
995 582 20
996 582 20
997 582 20
1242 582 20
1243 582 20
1245 582 20
1246 582 20
1774 582 20
1775 582 20
1776 582 20
628 583 20
629 583 20
630 583 20
631 583 20
913 583 20
914 583 20
915 583 20
916 583 20
994 583 20
995 583 20
996 583 20
997 583 20
1242 583 20
1243 583 20
1245 583 20
1246 583 20
1773 583 20
1774 583 20
1775 583 20
1776 583 20
628 584 20
629 584 20
630 584 20
913 584 20
914 584 20
915 584 20
916 584 20
994 584 20
995 584 20
996 584 20
997 584 20
1242 584 20
1243 584 20
1245 584 20
1246 584 20
1773 584 20
1774 584 20
1775 584 20
1776 584 20
627 585 20
628 585 20
629 585 20
630 585 20
913 585 20
914 585 20
915 585 20
916 585 20
994 585 20
995 585 20
996 585 20
1242 585 20
1243 585 20
1245 585 20
1246 585 20
1773 585 20
1774 585 20
1775 585 20
1776 585 20
627 586 20
628 586 20
629 586 20
630 586 20
912 586 20
913 586 20
914 586 20
915 586 20
994 586 20
995 586 20
996 586 20
1242 586 20
1243 586 20
1244 586 20
1245 586 20
1773 586 20
1774 586 20
1775 586 20
1776 586 20
626 587 20
627 587 20
628 587 20
629 587 20
912 587 20
913 587 20
914 587 20
915 587 20
994 587 20
995 587 20
996 587 20
1242 587 20
1243 587 20
1244 587 20
1245 587 20
1773 587 20
1774 587 20
1775 587 20
1776 587 20
626 588 20
627 588 20
628 588 20
629 588 20
912 588 20
913 588 20
914 588 20
915 588 20
994 588 20
995 588 20
996 588 20
1242 588 20
1243 588 20
1244 588 20
1773 588 20
1774 588 20
1775 588 20
625 589 20
626 589 20
627 589 20
628 589 20
629 589 20
911 589 20
912 589 20
913 589 20
914 589 20
994 589 20
995 589 20
996 589 20
1242 589 20
1243 589 20
1244 589 20
1773 589 20
1774 589 20
1775 589 20
625 590 20
626 590 20
627 590 20
628 590 20
911 590 20
912 590 20
913 590 20
914 590 20
994 590 20
995 590 20
996 590 20
1242 590 20
1243 590 20
1244 590 20
1772 590 20
1773 590 20
1774 590 20
1775 590 20
624 591 20
625 591 20
626 591 20
627 591 20
628 591 20
910 591 20
911 591 20
912 591 20
913 591 20
914 591 20
994 591 20
995 591 20
996 591 20
1242 591 20
1243 591 20
1244 591 20
1772 591 20
1773 591 20
1774 591 20
1775 591 20
624 592 20
625 592 20
626 592 20
627 592 20
910 592 20
911 592 20
912 592 20
913 592 20
993 592 20
994 592 20
995 592 20
996 592 20
1242 592 20
1243 592 20
1244 592 20
1772 592 20
1773 592 20
1774 592 20
1775 592 20
623 593 20
624 593 20
625 593 20
626 593 20
910 593 20
911 593 20
912 593 20
993 593 20
994 593 20
995 593 20
996 593 20
1242 593 20
1243 593 20
1244 593 20
1772 593 20
1773 593 20
1774 593 20
623 594 20
624 594 20
625 594 20
626 594 20
910 594 20
911 594 20
912 594 20
993 594 20
994 594 20
995 594 20
1241 594 20
1242 594 20
1243 594 20
1244 594 20
1772 594 20
1773 594 20
1774 594 20
623 595 20
624 595 20
625 595 20
626 595 20
910 595 20
911 595 20
912 595 20
993 595 20
994 595 20
995 595 20
1241 595 20
1242 595 20
1243 595 20
1244 595 20
1772 595 20
1773 595 20
1774 595 20
623 596 20
624 596 20
625 596 20
626 596 20
909 596 20
910 596 20
911 596 20
912 596 20
993 596 20
994 596 20
995 596 20
1241 596 20
1242 596 20
1243 596 20
1244 596 20
1771 596 20
1772 596 20
1773 596 20
1774 596 20
623 597 20
624 597 20
625 597 20
626 597 20
909 597 20
910 597 20
911 597 20
993 597 20
994 597 20
995 597 20
1241 597 20
1242 597 20
1243 597 20
1771 597 20
1772 597 20
1773 597 20
1774 597 20
624 598 20
625 598 20
626 598 20
908 598 20
909 598 20
910 598 20
911 598 20
993 598 20
994 598 20
995 598 20
1241 598 20
1242 598 20
1243 598 20
1771 598 20
1772 598 20
1773 598 20
1774 598 20
624 599 20
625 599 20
626 599 20
627 599 20
908 599 20
909 599 20
910 599 20
911 599 20
993 599 20
994 599 20
995 599 20
1241 599 20
1242 599 20
1243 599 20
1771 599 20
1772 599 20
1774 599 20
1775 599 20
625 600 20
626 600 20
627 600 20
908 600 20
909 600 20
910 600 20
993 600 20
994 600 20
995 600 20
1240 600 20
1241 600 20
1242 600 20
1243 600 20
1770 600 20
1771 600 20
1774 600 20
1775 600 20
625 601 20
626 601 20
627 601 20
907 601 20
908 601 20
909 601 20
910 601 20
993 601 20
994 601 20
995 601 20
1240 601 20
1241 601 20
1242 601 20
1770 601 20
1771 601 20
1774 601 20
1775 601 20
625 602 20
626 602 20
627 602 20
628 602 20
907 602 20
908 602 20
909 602 20
910 602 20
993 602 20
994 602 20
995 602 20
1240 602 20
1241 602 20
1242 602 20
1770 602 20
1771 602 20
1774 602 20
1775 602 20
625 603 20
626 603 20
627 603 20
628 603 20
906 603 20
907 603 20
908 603 20
909 603 20
993 603 20
994 603 20
995 603 20
1240 603 20
1241 603 20
1242 603 20
1770 603 20
1771 603 20
1773 603 20
1774 603 20
626 604 20
627 604 20
628 604 20
903 604 20
904 604 20
905 604 20
906 604 20
907 604 20
908 604 20
909 604 20
993 604 20
994 604 20
995 604 20
1239 604 20
1240 604 20
1241 604 20
1242 604 20
1770 604 20
1771 604 20
1773 604 20
1774 604 20
626 605 20
627 605 20
628 605 20
901 605 20
902 605 20
903 605 20
904 605 20
905 605 20
906 605 20
907 605 20
908 605 20
993 605 20
994 605 20
995 605 20
1239 605 20
1240 605 20
1241 605 20
1242 605 20
1770 605 20
1771 605 20
1773 605 20
1774 605 20
626 606 20
627 606 20
628 606 20
629 606 20
899 606 20
900 606 20
901 606 20
902 606 20
904 606 20
905 606 20
906 606 20
907 606 20
908 606 20
993 606 20
994 606 20
995 606 20
1238 606 20
1239 606 20
1240 606 20
1241 606 20
1770 606 20
1771 606 20
1773 606 20
1774 606 20
626 607 20
627 607 20
628 607 20
629 607 20
898 607 20
899 607 20
900 607 20
903 607 20
904 607 20
905 607 20
906 607 20
907 607 20
992 607 20
993 607 20
994 607 20
995 607 20
1238 607 20
1239 607 20
1240 607 20
1770 607 20
1771 607 20
1773 607 20
1774 607 20
626 608 20
627 608 20
628 608 20
629 608 20
898 608 20
899 608 20
901 608 20
902 608 20
903 608 20
906 608 20
992 608 20
993 608 20
994 608 20
995 608 20
1237 608 20
1238 608 20
1239 608 20
1240 608 20
1770 608 20
1771 608 20
1773 608 20
1774 608 20
627 609 20
628 609 20
629 609 20
897 609 20
898 609 20
900 609 20
901 609 20
902 609 20
903 609 20
992 609 20
993 609 20
994 609 20
995 609 20
1236 609 20
1237 609 20
1238 609 20
1239 609 20
1770 609 20
1771 609 20
1772 609 20
1773 609 20
627 610 20
628 610 20
629 610 20
896 610 20
897 610 20
899 610 20
900 610 20
902 610 20
992 610 20
993 610 20
994 610 20
1235 610 20
1236 610 20
1237 610 20
1238 610 20
1770 610 20
1771 610 20
1772 610 20
1773 610 20
627 611 20
628 611 20
629 611 20
895 611 20
896 611 20
897 611 20
899 611 20
900 611 20
992 611 20
993 611 20
994 611 20
1234 611 20
1235 611 20
1236 611 20
1237 611 20
1770 611 20
1771 611 20
1772 611 20
1773 611 20
627 612 20
628 612 20
629 612 20
894 612 20
895 612 20
896 612 20
897 612 20
898 612 20
899 612 20
992 612 20
993 612 20
994 612 20
1233 612 20
1234 612 20
1235 612 20
1236 612 20
1237 612 20
1770 612 20
1771 612 20
1772 612 20
1773 612 20
627 613 20
628 613 20
629 613 20
893 613 20
894 613 20
895 613 20
896 613 20
898 613 20
992 613 20
993 613 20
994 613 20
1232 613 20
1233 613 20
1234 613 20
1235 613 20
1236 613 20
1770 613 20
1771 613 20
1772 613 20
1773 613 20
627 614 20
628 614 20
629 614 20
892 614 20
893 614 20
894 614 20
895 614 20
992 614 20
993 614 20
994 614 20
1231 614 20
1232 614 20
1233 614 20
1234 614 20
1770 614 20
1771 614 20
1772 614 20
1773 614 20
627 615 20
628 615 20
629 615 20
891 615 20
892 615 20
893 615 20
894 615 20
895 615 20
992 615 20
993 615 20
994 615 20
1231 615 20
1232 615 20
1233 615 20
1770 615 20
1771 615 20
1772 615 20
627 616 20
628 616 20
629 616 20
890 616 20
891 616 20
892 616 20
893 616 20
894 616 20
992 616 20
993 616 20
994 616 20
1230 616 20
1231 616 20
1232 616 20
1233 616 20
1234 616 20
1770 616 20
1771 616 20
1772 616 20
627 617 20
628 617 20
629 617 20
887 617 20
888 617 20
889 617 20
890 617 20
891 617 20
892 617 20
991 617 20
992 617 20
993 617 20
994 617 20
1230 617 20
1231 617 20
1232 617 20
1233 617 20
1770 617 20
1771 617 20
1772 617 20
626 618 20
627 618 20
628 618 20
629 618 20
886 618 20
887 618 20
888 618 20
889 618 20
890 618 20
891 618 20
991 618 20
992 618 20
993 618 20
994 618 20
1230 618 20
1231 618 20
1232 618 20
1233 618 20
1770 618 20
1771 618 20
1772 618 20
626 619 20
627 619 20
628 619 20
629 619 20
885 619 20
886 619 20
887 619 20
888 619 20
889 619 20
890 619 20
991 619 20
992 619 20
993 619 20
994 619 20
1230 619 20
1231 619 20
1232 619 20
1233 619 20
1770 619 20
1771 619 20
1772 619 20
626 620 20
627 620 20
628 620 20
629 620 20
884 620 20
885 620 20
886 620 20
887 620 20
888 620 20
991 620 20
992 620 20
993 620 20
1229 620 20
1230 620 20
1231 620 20
1232 620 20
1770 620 20
1771 620 20
1772 620 20
626 621 20
627 621 20
628 621 20
882 621 20
883 621 20
884 621 20
885 621 20
886 621 20
887 621 20
991 621 20
992 621 20
993 621 20
1229 621 20
1230 621 20
1231 621 20
1232 621 20
1770 621 20
1771 621 20
1772 621 20
626 622 20
627 622 20
628 622 20
881 622 20
882 622 20
883 622 20
884 622 20
885 622 20
991 622 20
992 622 20
993 622 20
1229 622 20
1230 622 20
1231 622 20
1232 622 20
1769 622 20
1770 622 20
1771 622 20
1772 622 20
1773 622 20
626 623 20
627 623 20
628 623 20
879 623 20
880 623 20
881 623 20
882 623 20
883 623 20
884 623 20
990 623 20
991 623 20
992 623 20
993 623 20
1229 623 20
1230 623 20
1231 623 20
1232 623 20
1769 623 20
1770 623 20
1771 623 20
1772 623 20
1773 623 20
626 624 20
627 624 20
628 624 20
877 624 20
878 624 20
879 624 20
880 624 20
881 624 20
882 624 20
990 624 20
991 624 20
992 624 20
993 624 20
1228 624 20
1229 624 20
1231 624 20
1232 624 20
1769 624 20
1770 624 20
1771 624 20
1772 624 20
626 625 20
627 625 20
628 625 20
875 625 20
876 625 20
877 625 20
878 625 20
879 625 20
880 625 20
881 625 20
990 625 20
991 625 20
992 625 20
993 625 20
1228 625 20
1229 625 20
1231 625 20
1232 625 20
1768 625 20
1769 625 20
1770 625 20
1771 625 20
1772 625 20
625 626 20
626 626 20
627 626 20
628 626 20
874 626 20
875 626 20
876 626 20
877 626 20
878 626 20
879 626 20
990 626 20
991 626 20
992 626 20
993 626 20
1228 626 20
1229 626 20
1231 626 20
1232 626 20
1768 626 20
1769 626 20
1770 626 20
1771 626 20
625 627 20
626 627 20
627 627 20
628 627 20
874 627 20
875 627 20
876 627 20
877 627 20
878 627 20
990 627 20
991 627 20
992 627 20
993 627 20
1228 627 20
1229 627 20
1231 627 20
1232 627 20
1767 627 20
1768 627 20
1769 627 20
1770 627 20
625 628 20
626 628 20
627 628 20
628 628 20
875 628 20
876 628 20
990 628 20
991 628 20
992 628 20
1228 628 20
1229 628 20
1231 628 20
1232 628 20
1767 628 20
1768 628 20
1769 628 20
1770 628 20
625 629 20
626 629 20
627 629 20
628 629 20
990 629 20
991 629 20
992 629 20
1228 629 20
1229 629 20
1231 629 20
1232 629 20
1765 629 20
1766 629 20
1767 629 20
1768 629 20
1769 629 20
625 630 20
626 630 20
627 630 20
990 630 20
991 630 20
992 630 20
1228 630 20
1229 630 20
1231 630 20
1232 630 20
1764 630 20
1765 630 20
1766 630 20
1767 630 20
1768 630 20
625 631 20
626 631 20
627 631 20
989 631 20
990 631 20
991 631 20
992 631 20
1228 631 20
1229 631 20
1231 631 20
1232 631 20
1233 631 20
1764 631 20
1765 631 20
1766 631 20
1767 631 20
625 632 20
626 632 20
627 632 20
989 632 20
990 632 20
991 632 20
1228 632 20
1229 632 20
1232 632 20
1233 632 20
1234 632 20
1763 632 20
1764 632 20
1765 632 20
1766 632 20
625 633 20
626 633 20
627 633 20
989 633 20
990 633 20
991 633 20
1228 633 20
1229 633 20
1233 633 20
1234 633 20
1763 633 20
1764 633 20
1765 633 20
625 634 20
626 634 20
627 634 20
989 634 20
990 634 20
991 634 20
1228 634 20
1229 634 20
1233 634 20
1234 634 20
1762 634 20
1763 634 20
1764 634 20
1765 634 20
624 635 20
625 635 20
626 635 20
627 635 20
989 635 20
990 635 20
991 635 20
1227 635 20
1228 635 20
1233 635 20
1234 635 20
1762 635 20
1763 635 20
1764 635 20
1765 635 20
624 636 20
625 636 20
626 636 20
988 636 20
989 636 20
990 636 20
991 636 20
1227 636 20
1228 636 20
1233 636 20
1234 636 20
1761 636 20
1762 636 20
1763 636 20
1764 636 20
624 637 20
625 637 20
626 637 20
988 637 20
989 637 20
990 637 20
991 637 20
1227 637 20
1228 637 20
1233 637 20
1234 637 20
1761 637 20
1762 637 20
1763 637 20
1764 637 20
624 638 20
625 638 20
626 638 20
988 638 20
989 638 20
990 638 20
1227 638 20
1228 638 20
1232 638 20
1233 638 20
1761 638 20
1762 638 20
1763 638 20
1764 638 20
623 639 20
624 639 20
625 639 20
626 639 20
988 639 20
989 639 20
990 639 20
1226 639 20
1227 639 20
1231 639 20
1232 639 20
1761 639 20
1762 639 20
1763 639 20
623 640 20
624 640 20
625 640 20
626 640 20
988 640 20
989 640 20
990 640 20
1225 640 20
1226 640 20
1230 640 20
1231 640 20
1761 640 20
1762 640 20
1763 640 20
623 641 20
624 641 20
625 641 20
626 641 20
988 641 20
989 641 20
990 641 20
1225 641 20
1226 641 20
1229 641 20
1230 641 20
1760 641 20
1761 641 20
1762 641 20
1763 641 20
623 642 20
624 642 20
625 642 20
626 642 20
987 642 20
988 642 20
989 642 20
990 642 20
1225 642 20
1226 642 20
1229 642 20
1230 642 20
1760 642 20
1761 642 20
1762 642 20
1763 642 20
623 643 20
624 643 20
625 643 20
626 643 20
987 643 20
988 643 20
989 643 20
1224 643 20
1225 643 20
1228 643 20
1229 643 20
1760 643 20
1761 643 20
1762 643 20
1763 643 20
623 644 20
624 644 20
625 644 20
986 644 20
987 644 20
988 644 20
989 644 20
1224 644 20
1225 644 20
1227 644 20
1228 644 20
1760 644 20
1761 644 20
1762 644 20
1763 644 20
623 645 20
624 645 20
625 645 20
986 645 20
987 645 20
988 645 20
1224 645 20
1225 645 20
1227 645 20
1228 645 20
1760 645 20
1761 645 20
1762 645 20
623 646 20
624 646 20
625 646 20
985 646 20
986 646 20
987 646 20
988 646 20
1223 646 20
1224 646 20
1227 646 20
1228 646 20
1759 646 20
1760 646 20
1761 646 20
1762 646 20
621 647 20
622 647 20
623 647 20
624 647 20
625 647 20
985 647 20
986 647 20
987 647 20
1223 647 20
1224 647 20
1227 647 20
1228 647 20
1759 647 20
1760 647 20
1761 647 20
1762 647 20
620 648 20
621 648 20
622 648 20
623 648 20
624 648 20
984 648 20
985 648 20
986 648 20
987 648 20
1223 648 20
1224 648 20
1227 648 20
1228 648 20
1759 648 20
1760 648 20
1761 648 20
619 649 20
620 649 20
623 649 20
624 649 20
984 649 20
985 649 20
986 649 20
1223 649 20
1224 649 20
1227 649 20
1228 649 20
1759 649 20
1760 649 20
1761 649 20
619 650 20
620 650 20
623 650 20
624 650 20
984 650 20
985 650 20
986 650 20
1223 650 20
1224 650 20
1226 650 20
1227 650 20
1759 650 20
1760 650 20
1761 650 20
619 651 20
620 651 20
623 651 20
624 651 20
983 651 20
984 651 20
985 651 20
986 651 20
1223 651 20
1224 651 20
1226 651 20
1227 651 20
1758 651 20
1759 651 20
1760 651 20
1761 651 20
619 652 20
620 652 20
623 652 20
624 652 20
983 652 20
984 652 20
985 652 20
1224 652 20
1225 652 20
1226 652 20
1758 652 20
1759 652 20
1760 652 20
618 653 20
619 653 20
623 653 20
624 653 20
982 653 20
983 653 20
984 653 20
985 653 20
1225 653 20
1758 653 20
1759 653 20
1760 653 20
617 654 20
618 654 20
620 654 20
623 654 20
624 654 20
982 654 20
983 654 20
984 654 20
1758 654 20
1759 654 20
1760 654 20
617 655 20
618 655 20
619 655 20
620 655 20
621 655 20
623 655 20
624 655 20
982 655 20
983 655 20
984 655 20
1757 655 20
1758 655 20
1759 655 20
1760 655 20
616 656 20
617 656 20
618 656 20
619 656 20
620 656 20
621 656 20
623 656 20
624 656 20
981 656 20
982 656 20
983 656 20
984 656 20
1757 656 20
1758 656 20
1759 656 20
1760 656 20
615 657 20
616 657 20
618 657 20
619 657 20
621 657 20
622 657 20
623 657 20
981 657 20
982 657 20
983 657 20
984 657 20
1757 657 20
1758 657 20
1759 657 20
614 658 20
615 658 20
617 658 20
618 658 20
622 658 20
981 658 20
982 658 20
983 658 20
1757 658 20
1758 658 20
1759 658 20
613 659 20
614 659 20
615 659 20
616 659 20
617 659 20
980 659 20
981 659 20
982 659 20
983 659 20
1757 659 20
1758 659 20
1759 659 20
612 660 20
613 660 20
614 660 20
615 660 20
616 660 20
980 660 20
981 660 20
982 660 20
1757 660 20
1758 660 20
1759 660 20
612 661 20
613 661 20
615 661 20
616 661 20
979 661 20
980 661 20
981 661 20
982 661 20
1756 661 20
1757 661 20
1758 661 20
1759 661 20
611 662 20
612 662 20
614 662 20
615 662 20
979 662 20
980 662 20
981 662 20
1756 662 20
1757 662 20
1758 662 20
611 663 20
612 663 20
613 663 20
614 663 20
978 663 20
979 663 20
980 663 20
981 663 20
1756 663 20
1757 663 20
1758 663 20
610 664 20
611 664 20
612 664 20
613 664 20
978 664 20
979 664 20
980 664 20
1756 664 20
1757 664 20
1758 664 20
610 665 20
611 665 20
612 665 20
613 665 20
977 665 20
978 665 20
979 665 20
980 665 20
1756 665 20
1757 665 20
1758 665 20
609 666 20
610 666 20
611 666 20
612 666 20
977 666 20
978 666 20
979 666 20
1756 666 20
1757 666 20
1758 666 20
609 667 20
610 667 20
611 667 20
612 667 20
976 667 20
977 667 20
978 667 20
979 667 20
1756 667 20
1757 667 20
1758 667 20
608 668 20
609 668 20
610 668 20
611 668 20
612 668 20
975 668 20
976 668 20
977 668 20
978 668 20
1755 668 20
1756 668 20
1757 668 20
1758 668 20
605 669 20
606 669 20
607 669 20
608 669 20
609 669 20
611 669 20
612 669 20
975 669 20
976 669 20
977 669 20
1755 669 20
1756 669 20
1757 669 20
604 670 20
605 670 20
606 670 20
607 670 20
608 670 20
610 670 20
611 670 20
974 670 20
975 670 20
976 670 20
977 670 20
1755 670 20
1756 670 20
1757 670 20
603 671 20
604 671 20
610 671 20
611 671 20
974 671 20
975 671 20
976 671 20
1755 671 20
1756 671 20
1757 671 20
603 672 20
604 672 20
605 672 20
606 672 20
607 672 20
608 672 20
609 672 20
610 672 20
974 672 20
975 672 20
976 672 20
1754 672 20
1755 672 20
1756 672 20
1757 672 20
604 673 20
605 673 20
606 673 20
607 673 20
608 673 20
609 673 20
973 673 20
974 673 20
975 673 20
976 673 20
1754 673 20
1755 673 20
1756 673 20
973 674 20
974 674 20
975 674 20
1754 674 20
1755 674 20
1756 674 20
972 675 20
973 675 20
974 675 20
975 675 20
1754 675 20
1755 675 20
1756 675 20
972 676 20
973 676 20
974 676 20
1753 676 20
1754 676 20
1755 676 20
1756 676 20
971 677 20
972 677 20
973 677 20
974 677 20
1753 677 20
1754 677 20
1755 677 20
1756 677 20
971 678 20
972 678 20
973 678 20
974 678 20
1753 678 20
1754 678 20
1755 678 20
1756 678 20
971 679 20
972 679 20
973 679 20
1752 679 20
1753 679 20
1754 679 20
1755 679 20
972 680 20
1751 680 20
1752 680 20
1753 680 20
1754 680 20
1755 680 20
1750 681 20
1751 681 20
1752 681 20
1753 681 20
1754 681 20
1749 682 20
1750 682 20
1751 682 20
1752 682 20
1753 682 20
1748 683 20
1749 683 20
1750 683 20
1751 683 20
1745 684 20
1746 684 20
1747 684 20
1748 684 20
1749 684 20
1750 684 20
1743 685 20
1744 685 20
1745 685 20
1746 685 20
1747 685 20
1748 685 20
1749 685 20
1742 686 20
1743 686 20
1744 686 20
1745 686 20
1746 686 20
1747 686 20
1748 686 20
1742 687 20
1743 687 20
1744 687 20
1745 687 20
1741 688 20
1742 688 20
1743 688 20
1740 689 20
1741 689 20
1742 689 20
1743 689 20
1739 690 20
1740 690 20
1741 690 20
1742 690 20
1738 691 20
1739 691 20
1740 691 20
1741 691 20
1739 692 20
1740 692 20
