1905 323 45
1906 323 45
1907 323 45
1904 324 45
1905 324 45
1906 324 45
1907 324 45
1908 324 45
1903 325 45
1904 325 45
1907 325 45
1908 325 45
1903 326 45
1904 326 45
1906 326 45
1907 326 45
1902 327 45
1903 327 45
1906 327 45
1907 327 45
1901 328 45
1902 328 45
1905 328 45
1906 328 45
1901 329 45
1902 329 45
1904 329 45
1905 329 45
1900 330 45
1901 330 45
1903 330 45
1904 330 45
1899 331 45
1900 331 45
1902 331 45
1903 331 45
1898 332 45
1899 332 45
1902 332 45
1903 332 45
1897 333 45
1898 333 45
1901 333 45
1902 333 45
1896 334 45
1897 334 45
1900 334 45
1901 334 45
1896 335 45
1897 335 45
1899 335 45
1900 335 45
1895 336 45
1896 336 45
1899 336 45
1900 336 45
1894 337 45
1895 337 45
1898 337 45
1899 337 45
1894 338 45
1895 338 45
1897 338 45
1898 338 45
1893 339 45
1894 339 45
1898 339 45
1899 339 45
1893 340 45
1894 340 45
1896 340 45
1898 340 45
1899 340 45
1894 341 45
1895 341 45
1896 341 45
1897 341 45
1898 341 45
1899 341 45
1895 342 45
1896 342 45
1897 342 45
1898 342 45
1899 342 45
1896 343 45
1897 343 45
1898 343 45
1899 343 45
1896 344 45
1897 344 45
1898 344 45
1899 344 45
1896 345 45
1897 345 45
1898 345 45
1899 345 45
703 346 45
1895 346 45
1896 346 45
1898 346 45
1899 346 45
702 347 45
703 347 45
704 347 45
1895 347 45
1896 347 45
1898 347 45
1899 347 45
701 348 45
702 348 45
703 348 45
704 348 45
1895 348 45
1896 348 45
1897 348 45
1898 348 45
1899 348 45
701 349 45
702 349 45
703 349 45
1894 349 45
1895 349 45
1896 349 45
1898 349 45
1899 349 45
701 350 45
702 350 45
703 350 45
1066 350 45
1067 350 45
1894 350 45
1895 350 45
1896 350 45
1897 350 45
1898 350 45
700 351 45
701 351 45
702 351 45
703 351 45
1065 351 45
1066 351 45
1067 351 45
1068 351 45
1893 351 45
1894 351 45
1895 351 45
1896 351 45
1897 351 45
1898 351 45
700 352 45
701 352 45
702 352 45
703 352 45
1065 352 45
1066 352 45
1067 352 45
1068 352 45
1893 352 45
1894 352 45
1895 352 45
1897 352 45
1898 352 45
700 353 45
701 353 45
702 353 45
1064 353 45
1065 353 45
1067 353 45
1068 353 45
1892 353 45
1893 353 45
1894 353 45
1896 353 45
1897 353 45
699 354 45
700 354 45
701 354 45
702 354 45
1064 354 45
1065 354 45
1066 354 45
1067 354 45
1892 354 45
1893 354 45
1894 354 45
1895 354 45
1896 354 45
699 355 45
700 355 45
701 355 45
702 355 45
1064 355 45
1065 355 45
1066 355 45
1067 355 45
1891 355 45
1892 355 45
1893 355 45
1895 355 45
1896 355 45
699 356 45
700 356 45
701 356 45
702 356 45
1064 356 45
1065 356 45
1066 356 45
1067 356 45
1891 356 45
1892 356 45
1894 356 45
1895 356 45
698 357 45
699 357 45
700 357 45
701 357 45
1063 357 45
1064 357 45
1066 357 45
1067 357 45
1890 357 45
1891 357 45
1893 357 45
1894 357 45
698 358 45
699 358 45
700 358 45
701 358 45
1063 358 45
1064 358 45
1065 358 45
1066 358 45
1890 358 45
1891 358 45
1893 358 45
1894 358 45
698 359 45
699 359 45
700 359 45
701 359 45
1063 359 45
1064 359 45
1065 359 45
1066 359 45
1890 359 45
1891 359 45
1892 359 45
1893 359 45
698 360 45
699 360 45
700 360 45
701 360 45
1062 360 45
1063 360 45
1065 360 45
1066 360 45
1889 360 45
1890 360 45
1892 360 45
1893 360 45
698 361 45
699 361 45
700 361 45
701 361 45
1062 361 45
1063 361 45
1065 361 45
1066 361 45
1888 361 45
1889 361 45
1891 361 45
1892 361 45
698 362 45
699 362 45
700 362 45
701 362 45
1062 362 45
1063 362 45
1064 362 45
1065 362 45
1888 362 45
1889 362 45
1891 362 45
1892 362 45
698 363 45
699 363 45
700 363 45
701 363 45
1062 363 45
1063 363 45
1064 363 45
1065 363 45
1888 363 45
1889 363 45
1890 363 45
1891 363 45
698 364 45
699 364 45
700 364 45
701 364 45
1062 364 45
1063 364 45
1064 364 45
1065 364 45
1887 364 45
1888 364 45
1890 364 45
1891 364 45
698 365 45
699 365 45
700 365 45
701 365 45
1062 365 45
1063 365 45
1064 365 45
1065 365 45
1886 365 45
1887 365 45
1889 365 45
1890 365 45
698 366 45
699 366 45
700 366 45
701 366 45
1062 366 45
1063 366 45
1064 366 45
1065 366 45
1885 366 45
1886 366 45
1888 366 45
1889 366 45
698 367 45
699 367 45
700 367 45
701 367 45
1062 367 45
1063 367 45
1064 367 45
1065 367 45
1327 367 45
1884 367 45
1885 367 45
1887 367 45
1888 367 45
698 368 45
699 368 45
700 368 45
701 368 45
1061 368 45
1062 368 45
1064 368 45
1065 368 45
1326 368 45
1327 368 45
1328 368 45
1883 368 45
1884 368 45
1886 368 45
1887 368 45
698 369 45
699 369 45
700 369 45
701 369 45
1061 369 45
1062 369 45
1063 369 45
1064 369 45
1326 369 45
1327 369 45
1328 369 45
1329 369 45
1883 369 45
1884 369 45
1885 369 45
1886 369 45
698 370 45
699 370 45
700 370 45
701 370 45
1061 370 45
1062 370 45
1063 370 45
1064 370 45
1326 370 45
1327 370 45
1329 370 45
1330 370 45
1882 370 45
1883 370 45
1885 370 45
1886 370 45
698 371 45
699 371 45
700 371 45
701 371 45
1061 371 45
1062 371 45
1063 371 45
1064 371 45
1326 371 45
1327 371 45
1329 371 45
1330 371 45
1881 371 45
1882 371 45
1884 371 45
1885 371 45
698 372 45
699 372 45
700 372 45
701 372 45
1061 372 45
1062 372 45
1063 372 45
1064 372 45
1326 372 45
1327 372 45
1329 372 45
1330 372 45
1880 372 45
1881 372 45
1883 372 45
1884 372 45
698 373 45
699 373 45
700 373 45
701 373 45
1061 373 45
1062 373 45
1063 373 45
1064 373 45
1326 373 45
1327 373 45
1329 373 45
1330 373 45
1880 373 45
1881 373 45
1882 373 45
1883 373 45
698 374 45
699 374 45
700 374 45
701 374 45
1060 374 45
1061 374 45
1063 374 45
1064 374 45
1326 374 45
1327 374 45
1329 374 45
1330 374 45
1879 374 45
1880 374 45
1882 374 45
1883 374 45
699 375 45
700 375 45
701 375 45
1060 375 45
1061 375 45
1062 375 45
1063 375 45
1326 375 45
1327 375 45
1329 375 45
1330 375 45
1879 375 45
1880 375 45
1881 375 45
1882 375 45
699 376 45
700 376 45
701 376 45
1060 376 45
1061 376 45
1062 376 45
1063 376 45
1326 376 45
1327 376 45
1329 376 45
1330 376 45
1878 376 45
1879 376 45
1881 376 45
1882 376 45
699 377 45
700 377 45
701 377 45
1060 377 45
1061 377 45
1062 377 45
1063 377 45
1326 377 45
1327 377 45
1329 377 45
1330 377 45
1878 377 45
1879 377 45
1880 377 45
1881 377 45
699 378 45
700 378 45
701 378 45
702 378 45
1060 378 45
1061 378 45
1062 378 45
1063 378 45
1326 378 45
1327 378 45
1329 378 45
1330 378 45
1877 378 45
1878 378 45
1880 378 45
1881 378 45
699 379 45
700 379 45
701 379 45
702 379 45
1060 379 45
1061 379 45
1062 379 45
1063 379 45
1326 379 45
1327 379 45
1329 379 45
1330 379 45
1877 379 45
1878 379 45
1879 379 45
1880 379 45
699 380 45
700 380 45
701 380 45
702 380 45
1060 380 45
1061 380 45
1062 380 45
1063 380 45
1326 380 45
1327 380 45
1329 380 45
1330 380 45
1876 380 45
1877 380 45
1879 380 45
1880 380 45
699 381 45
700 381 45
701 381 45
702 381 45
1060 381 45
1061 381 45
1062 381 45
1063 381 45
1326 381 45
1327 381 45
1329 381 45
1330 381 45
1875 381 45
1876 381 45
1878 381 45
1879 381 45
699 382 45
700 382 45
701 382 45
702 382 45
1060 382 45
1061 382 45
1062 382 45
1063 382 45
1326 382 45
1327 382 45
1329 382 45
1330 382 45
1875 382 45
1876 382 45
1877 382 45
1878 382 45
699 383 45
700 383 45
701 383 45
702 383 45
1060 383 45
1061 383 45
1062 383 45
1063 383 45
1326 383 45
1327 383 45
1329 383 45
1330 383 45
1874 383 45
1875 383 45
1877 383 45
1878 383 45
700 384 45
701 384 45
702 384 45
1060 384 45
1061 384 45
1062 384 45
1063 384 45
1326 384 45
1327 384 45
1328 384 45
1329 384 45
1873 384 45
1874 384 45
1876 384 45
1877 384 45
700 385 45
701 385 45
702 385 45
729 385 45
952 385 45
1060 385 45
1061 385 45
1062 385 45
1063 385 45
1326 385 45
1327 385 45
1328 385 45
1329 385 45
1873 385 45
1874 385 45
1875 385 45
1876 385 45
700 386 45
701 386 45
702 386 45
703 386 45
728 386 45
729 386 45
730 386 45
951 386 45
952 386 45
953 386 45
1060 386 45
1061 386 45
1062 386 45
1063 386 45
1326 386 45
1327 386 45
1328 386 45
1329 386 45
1872 386 45
1873 386 45
1875 386 45
1876 386 45
700 387 45
701 387 45
702 387 45
703 387 45
727 387 45
728 387 45
729 387 45
730 387 45
951 387 45
952 387 45
953 387 45
954 387 45
1060 387 45
1061 387 45
1062 387 45
1063 387 45
1326 387 45
1327 387 45
1328 387 45
1329 387 45
1872 387 45
1873 387 45
1874 387 45
1875 387 45
700 388 45
701 388 45
702 388 45
703 388 45
726 388 45
727 388 45
728 388 45
729 388 45
951 388 45
952 388 45
953 388 45
1060 388 45
1061 388 45
1062 388 45
1063 388 45
1326 388 45
1327 388 45
1328 388 45
1329 388 45
1871 388 45
1872 388 45
1874 388 45
1875 388 45
700 389 45
701 389 45
702 389 45
703 389 45
726 389 45
727 389 45
728 389 45
729 389 45
951 389 45
952 389 45
953 389 45
1060 389 45
1061 389 45
1062 389 45
1063 389 45
1326 389 45
1327 389 45
1328 389 45
1329 389 45
1870 389 45
1871 389 45
1873 389 45
1874 389 45
700 390 45
701 390 45
702 390 45
703 390 45
725 390 45
726 390 45
727 390 45
728 390 45
729 390 45
950 390 45
951 390 45
952 390 45
953 390 45
1060 390 45
1061 390 45
1062 390 45
1063 390 45
1326 390 45
1327 390 45
1328 390 45
1329 390 45
1870 390 45
1871 390 45
1873 390 45
1874 390 45
700 391 45
701 391 45
702 391 45
703 391 45
725 391 45
726 391 45
727 391 45
728 391 45
950 391 45
951 391 45
952 391 45
953 391 45
1060 391 45
1061 391 45
1062 391 45
1063 391 45
1326 391 45
1327 391 45
1328 391 45
1329 391 45
1870 391 45
1871 391 45
1872 391 45
1873 391 45
700 392 45
701 392 45
702 392 45
703 392 45
725 392 45
726 392 45
727 392 45
728 392 45
950 392 45
951 392 45
952 392 45
953 392 45
1060 392 45
1061 392 45
1062 392 45
1063 392 45
1326 392 45
1327 392 45
1328 392 45
1329 392 45
1870 392 45
1871 392 45
1872 392 45
1873 392 45
700 393 45
701 393 45
702 393 45
703 393 45
724 393 45
725 393 45
726 393 45
727 393 45
728 393 45
950 393 45
951 393 45
952 393 45
1060 393 45
1061 393 45
1062 393 45
1063 393 45
1325 393 45
1326 393 45
1328 393 45
1329 393 45
1869 393 45
1870 393 45
1872 393 45
1873 393 45
701 394 45
702 394 45
703 394 45
724 394 45
725 394 45
726 394 45
727 394 45
949 394 45
950 394 45
951 394 45
952 394 45
1060 394 45
1061 394 45
1062 394 45
1063 394 45
1325 394 45
1326 394 45
1327 394 45
1328 394 45
1869 394 45
1870 394 45
1871 394 45
1872 394 45
701 395 45
702 395 45
703 395 45
723 395 45
724 395 45
725 395 45
726 395 45
727 395 45
949 395 45
950 395 45
951 395 45
952 395 45
1060 395 45
1061 395 45
1062 395 45
1063 395 45
1325 395 45
1326 395 45
1327 395 45
1328 395 45
1869 395 45
1870 395 45
1871 395 45
1872 395 45
701 396 45
702 396 45
703 396 45
704 396 45
723 396 45
724 396 45
725 396 45
726 396 45
949 396 45
950 396 45
951 396 45
952 396 45
1060 396 45
1061 396 45
1062 396 45
1063 396 45
1325 396 45
1326 396 45
1327 396 45
1328 396 45
1868 396 45
1869 396 45
1871 396 45
1872 396 45
701 397 45
702 397 45
703 397 45
704 397 45
722 397 45
723 397 45
724 397 45
725 397 45
726 397 45
883 397 45
949 397 45
950 397 45
951 397 45
1060 397 45
1061 397 45
1062 397 45
1063 397 45
1325 397 45
1326 397 45
1327 397 45
1328 397 45
1868 397 45
1869 397 45
1870 397 45
1871 397 45
702 398 45
703 398 45
704 398 45
721 398 45
722 398 45
723 398 45
724 398 45
725 398 45
882 398 45
883 398 45
884 398 45
948 398 45
949 398 45
950 398 45
951 398 45
1060 398 45
1061 398 45
1063 398 45
1064 398 45
1325 398 45
1326 398 45
1327 398 45
1328 398 45
1868 398 45
1869 398 45
1870 398 45
1871 398 45
702 399 45
703 399 45
704 399 45
721 399 45
722 399 45
723 399 45
724 399 45
725 399 45
882 399 45
883 399 45
884 399 45
885 399 45
948 399 45
949 399 45
950 399 45
951 399 45
1061 399 45
1062 399 45
1063 399 45
1064 399 45
1325 399 45
1326 399 45
1327 399 45
1328 399 45
1867 399 45
1868 399 45
1870 399 45
1871 399 45
702 400 45
703 400 45
704 400 45
720 400 45
721 400 45
722 400 45
723 400 45
724 400 45
882 400 45
883 400 45
884 400 45
885 400 45
948 400 45
949 400 45
950 400 45
951 400 45
1061 400 45
1062 400 45
1063 400 45
1064 400 45
1324 400 45
1325 400 45
1327 400 45
1328 400 45
1867 400 45
1868 400 45
1869 400 45
1870 400 45
702 401 45
703 401 45
704 401 45
719 401 45
720 401 45
723 401 45
724 401 45
882 401 45
883 401 45
884 401 45
885 401 45
948 401 45
949 401 45
950 401 45
1061 401 45
1062 401 45
1063 401 45
1064 401 45
1324 401 45
1325 401 45
1326 401 45
1327 401 45
1866 401 45
1867 401 45
1869 401 45
1870 401 45
702 402 45
703 402 45
704 402 45
719 402 45
720 402 45
722 402 45
723 402 45
882 402 45
883 402 45
884 402 45
947 402 45
948 402 45
949 402 45
950 402 45
1061 402 45
1062 402 45
1063 402 45
1064 402 45
1324 402 45
1325 402 45
1326 402 45
1327 402 45
1866 402 45
1867 402 45
1868 402 45
1869 402 45
702 403 45
703 403 45
704 403 45
718 403 45
719 403 45
721 403 45
722 403 45
881 403 45
882 403 45
883 403 45
884 403 45
947 403 45
948 403 45
949 403 45
950 403 45
1061 403 45
1062 403 45
1063 403 45
1064 403 45
1324 403 45
1325 403 45
1326 403 45
1327 403 45
1866 403 45
1867 403 45
1868 403 45
1869 403 45
702 404 45
703 404 45
704 404 45
705 404 45
717 404 45
718 404 45
721 404 45
722 404 45
881 404 45
882 404 45
883 404 45
884 404 45
947 404 45
948 404 45
949 404 45
950 404 45
959 404 45
1061 404 45
1062 404 45
1063 404 45
1064 404 45
1324 404 45
1325 404 45
1326 404 45
1327 404 45
1865 404 45
1866 404 45
1868 404 45
1869 404 45
702 405 45
703 405 45
704 405 45
705 405 45
717 405 45
718 405 45
720 405 45
721 405 45
881 405 45
882 405 45
883 405 45
947 405 45
948 405 45
949 405 45
950 405 45
958 405 45
959 405 45
960 405 45
1061 405 45
1062 405 45
1063 405 45
1064 405 45
1324 405 45
1325 405 45
1326 405 45
1327 405 45
1865 405 45
1866 405 45
1867 405 45
1868 405 45
702 406 45
703 406 45
704 406 45
705 406 45
716 406 45
717 406 45
718 406 45
720 406 45
721 406 45
881 406 45
882 406 45
883 406 45
946 406 45
947 406 45
948 406 45
949 406 45
950 406 45
959 406 45
1061 406 45
1062 406 45
1063 406 45
1064 406 45
1324 406 45
1325 406 45
1326 406 45
1327 406 45
1864 406 45
1865 406 45
1867 406 45
1868 406 45
702 407 45
703 407 45
704 407 45
705 407 45
715 407 45
716 407 45
717 407 45
719 407 45
720 407 45
721 407 45
881 407 45
882 407 45
883 407 45
946 407 45
947 407 45
948 407 45
949 407 45
1061 407 45
1062 407 45
1063 407 45
1064 407 45
1324 407 45
1325 407 45
1326 407 45
1327 407 45
1864 407 45
1865 407 45
1866 407 45
1867 407 45
702 408 45
703 408 45
704 408 45
705 408 45
714 408 45
715 408 45
718 408 45
719 408 45
720 408 45
721 408 45
881 408 45
882 408 45
883 408 45
946 408 45
947 408 45
948 408 45
949 408 45
1061 408 45
1062 408 45
1063 408 45
1064 408 45
1324 408 45
1325 408 45
1326 408 45
1327 408 45
1864 408 45
1865 408 45
1866 408 45
1867 408 45
702 409 45
703 409 45
704 409 45
705 409 45
713 409 45
714 409 45
718 409 45
719 409 45
720 409 45
881 409 45
882 409 45
883 409 45
946 409 45
947 409 45
948 409 45
949 409 45
1061 409 45
1062 409 45
1064 409 45
1065 409 45
1324 409 45
1325 409 45
1326 409 45
1327 409 45
1864 409 45
1865 409 45
1866 409 45
1867 409 45
702 410 45
703 410 45
704 410 45
705 410 45
713 410 45
714 410 45
717 410 45
718 410 45
881 410 45
882 410 45
883 410 45
945 410 45
946 410 45
947 410 45
948 410 45
949 410 45
1062 410 45
1063 410 45
1064 410 45
1065 410 45
1324 410 45
1325 410 45
1326 410 45
1327 410 45
1863 410 45
1864 410 45
1866 410 45
1867 410 45
702 411 45
703 411 45
704 411 45
705 411 45
713 411 45
714 411 45
717 411 45
718 411 45
881 411 45
882 411 45
883 411 45
945 411 45
946 411 45
947 411 45
948 411 45
949 411 45
1062 411 45
1063 411 45
1064 411 45
1065 411 45
1324 411 45
1325 411 45
1326 411 45
1327 411 45
1863 411 45
1864 411 45
1865 411 45
1866 411 45
702 412 45
703 412 45
704 412 45
705 412 45
713 412 45
714 412 45
717 412 45
718 412 45
880 412 45
881 412 45
882 412 45
883 412 45
945 412 45
946 412 45
947 412 45
948 412 45
1062 412 45
1063 412 45
1064 412 45
1065 412 45
1324 412 45
1325 412 45
1326 412 45
1327 412 45
1863 412 45
1864 412 45
1865 412 45
1866 412 45
702 413 45
703 413 45
704 413 45
705 413 45
712 413 45
713 413 45
716 413 45
717 413 45
880 413 45
881 413 45
882 413 45
883 413 45
945 413 45
946 413 45
947 413 45
948 413 45
1062 413 45
1063 413 45
1064 413 45
1065 413 45
1324 413 45
1325 413 45
1326 413 45
1327 413 45
1863 413 45
1864 413 45
1865 413 45
1866 413 45
703 414 45
704 414 45
705 414 45
712 414 45
713 414 45
716 414 45
717 414 45
880 414 45
881 414 45
882 414 45
944 414 45
945 414 45
946 414 45
947 414 45
948 414 45
1062 414 45
1063 414 45
1064 414 45
1065 414 45
1324 414 45
1325 414 45
1326 414 45
1327 414 45
1862 414 45
1863 414 45
1865 414 45
1866 414 45
703 415 45
704 415 45
705 415 45
712 415 45
713 415 45
716 415 45
717 415 45
880 415 45
881 415 45
882 415 45
944 415 45
945 415 45
946 415 45
947 415 45
948 415 45
1062 415 45
1063 415 45
1064 415 45
1065 415 45
1324 415 45
1325 415 45
1326 415 45
1327 415 45
1862 415 45
1863 415 45
1864 415 45
1865 415 45
703 416 45
704 416 45
705 416 45
712 416 45
713 416 45
715 416 45
716 416 45
717 416 45
880 416 45
881 416 45
882 416 45
944 416 45
945 416 45
946 416 45
947 416 45
948 416 45
1062 416 45
1063 416 45
1065 416 45
1066 416 45
1324 416 45
1325 416 45
1326 416 45
1327 416 45
1862 416 45
1863 416 45
1864 416 45
1865 416 45
703 417 45
704 417 45
705 417 45
712 417 45
713 417 45
714 417 45
715 417 45
716 417 45
880 417 45
881 417 45
882 417 45
944 417 45
945 417 45
946 417 45
947 417 45
1016 417 45
1063 417 45
1064 417 45
1065 417 45
1066 417 45
1324 417 45
1325 417 45
1326 417 45
1327 417 45
1862 417 45
1863 417 45
1864 417 45
1865 417 45
703 418 45
704 418 45
705 418 45
713 418 45
714 418 45
715 418 45
716 418 45
880 418 45
881 418 45
882 418 45
944 418 45
945 418 45
946 418 45
947 418 45
1015 418 45
1016 418 45
1017 418 45
1063 418 45
1064 418 45
1065 418 45
1066 418 45
1324 418 45
1325 418 45
1326 418 45
1327 418 45
1861 418 45
1862 418 45
1864 418 45
1865 418 45
703 419 45
704 419 45
705 419 45
713 419 45
714 419 45
715 419 45
879 419 45
880 419 45
881 419 45
882 419 45
943 419 45
944 419 45
945 419 45
946 419 45
947 419 45
1015 419 45
1016 419 45
1063 419 45
1064 419 45
1065 419 45
1066 419 45
1324 419 45
1325 419 45
1326 419 45
1327 419 45
1861 419 45
1862 419 45
1863 419 45
1864 419 45
703 420 45
704 420 45
705 420 45
713 420 45
714 420 45
715 420 45
879 420 45
880 420 45
881 420 45
882 420 45
943 420 45
944 420 45
945 420 45
946 420 45
947 420 45
1014 420 45
1015 420 45
1016 420 45
1017 420 45
1063 420 45
1064 420 45
1065 420 45
1066 420 45
1324 420 45
1325 420 45
1326 420 45
1327 420 45
1861 420 45
1862 420 45
1863 420 45
1864 420 45
703 421 45
704 421 45
705 421 45
712 421 45
713 421 45
714 421 45
715 421 45
879 421 45
880 421 45
881 421 45
943 421 45
944 421 45
945 421 45
946 421 45
1013 421 45
1014 421 45
1016 421 45
1017 421 45
1063 421 45
1064 421 45
1065 421 45
1066 421 45
1324 421 45
1325 421 45
1327 421 45
1328 421 45
1861 421 45
1862 421 45
1863 421 45
1864 421 45
703 422 45
704 422 45
705 422 45
712 422 45
713 422 45
714 422 45
879 422 45
880 422 45
881 422 45
943 422 45
944 422 45
945 422 45
946 422 45
1013 422 45
1014 422 45
1015 422 45
1016 422 45
1063 422 45
1064 422 45
1065 422 45
1066 422 45
1325 422 45
1326 422 45
1327 422 45
1328 422 45
1860 422 45
1861 422 45
1863 422 45
1864 422 45
702 423 45
703 423 45
704 423 45
705 423 45
712 423 45
713 423 45
714 423 45
879 423 45
880 423 45
881 423 45
943 423 45
944 423 45
945 423 45
946 423 45
1013 423 45
1014 423 45
1015 423 45
1016 423 45
1063 423 45
1064 423 45
1066 423 45
1067 423 45
1325 423 45
1326 423 45
1327 423 45
1328 423 45
1860 423 45
1861 423 45
1862 423 45
1863 423 45
702 424 45
703 424 45
704 424 45
711 424 45
712 424 45
713 424 45
714 424 45
878 424 45
879 424 45
880 424 45
881 424 45
942 424 45
943 424 45
944 424 45
945 424 45
946 424 45
1012 424 45
1013 424 45
1015 424 45
1016 424 45
1064 424 45
1065 424 45
1066 424 45
1067 424 45
1325 424 45
1326 424 45
1327 424 45
1328 424 45
1860 424 45
1861 424 45
1862 424 45
1863 424 45
701 425 45
702 425 45
703 425 45
704 425 45
711 425 45
712 425 45
713 425 45
878 425 45
879 425 45
880 425 45
942 425 45
943 425 45
944 425 45
945 425 45
1012 425 45
1013 425 45
1014 425 45
1015 425 45
1064 425 45
1065 425 45
1066 425 45
1067 425 45
1325 425 45
1326 425 45
1327 425 45
1328 425 45
1860 425 45
1861 425 45
1862 425 45
1863 425 45
701 426 45
702 426 45
703 426 45
704 426 45
711 426 45
712 426 45
713 426 45
878 426 45
879 426 45
880 426 45
942 426 45
943 426 45
944 426 45
945 426 45
1012 426 45
1013 426 45
1014 426 45
1015 426 45
1064 426 45
1065 426 45
1067 426 45
1068 426 45
1325 426 45
1326 426 45
1327 426 45
1328 426 45
1859 426 45
1860 426 45
1862 426 45
1863 426 45
701 427 45
702 427 45
703 427 45
704 427 45
710 427 45
711 427 45
712 427 45
713 427 45
878 427 45
879 427 45
880 427 45
942 427 45
943 427 45
944 427 45
945 427 45
1012 427 45
1013 427 45
1014 427 45
1015 427 45
1065 427 45
1066 427 45
1067 427 45
1068 427 45
1325 427 45
1326 427 45
1327 427 45
1328 427 45
1859 427 45
1860 427 45
1861 427 45
1862 427 45
701 428 45
702 428 45
703 428 45
704 428 45
710 428 45
711 428 45
712 428 45
878 428 45
879 428 45
880 428 45
942 428 45
943 428 45
944 428 45
1011 428 45
1012 428 45
1014 428 45
1015 428 45
1065 428 45
1066 428 45
1067 428 45
1068 428 45
1325 428 45
1326 428 45
1327 428 45
1328 428 45
1859 428 45
1860 428 45
1861 428 45
1862 428 45
701 429 45
702 429 45
703 429 45
710 429 45
711 429 45
712 429 45
878 429 45
879 429 45
880 429 45
942 429 45
943 429 45
944 429 45
1011 429 45
1012 429 45
1013 429 45
1014 429 45
1065 429 45
1066 429 45
1067 429 45
1068 429 45
1325 429 45
1326 429 45
1327 429 45
1328 429 45
1859 429 45
1860 429 45
1861 429 45
1862 429 45
700 430 45
701 430 45
702 430 45
703 430 45
709 430 45
710 430 45
711 430 45
712 430 45
878 430 45
879 430 45
880 430 45
942 430 45
943 430 45
944 430 45
1011 430 45
1012 430 45
1013 430 45
1014 430 45
1065 430 45
1066 430 45
1068 430 45
1069 430 45
1325 430 45
1326 430 45
1328 430 45
1329 430 45
1859 430 45
1860 430 45
1861 430 45
1862 430 45
700 431 45
701 431 45
702 431 45
703 431 45
709 431 45
710 431 45
711 431 45
878 431 45
879 431 45
880 431 45
941 431 45
942 431 45
943 431 45
944 431 45
1011 431 45
1012 431 45
1013 431 45
1014 431 45
1066 431 45
1067 431 45
1068 431 45
1069 431 45
1326 431 45
1327 431 45
1328 431 45
1329 431 45
1858 431 45
1859 431 45
1861 431 45
1862 431 45
700 432 45
701 432 45
702 432 45
703 432 45
709 432 45
710 432 45
711 432 45
878 432 45
879 432 45
880 432 45
941 432 45
942 432 45
943 432 45
944 432 45
1011 432 45
1012 432 45
1013 432 45
1014 432 45
1066 432 45
1067 432 45
1069 432 45
1070 432 45
1326 432 45
1327 432 45
1328 432 45
1329 432 45
1858 432 45
1859 432 45
1860 432 45
1861 432 45
700 433 45
701 433 45
702 433 45
708 433 45
709 433 45
710 433 45
711 433 45
877 433 45
878 433 45
879 433 45
880 433 45
941 433 45
942 433 45
943 433 45
944 433 45
1011 433 45
1012 433 45
1013 433 45
1014 433 45
1067 433 45
1068 433 45
1069 433 45
1070 433 45
1326 433 45
1327 433 45
1328 433 45
1329 433 45
1858 433 45
1859 433 45
1860 433 45
1861 433 45
700 434 45
701 434 45
702 434 45
708 434 45
709 434 45
710 434 45
877 434 45
878 434 45
879 434 45
880 434 45
941 434 45
942 434 45
943 434 45
944 434 45
1011 434 45
1012 434 45
1013 434 45
1014 434 45
1067 434 45
1068 434 45
1070 434 45
1071 434 45
1326 434 45
1327 434 45
1328 434 45
1329 434 45
1858 434 45
1859 434 45
1860 434 45
1861 434 45
700 435 45
701 435 45
702 435 45
708 435 45
709 435 45
710 435 45
877 435 45
878 435 45
879 435 45
880 435 45
941 435 45
942 435 45
943 435 45
1010 435 45
1011 435 45
1013 435 45
1014 435 45
1068 435 45
1069 435 45
1070 435 45
1071 435 45
1326 435 45
1327 435 45
1328 435 45
1329 435 45
1858 435 45
1859 435 45
1860 435 45
1861 435 45
699 436 45
700 436 45
701 436 45
702 436 45
707 436 45
708 436 45
709 436 45
710 436 45
877 436 45
878 436 45
879 436 45
880 436 45
940 436 45
941 436 45
942 436 45
943 436 45
1010 436 45
1011 436 45
1012 436 45
1013 436 45
1068 436 45
1069 436 45
1071 436 45
1072 436 45
1326 436 45
1327 436 45
1328 436 45
1329 436 45
1858 436 45
1859 436 45
1860 436 45
1861 436 45
700 437 45
701 437 45
707 437 45
708 437 45
709 437 45
877 437 45
878 437 45
879 437 45
880 437 45
940 437 45
941 437 45
942 437 45
943 437 45
1010 437 45
1011 437 45
1012 437 45
1013 437 45
1069 437 45
1070 437 45
1071 437 45
1072 437 45
1326 437 45
1327 437 45
1328 437 45
1329 437 45
1857 437 45
1858 437 45
1860 437 45
1861 437 45
707 438 45
708 438 45
709 438 45
877 438 45
878 438 45
879 438 45
940 438 45
941 438 45
942 438 45
943 438 45
1010 438 45
1011 438 45
1012 438 45
1013 438 45
1069 438 45
1070 438 45
1071 438 45
1072 438 45
1326 438 45
1327 438 45
1329 438 45
1330 438 45
1857 438 45
1858 438 45
1859 438 45
1860 438 45
707 439 45
708 439 45
709 439 45
877 439 45
878 439 45
879 439 45
940 439 45
941 439 45
942 439 45
943 439 45
1009 439 45
1010 439 45
1012 439 45
1013 439 45
1069 439 45
1070 439 45
1072 439 45
1073 439 45
1326 439 45
1327 439 45
1329 439 45
1330 439 45
1857 439 45
1858 439 45
1859 439 45
1860 439 45
707 440 45
708 440 45
709 440 45
877 440 45
878 440 45
879 440 45
941 440 45
942 440 45
943 440 45
1009 440 45
1010 440 45
1011 440 45
1012 440 45
1070 440 45
1071 440 45
1072 440 45
1073 440 45
1326 440 45
1327 440 45
1329 440 45
1330 440 45
1857 440 45
1858 440 45
1859 440 45
1860 440 45
706 441 45
707 441 45
708 441 45
709 441 45
877 441 45
878 441 45
879 441 45
940 441 45
941 441 45
942 441 45
943 441 45
1008 441 45
1009 441 45
1011 441 45
1012 441 45
1070 441 45
1071 441 45
1072 441 45
1073 441 45
1326 441 45
1327 441 45
1329 441 45
1330 441 45
1857 441 45
1858 441 45
1859 441 45
1860 441 45
706 442 45
707 442 45
708 442 45
877 442 45
878 442 45
879 442 45
940 442 45
941 442 45
942 442 45
943 442 45
1008 442 45
1009 442 45
1010 442 45
1011 442 45
1070 442 45
1071 442 45
1072 442 45
1073 442 45
1327 442 45
1328 442 45
1329 442 45
1330 442 45
1856 442 45
1857 442 45
1859 442 45
1860 442 45
706 443 45
707 443 45
708 443 45
877 443 45
878 443 45
879 443 45
940 443 45
941 443 45
942 443 45
943 443 45
1008 443 45
1009 443 45
1010 443 45
1011 443 45
1070 443 45
1071 443 45
1072 443 45
1073 443 45
1327 443 45
1328 443 45
1330 443 45
1331 443 45
1856 443 45
1857 443 45
1858 443 45
1859 443 45
706 444 45
707 444 45
708 444 45
877 444 45
878 444 45
879 444 45
940 444 45
941 444 45
942 444 45
943 444 45
1008 444 45
1009 444 45
1010 444 45
1011 444 45
1069 444 45
1070 444 45
1072 444 45
1073 444 45
1327 444 45
1328 444 45
1330 444 45
1331 444 45
1856 444 45
1857 444 45
1858 444 45
1859 444 45
705 445 45
706 445 45
707 445 45
876 445 45
877 445 45
878 445 45
879 445 45
939 445 45
940 445 45
942 445 45
943 445 45
1007 445 45
1008 445 45
1010 445 45
1011 445 45
1069 445 45
1070 445 45
1071 445 45
1072 445 45
1327 445 45
1328 445 45
1330 445 45
1331 445 45
1856 445 45
1857 445 45
1858 445 45
1859 445 45
705 446 45
706 446 45
707 446 45
876 446 45
877 446 45
878 446 45
879 446 45
939 446 45
940 446 45
942 446 45
943 446 45
1007 446 45
1008 446 45
1009 446 45
1010 446 45
1069 446 45
1070 446 45
1071 446 45
1072 446 45
1327 446 45
1328 446 45
1329 446 45
1331 446 45
1332 446 45
1855 446 45
1856 446 45
1858 446 45
1859 446 45
705 447 45
706 447 45
707 447 45
876 447 45
877 447 45
878 447 45
879 447 45
939 447 45
940 447 45
941 447 45
942 447 45
1006 447 45
1007 447 45
1009 447 45
1010 447 45
1069 447 45
1070 447 45
1071 447 45
1072 447 45
1327 447 45
1328 447 45
1329 447 45
1330 447 45
1331 447 45
1332 447 45
1855 447 45
1856 447 45
1857 447 45
1858 447 45
705 448 45
706 448 45
707 448 45
876 448 45
877 448 45
878 448 45
879 448 45
939 448 45
940 448 45
941 448 45
942 448 45
1006 448 45
1007 448 45
1008 448 45
1009 448 45
1069 448 45
1070 448 45
1071 448 45
1072 448 45
1328 448 45
1329 448 45
1330 448 45
1331 448 45
1332 448 45
1855 448 45
1856 448 45
1857 448 45
1858 448 45
704 449 45
705 449 45
706 449 45
707 449 45
876 449 45
877 449 45
878 449 45
879 449 45
938 449 45
939 449 45
941 449 45
942 449 45
1005 449 45
1006 449 45
1008 449 45
1009 449 45
1069 449 45
1070 449 45
1071 449 45
1072 449 45
1328 449 45
1329 449 45
1331 449 45
1332 449 45
1854 449 45
1855 449 45
1857 449 45
1858 449 45
704 450 45
705 450 45
706 450 45
876 450 45
877 450 45
878 450 45
879 450 45
938 450 45
939 450 45
941 450 45
942 450 45
1005 450 45
1006 450 45
1007 450 45
1008 450 45
1069 450 45
1070 450 45
1071 450 45
1072 450 45
1328 450 45
1329 450 45
1331 450 45
1332 450 45
1854 450 45
1855 450 45
1856 450 45
1857 450 45
704 451 45
705 451 45
706 451 45
876 451 45
877 451 45
878 451 45
879 451 45
938 451 45
939 451 45
941 451 45
942 451 45
1004 451 45
1005 451 45
1007 451 45
1008 451 45
1069 451 45
1070 451 45
1071 451 45
1072 451 45
1328 451 45
1329 451 45
1331 451 45
1332 451 45
1853 451 45
1854 451 45
1856 451 45
1857 451 45
704 452 45
705 452 45
706 452 45
876 452 45
877 452 45
878 452 45
879 452 45
938 452 45
939 452 45
940 452 45
941 452 45
1004 452 45
1005 452 45
1006 452 45
1007 452 45
1069 452 45
1070 452 45
1071 452 45
1072 452 45
1328 452 45
1329 452 45
1331 452 45
1332 452 45
1853 452 45
1854 452 45
1856 452 45
1857 452 45
703 453 45
704 453 45
705 453 45
706 453 45
875 453 45
876 453 45
877 453 45
878 453 45
879 453 45
937 453 45
938 453 45
940 453 45
941 453 45
1004 453 45
1005 453 45
1006 453 45
1007 453 45
1069 453 45
1070 453 45
1071 453 45
1072 453 45
1328 453 45
1329 453 45
1331 453 45
1332 453 45
1852 453 45
1853 453 45
1855 453 45
1856 453 45
1857 453 45
703 454 45
704 454 45
705 454 45
875 454 45
876 454 45
877 454 45
878 454 45
879 454 45
937 454 45
938 454 45
940 454 45
941 454 45
1003 454 45
1004 454 45
1006 454 45
1007 454 45
1069 454 45
1070 454 45
1071 454 45
1072 454 45
1328 454 45
1329 454 45
1331 454 45
1332 454 45
1852 454 45
1853 454 45
1854 454 45
1855 454 45
1856 454 45
703 455 45
704 455 45
705 455 45
875 455 45
876 455 45
877 455 45
878 455 45
937 455 45
938 455 45
939 455 45
940 455 45
1003 455 45
1004 455 45
1005 455 45
1006 455 45
1069 455 45
1070 455 45
1071 455 45
1072 455 45
1328 455 45
1329 455 45
1331 455 45
1332 455 45
1852 455 45
1853 455 45
1855 455 45
1856 455 45
702 456 45
703 456 45
704 456 45
705 456 45
875 456 45
876 456 45
877 456 45
878 456 45
937 456 45
938 456 45
939 456 45
940 456 45
1002 456 45
1003 456 45
1005 456 45
1006 456 45
1068 456 45
1069 456 45
1071 456 45
1072 456 45
1328 456 45
1329 456 45
1331 456 45
1332 456 45
1852 456 45
1853 456 45
1854 456 45
1855 456 45
702 457 45
703 457 45
704 457 45
705 457 45
875 457 45
876 457 45
877 457 45
878 457 45
936 457 45
937 457 45
939 457 45
940 457 45
1002 457 45
1003 457 45
1004 457 45
1005 457 45
1068 457 45
1069 457 45
1070 457 45
1071 457 45
1329 457 45
1330 457 45
1331 457 45
1332 457 45
1851 457 45
1852 457 45
1854 457 45
1855 457 45
702 458 45
703 458 45
704 458 45
705 458 45
875 458 45
876 458 45
877 458 45
878 458 45
936 458 45
937 458 45
938 458 45
939 458 45
1001 458 45
1002 458 45
1004 458 45
1005 458 45
1068 458 45
1069 458 45
1070 458 45
1071 458 45
1329 458 45
1330 458 45
1331 458 45
1332 458 45
1851 458 45
1852 458 45
1854 458 45
1855 458 45
701 459 45
702 459 45
703 459 45
704 459 45
875 459 45
876 459 45
877 459 45
878 459 45
935 459 45
936 459 45
938 459 45
939 459 45
1001 459 45
1002 459 45
1004 459 45
1005 459 45
1068 459 45
1069 459 45
1070 459 45
1071 459 45
1329 459 45
1330 459 45
1331 459 45
1332 459 45
1851 459 45
1852 459 45
1853 459 45
1854 459 45
701 460 45
702 460 45
703 460 45
704 460 45
875 460 45
876 460 45
877 460 45
878 460 45
935 460 45
936 460 45
938 460 45
939 460 45
1001 460 45
1002 460 45
1003 460 45
1004 460 45
1068 460 45
1069 460 45
1070 460 45
1071 460 45
1329 460 45
1330 460 45
1331 460 45
1332 460 45
1851 460 45
1852 460 45
1853 460 45
1854 460 45
701 461 45
702 461 45
703 461 45
704 461 45
875 461 45
876 461 45
877 461 45
878 461 45
935 461 45
936 461 45
937 461 45
938 461 45
1001 461 45
1002 461 45
1003 461 45
1004 461 45
1068 461 45
1069 461 45
1070 461 45
1071 461 45
1329 461 45
1330 461 45
1331 461 45
1332 461 45
1850 461 45
1851 461 45
1853 461 45
1854 461 45
700 462 45
701 462 45
702 462 45
703 462 45
875 462 45
876 462 45
877 462 45
878 462 45
934 462 45
935 462 45
936 462 45
937 462 45
938 462 45
1000 462 45
1001 462 45
1003 462 45
1004 462 45
1068 462 45
1069 462 45
1070 462 45
1071 462 45
1329 462 45
1330 462 45
1331 462 45
1332 462 45
1850 462 45
1851 462 45
1852 462 45
1853 462 45
700 463 45
701 463 45
702 463 45
703 463 45
875 463 45
876 463 45
877 463 45
878 463 45
934 463 45
935 463 45
936 463 45
937 463 45
938 463 45
1000 463 45
1001 463 45
1002 463 45
1003 463 45
1068 463 45
1069 463 45
1070 463 45
1071 463 45
1329 463 45
1330 463 45
1331 463 45
1332 463 45
1850 463 45
1851 463 45
1852 463 45
1853 463 45
700 464 45
701 464 45
702 464 45
703 464 45
875 464 45
876 464 45
877 464 45
878 464 45
934 464 45
935 464 45
936 464 45
937 464 45
1000 464 45
1001 464 45
1002 464 45
1003 464 45
1068 464 45
1069 464 45
1070 464 45
1071 464 45
1329 464 45
1330 464 45
1331 464 45
1332 464 45
1850 464 45
1851 464 45
1852 464 45
1853 464 45
700 465 45
701 465 45
702 465 45
703 465 45
875 465 45
876 465 45
877 465 45
878 465 45
933 465 45
934 465 45
935 465 45
936 465 45
937 465 45
999 465 45
1000 465 45
1002 465 45
1003 465 45
1067 465 45
1068 465 45
1070 465 45
1071 465 45
1329 465 45
1330 465 45
1331 465 45
1332 465 45
1849 465 45
1850 465 45
1852 465 45
1853 465 45
700 466 45
701 466 45
702 466 45
703 466 45
875 466 45
876 466 45
877 466 45
878 466 45
933 466 45
934 466 45
935 466 45
936 466 45
937 466 45
999 466 45
1000 466 45
1001 466 45
1002 466 45
1067 466 45
1068 466 45
1070 466 45
1071 466 45
1328 466 45
1329 466 45
1331 466 45
1332 466 45
1849 466 45
1850 466 45
1851 466 45
1852 466 45
700 467 45
701 467 45
702 467 45
703 467 45
875 467 45
876 467 45
877 467 45
878 467 45
933 467 45
934 467 45
935 467 45
936 467 45
999 467 45
1000 467 45
1001 467 45
1002 467 45
1067 467 45
1068 467 45
1069 467 45
1070 467 45
1328 467 45
1329 467 45
1331 467 45
1332 467 45
1849 467 45
1850 467 45
1851 467 45
1852 467 45
700 468 45
701 468 45
702 468 45
703 468 45
875 468 45
876 468 45
877 468 45
878 468 45
932 468 45
933 468 45
934 468 45
935 468 45
936 468 45
999 468 45
1000 468 45
1001 468 45
1002 468 45
1066 468 45
1067 468 45
1069 468 45
1070 468 45
1328 468 45
1329 468 45
1331 468 45
1332 468 45
1849 468 45
1850 468 45
1851 468 45
1852 468 45
700 469 45
701 469 45
702 469 45
703 469 45
875 469 45
876 469 45
877 469 45
932 469 45
933 469 45
934 469 45
935 469 45
998 469 45
999 469 45
1001 469 45
1002 469 45
1066 469 45
1067 469 45
1069 469 45
1070 469 45
1328 469 45
1329 469 45
1331 469 45
1332 469 45
1848 469 45
1849 469 45
1851 469 45
1852 469 45
700 470 45
701 470 45
702 470 45
703 470 45
875 470 45
876 470 45
877 470 45
932 470 45
933 470 45
934 470 45
998 470 45
999 470 45
1000 470 45
1001 470 45
1066 470 45
1067 470 45
1069 470 45
1070 470 45
1328 470 45
1329 470 45
1330 470 45
1331 470 45
1848 470 45
1849 470 45
1850 470 45
1851 470 45
700 471 45
701 471 45
702 471 45
875 471 45
876 471 45
877 471 45
931 471 45
932 471 45
933 471 45
934 471 45
935 471 45
998 471 45
999 471 45
1000 471 45
1001 471 45
1066 471 45
1067 471 45
1069 471 45
1070 471 45
1327 471 45
1328 471 45
1330 471 45
1331 471 45
1848 471 45
1849 471 45
1850 471 45
1851 471 45
700 472 45
701 472 45
702 472 45
875 472 45
876 472 45
877 472 45
931 472 45
932 472 45
933 472 45
934 472 45
997 472 45
998 472 45
1000 472 45
1001 472 45
1066 472 45
1067 472 45
1068 472 45
1069 472 45
1326 472 45
1327 472 45
1331 472 45
1332 472 45
1848 472 45
1849 472 45
1850 472 45
1851 472 45
699 473 45
700 473 45
701 473 45
702 473 45
875 473 45
876 473 45
877 473 45
931 473 45
932 473 45
933 473 45
934 473 45
997 473 45
998 473 45
999 473 45
1000 473 45
1066 473 45
1067 473 45
1068 473 45
1069 473 45
1325 473 45
1326 473 45
1332 473 45
1333 473 45
1847 473 45
1848 473 45
1850 473 45
1851 473 45
699 474 45
700 474 45
701 474 45
702 474 45
874 474 45
875 474 45
876 474 45
877 474 45
930 474 45
931 474 45
932 474 45
933 474 45
934 474 45
997 474 45
998 474 45
999 474 45
1000 474 45
1066 474 45
1067 474 45
1068 474 45
1069 474 45
1325 474 45
1326 474 45
1332 474 45
1333 474 45
1847 474 45
1848 474 45
1849 474 45
1850 474 45
699 475 45
700 475 45
701 475 45
702 475 45
874 475 45
875 475 45
876 475 45
877 475 45
930 475 45
931 475 45
932 475 45
933 475 45
997 475 45
998 475 45
999 475 45
1000 475 45
1066 475 45
1067 475 45
1068 475 45
1069 475 45
1325 475 45
1326 475 45
1332 475 45
1333 475 45
1847 475 45
1848 475 45
1849 475 45
1850 475 45
699 476 45
700 476 45
701 476 45
702 476 45
874 476 45
875 476 45
876 476 45
877 476 45
930 476 45
931 476 45
932 476 45
933 476 45
996 476 45
997 476 45
999 476 45
1000 476 45
1065 476 45
1066 476 45
1068 476 45
1069 476 45
1325 476 45
1326 476 45
1332 476 45
1333 476 45
1846 476 45
1847 476 45
1849 476 45
1850 476 45
698 477 45
699 477 45
701 477 45
702 477 45
874 477 45
875 477 45
876 477 45
877 477 45
929 477 45
930 477 45
931 477 45
932 477 45
996 477 45
997 477 45
998 477 45
999 477 45
1065 477 45
1066 477 45
1068 477 45
1069 477 45
1325 477 45
1326 477 45
1332 477 45
1333 477 45
1846 477 45
1847 477 45
1848 477 45
1849 477 45
698 478 45
699 478 45
701 478 45
702 478 45
874 478 45
875 478 45
876 478 45
877 478 45
929 478 45
930 478 45
931 478 45
932 478 45
995 478 45
996 478 45
998 478 45
999 478 45
1065 478 45
1066 478 45
1068 478 45
1069 478 45
1325 478 45
1326 478 45
1332 478 45
1333 478 45
1846 478 45
1847 478 45
1849 478 45
1850 478 45
698 479 45
699 479 45
700 479 45
701 479 45
874 479 45
875 479 45
876 479 45
929 479 45
930 479 45
931 479 45
932 479 45
995 479 45
996 479 45
997 479 45
998 479 45
1065 479 45
1066 479 45
1067 479 45
1068 479 45
1325 479 45
1326 479 45
1332 479 45
1333 479 45
1846 479 45
1847 479 45
1849 479 45
1850 479 45
698 480 45
699 480 45
700 480 45
701 480 45
873 480 45
874 480 45
875 480 45
876 480 45
928 480 45
929 480 45
931 480 45
932 480 45
995 480 45
996 480 45
997 480 45
998 480 45
1065 480 45
1066 480 45
1067 480 45
1068 480 45
1324 480 45
1325 480 45
1332 480 45
1333 480 45
1846 480 45
1847 480 45
1848 480 45
1849 480 45
698 481 45
699 481 45
700 481 45
701 481 45
873 481 45
874 481 45
875 481 45
876 481 45
928 481 45
929 481 45
930 481 45
931 481 45
994 481 45
995 481 45
997 481 45
998 481 45
1065 481 45
1066 481 45
1067 481 45
1068 481 45
1324 481 45
1325 481 45
1332 481 45
1333 481 45
1846 481 45
1847 481 45
1848 481 45
1849 481 45
698 482 45
699 482 45
700 482 45
701 482 45
873 482 45
874 482 45
875 482 45
876 482 45
928 482 45
929 482 45
931 482 45
932 482 45
994 482 45
995 482 45
996 482 45
997 482 45
1064 482 45
1065 482 45
1067 482 45
1068 482 45
1324 482 45
1325 482 45
1332 482 45
1333 482 45
1845 482 45
1846 482 45
1848 482 45
1849 482 45
698 483 45
699 483 45
700 483 45
701 483 45
872 483 45
873 483 45
875 483 45
876 483 45
927 483 45
928 483 45
929 483 45
930 483 45
931 483 45
993 483 45
994 483 45
996 483 45
997 483 45
1064 483 45
1065 483 45
1067 483 45
1068 483 45
1324 483 45
1325 483 45
1332 483 45
1333 483 45
1845 483 45
1846 483 45
1847 483 45
1848 483 45
698 484 45
699 484 45
700 484 45
701 484 45
872 484 45
873 484 45
874 484 45
875 484 45
927 484 45
928 484 45
929 484 45
930 484 45
993 484 45
994 484 45
996 484 45
997 484 45
1064 484 45
1065 484 45
1066 484 45
1067 484 45
1323 484 45
1324 484 45
1332 484 45
1333 484 45
1845 484 45
1846 484 45
1847 484 45
1848 484 45
698 485 45
699 485 45
700 485 45
701 485 45
872 485 45
873 485 45
874 485 45
875 485 45
927 485 45
928 485 45
929 485 45
930 485 45
993 485 45
994 485 45
995 485 45
996 485 45
1064 485 45
1065 485 45
1066 485 45
1067 485 45
1322 485 45
1323 485 45
1332 485 45
1333 485 45
1845 485 45
1846 485 45
1847 485 45
1848 485 45
699 486 45
700 486 45
701 486 45
872 486 45
873 486 45
874 486 45
875 486 45
927 486 45
928 486 45
929 486 45
930 486 45
992 486 45
993 486 45
995 486 45
996 486 45
1064 486 45
1065 486 45
1066 486 45
1067 486 45
1322 486 45
1323 486 45
1332 486 45
1333 486 45
1844 486 45
1845 486 45
1847 486 45
1848 486 45
698 487 45
699 487 45
700 487 45
701 487 45
872 487 45
873 487 45
874 487 45
875 487 45
926 487 45
927 487 45
928 487 45
929 487 45
992 487 45
993 487 45
995 487 45
996 487 45
1064 487 45
1065 487 45
1066 487 45
1067 487 45
1322 487 45
1323 487 45
1331 487 45
1332 487 45
1844 487 45
1845 487 45
1846 487 45
1847 487 45
698 488 45
699 488 45
700 488 45
701 488 45
871 488 45
872 488 45
874 488 45
875 488 45
926 488 45
927 488 45
928 488 45
929 488 45
992 488 45
993 488 45
994 488 45
995 488 45
1063 488 45
1064 488 45
1066 488 45
1067 488 45
1321 488 45
1322 488 45
1331 488 45
1332 488 45
1844 488 45
1845 488 45
1846 488 45
1847 488 45
698 489 45
699 489 45
700 489 45
701 489 45
871 489 45
872 489 45
873 489 45
874 489 45
926 489 45
927 489 45
928 489 45
991 489 45
992 489 45
994 489 45
995 489 45
1063 489 45
1064 489 45
1065 489 45
1066 489 45
1320 489 45
1321 489 45
1322 489 45
1323 489 45
1331 489 45
1332 489 45
1843 489 45
1844 489 45
1846 489 45
1847 489 45
698 490 45
699 490 45
700 490 45
701 490 45
871 490 45
872 490 45
873 490 45
874 490 45
926 490 45
927 490 45
928 490 45
991 490 45
992 490 45
994 490 45
995 490 45
1063 490 45
1064 490 45
1065 490 45
1066 490 45
1320 490 45
1321 490 45
1322 490 45
1324 490 45
1331 490 45
1332 490 45
1843 490 45
1844 490 45
1845 490 45
1846 490 45
698 491 45
699 491 45
700 491 45
701 491 45
870 491 45
871 491 45
873 491 45
874 491 45
926 491 45
927 491 45
928 491 45
991 491 45
992 491 45
994 491 45
995 491 45
1062 491 45
1063 491 45
1065 491 45
1066 491 45
1311 491 45
1312 491 45
1313 491 45
1319 491 45
1320 491 45
1321 491 45
1322 491 45
1323 491 45
1324 491 45
1325 491 45
1326 491 45
1330 491 45
1331 491 45
1843 491 45
1844 491 45
1845 491 45
1846 491 45
698 492 45
699 492 45
700 492 45
701 492 45
870 492 45
871 492 45
873 492 45
874 492 45
925 492 45
926 492 45
927 492 45
928 492 45
991 492 45
992 492 45
993 492 45
994 492 45
1062 492 45
1063 492 45
1064 492 45
1065 492 45
1310 492 45
1311 492 45
1312 492 45
1313 492 45
1314 492 45
1319 492 45
1320 492 45
1321 492 45
1322 492 45
1323 492 45
1324 492 45
1325 492 45
1326 492 45
1327 492 45
1329 492 45
1330 492 45
1843 492 45
1844 492 45
1845 492 45
1846 492 45
697 493 45
698 493 45
699 493 45
700 493 45
870 493 45
871 493 45
872 493 45
873 493 45
925 493 45
926 493 45
927 493 45
991 493 45
992 493 45
993 493 45
994 493 45
1062 493 45
1063 493 45
1064 493 45
1065 493 45
1309 493 45
1310 493 45
1314 493 45
1315 493 45
1318 493 45
1319 493 45
1320 493 45
1321 493 45
1322 493 45
1323 493 45
1324 493 45
1325 493 45
1326 493 45
1328 493 45
1329 493 45
1842 493 45
1843 493 45
1845 493 45
1846 493 45
697 494 45
698 494 45
699 494 45
700 494 45
870 494 45
871 494 45
872 494 45
873 494 45
925 494 45
926 494 45
927 494 45
990 494 45
991 494 45
993 494 45
994 494 45
1062 494 45
1063 494 45
1064 494 45
1065 494 45
1308 494 45
1309 494 45
1315 494 45
1316 494 45
1318 494 45
1319 494 45
1320 494 45
1321 494 45
1322 494 45
1323 494 45
1325 494 45
1326 494 45
1328 494 45
1329 494 45
1842 494 45
1843 494 45
1844 494 45
1845 494 45
697 495 45
698 495 45
699 495 45
700 495 45
869 495 45
870 495 45
872 495 45
873 495 45
924 495 45
925 495 45
926 495 45
927 495 45
990 495 45
991 495 45
992 495 45
993 495 45
1061 495 45
1062 495 45
1064 495 45
1065 495 45
1308 495 45
1309 495 45
1315 495 45
1316 495 45
1317 495 45
1318 495 45
1319 495 45
1320 495 45
1321 495 45
1322 495 45
1325 495 45
1326 495 45
1327 495 45
1328 495 45
1329 495 45
1842 495 45
1843 495 45
1844 495 45
1845 495 45
697 496 45
698 496 45
699 496 45
700 496 45
869 496 45
870 496 45
872 496 45
873 496 45
924 496 45
925 496 45
926 496 45
927 496 45
989 496 45
990 496 45
992 496 45
993 496 45
1061 496 45
1062 496 45
1063 496 45
1064 496 45
1308 496 45
1309 496 45
1316 496 45
1317 496 45
1320 496 45
1321 496 45
1322 496 45
1325 496 45
1326 496 45
1327 496 45
1328 496 45
1841 496 45
1842 496 45
1844 496 45
1845 496 45
697 497 45
698 497 45
699 497 45
700 497 45
869 497 45
870 497 45
872 497 45
873 497 45
924 497 45
925 497 45
926 497 45
927 497 45
989 497 45
990 497 45
992 497 45
993 497 45
1060 497 45
1061 497 45
1063 497 45
1064 497 45
1307 497 45
1308 497 45
1320 497 45
1321 497 45
1326 497 45
1841 497 45
1842 497 45
1843 497 45
1844 497 45
697 498 45
698 498 45
699 498 45
700 498 45
868 498 45
869 498 45
871 498 45
872 498 45
923 498 45
924 498 45
925 498 45
926 498 45
989 498 45
990 498 45
991 498 45
992 498 45
1060 498 45
1061 498 45
1062 498 45
1063 498 45
1307 498 45
1308 498 45
1321 498 45
1322 498 45
1841 498 45
1842 498 45
1843 498 45
1844 498 45
697 499 45
698 499 45
699 499 45
700 499 45
868 499 45
869 499 45
871 499 45
872 499 45
923 499 45
924 499 45
925 499 45
926 499 45
988 499 45
989 499 45
991 499 45
992 499 45
1060 499 45
1061 499 45
1062 499 45
1063 499 45
1306 499 45
1307 499 45
1322 499 45
1323 499 45
1840 499 45
1841 499 45
1843 499 45
1844 499 45
697 500 45
698 500 45
699 500 45
700 500 45
868 500 45
869 500 45
871 500 45
872 500 45
922 500 45
923 500 45
924 500 45
925 500 45
988 500 45
989 500 45
991 500 45
992 500 45
1060 500 45
1061 500 45
1062 500 45
1063 500 45
1306 500 45
1307 500 45
1322 500 45
1323 500 45
1840 500 45
1841 500 45
1842 500 45
1843 500 45
697 501 45
698 501 45
699 501 45
700 501 45
868 501 45
869 501 45
871 501 45
872 501 45
922 501 45
923 501 45
924 501 45
925 501 45
988 501 45
989 501 45
990 501 45
991 501 45
1059 501 45
1060 501 45
1062 501 45
1063 501 45
1306 501 45
1307 501 45
1322 501 45
1323 501 45
1839 501 45
1840 501 45
1842 501 45
1843 501 45
697 502 45
698 502 45
699 502 45
700 502 45
867 502 45
868 502 45
870 502 45
871 502 45
922 502 45
923 502 45
924 502 45
925 502 45
987 502 45
988 502 45
990 502 45
991 502 45
1059 502 45
1060 502 45
1061 502 45
1062 502 45
1305 502 45
1306 502 45
1322 502 45
1323 502 45
1839 502 45
1840 502 45
1842 502 45
1843 502 45
697 503 45
698 503 45
699 503 45
700 503 45
867 503 45
868 503 45
870 503 45
871 503 45
921 503 45
922 503 45
923 503 45
924 503 45
987 503 45
988 503 45
990 503 45
991 503 45
1059 503 45
1060 503 45
1061 503 45
1062 503 45
1304 503 45
1305 503 45
1322 503 45
1323 503 45
1839 503 45
1840 503 45
1842 503 45
1843 503 45
697 504 45
698 504 45
699 504 45
700 504 45
866 504 45
867 504 45
869 504 45
870 504 45
921 504 45
922 504 45
923 504 45
924 504 45
987 504 45
988 504 45
989 504 45
990 504 45
1058 504 45
1059 504 45
1061 504 45
1062 504 45
1304 504 45
1305 504 45
1322 504 45
1323 504 45
1839 504 45
1840 504 45
1841 504 45
1842 504 45
697 505 45
698 505 45
699 505 45
700 505 45
731 505 45
867 505 45
868 505 45
869 505 45
870 505 45
921 505 45
922 505 45
923 505 45
987 505 45
988 505 45
989 505 45
990 505 45
1058 505 45
1059 505 45
1060 505 45
1061 505 45
1304 505 45
1305 505 45
1322 505 45
1323 505 45
1838 505 45
1839 505 45
1841 505 45
1842 505 45
697 506 45
698 506 45
699 506 45
700 506 45
730 506 45
731 506 45
732 506 45
866 506 45
867 506 45
868 506 45
869 506 45
870 506 45
920 506 45
921 506 45
922 506 45
923 506 45
986 506 45
987 506 45
989 506 45
990 506 45
1058 506 45
1059 506 45
1060 506 45
1061 506 45
1304 506 45
1305 506 45
1322 506 45
1323 506 45
1838 506 45
1839 506 45
1841 506 45
1842 506 45
697 507 45
698 507 45
699 507 45
700 507 45
730 507 45
731 507 45
865 507 45
866 507 45
867 507 45
868 507 45
869 507 45
920 507 45
921 507 45
922 507 45
923 507 45
986 507 45
987 507 45
988 507 45
989 507 45
1058 507 45
1059 507 45
1060 507 45
1061 507 45
1304 507 45
1305 507 45
1322 507 45
1323 507 45
1838 507 45
1839 507 45
1841 507 45
1842 507 45
696 508 45
697 508 45
699 508 45
700 508 45
729 508 45
730 508 45
731 508 45
865 508 45
866 508 45
867 508 45
868 508 45
919 508 45
920 508 45
921 508 45
922 508 45
986 508 45
987 508 45
988 508 45
989 508 45
1058 508 45
1059 508 45
1060 508 45
1061 508 45
1304 508 45
1305 508 45
1322 508 45
1323 508 45
1837 508 45
1838 508 45
1840 508 45
1841 508 45
696 509 45
697 509 45
699 509 45
700 509 45
729 509 45
730 509 45
864 509 45
865 509 45
866 509 45
867 509 45
919 509 45
920 509 45
921 509 45
985 509 45
986 509 45
988 509 45
989 509 45
1058 509 45
1059 509 45
1060 509 45
1061 509 45
1304 509 45
1305 509 45
1321 509 45
1322 509 45
1837 509 45
1838 509 45
1840 509 45
1841 509 45
696 510 45
697 510 45
699 510 45
700 510 45
728 510 45
729 510 45
730 510 45
864 510 45
865 510 45
866 510 45
867 510 45
919 510 45
920 510 45
921 510 45
985 510 45
986 510 45
988 510 45
989 510 45
1057 510 45
1058 510 45
1060 510 45
1061 510 45
1304 510 45
1305 510 45
1321 510 45
1322 510 45
1837 510 45
1838 510 45
1840 510 45
1841 510 45
696 511 45
697 511 45
698 511 45
699 511 45
728 511 45
729 511 45
863 511 45
864 511 45
865 511 45
866 511 45
918 511 45
919 511 45
920 511 45
921 511 45
985 511 45
986 511 45
987 511 45
988 511 45
1057 511 45
1058 511 45
1060 511 45
1061 511 45
1304 511 45
1305 511 45
1320 511 45
1321 511 45
1837 511 45
1838 511 45
1840 511 45
1841 511 45
696 512 45
697 512 45
698 512 45
699 512 45
727 512 45
728 512 45
729 512 45
863 512 45
864 512 45
865 512 45
866 512 45
918 512 45
919 512 45
920 512 45
984 512 45
985 512 45
987 512 45
988 512 45
1057 512 45
1058 512 45
1060 512 45
1061 512 45
1304 512 45
1305 512 45
1320 512 45
1321 512 45
1837 512 45
1838 512 45
1840 512 45
1841 512 45
696 513 45
697 513 45
698 513 45
699 513 45
727 513 45
728 513 45
729 513 45
862 513 45
863 513 45
864 513 45
865 513 45
917 513 45
918 513 45
919 513 45
920 513 45
984 513 45
985 513 45
986 513 45
987 513 45
1057 513 45
1058 513 45
1060 513 45
1061 513 45
1304 513 45
1305 513 45
1319 513 45
1320 513 45
1837 513 45
1838 513 45
1839 513 45
1840 513 45
696 514 45
697 514 45
698 514 45
699 514 45
727 514 45
728 514 45
862 514 45
863 514 45
864 514 45
865 514 45
916 514 45
917 514 45
918 514 45
919 514 45
920 514 45
984 514 45
985 514 45
986 514 45
987 514 45
1057 514 45
1058 514 45
1060 514 45
1061 514 45
1304 514 45
1305 514 45
1318 514 45
1319 514 45
1836 514 45
1837 514 45
1839 514 45
1840 514 45
696 515 45
697 515 45
698 515 45
699 515 45
726 515 45
727 515 45
728 515 45
861 515 45
862 515 45
863 515 45
864 515 45
915 515 45
916 515 45
918 515 45
919 515 45
984 515 45
985 515 45
986 515 45
987 515 45
1057 515 45
1058 515 45
1059 515 45
1060 515 45
1305 515 45
1306 515 45
1318 515 45
1319 515 45
1836 515 45
1837 515 45
1839 515 45
1840 515 45
696 516 45
697 516 45
698 516 45
699 516 45
724 516 45
725 516 45
726 516 45
727 516 45
728 516 45
861 516 45
862 516 45
863 516 45
864 516 45
914 516 45
915 516 45
917 516 45
918 516 45
983 516 45
984 516 45
986 516 45
987 516 45
1057 516 45
1058 516 45
1059 516 45
1060 516 45
1305 516 45
1306 516 45
1318 516 45
1319 516 45
1836 516 45
1837 516 45
1839 516 45
1840 516 45
696 517 45
697 517 45
698 517 45
699 517 45
723 517 45
724 517 45
725 517 45
726 517 45
727 517 45
860 517 45
861 517 45
862 517 45
863 517 45
864 517 45
914 517 45
915 517 45
917 517 45
918 517 45
983 517 45
984 517 45
985 517 45
986 517 45
1057 517 45
1058 517 45
1059 517 45
1060 517 45
1305 517 45
1306 517 45
1317 517 45
1318 517 45
1836 517 45
1837 517 45
1838 517 45
1839 517 45
696 518 45
697 518 45
698 518 45
699 518 45
722 518 45
723 518 45
726 518 45
727 518 45
861 518 45
863 518 45
913 518 45
914 518 45
915 518 45
916 518 45
917 518 45
983 518 45
984 518 45
985 518 45
986 518 45
1057 518 45
1058 518 45
1059 518 45
1060 518 45
1305 518 45
1306 518 45
1317 518 45
1318 518 45
1836 518 45
1837 518 45
1838 518 45
1839 518 45
696 519 45
697 519 45
698 519 45
699 519 45
722 519 45
723 519 45
726 519 45
727 519 45
912 519 45
913 519 45
914 519 45
917 519 45
918 519 45
983 519 45
984 519 45
985 519 45
986 519 45
1057 519 45
1058 519 45
1059 519 45
1060 519 45
1305 519 45
1306 519 45
1317 519 45
1318 519 45
1835 519 45
1836 519 45
1838 519 45
1839 519 45
696 520 45
697 520 45
698 520 45
699 520 45
722 520 45
723 520 45
725 520 45
726 520 45
912 520 45
913 520 45
916 520 45
917 520 45
982 520 45
983 520 45
985 520 45
986 520 45
1057 520 45
1058 520 45
1059 520 45
1060 520 45
1305 520 45
1306 520 45
1316 520 45
1317 520 45
1835 520 45
1836 520 45
1838 520 45
1839 520 45
696 521 45
697 521 45
698 521 45
699 521 45
721 521 45
722 521 45
725 521 45
726 521 45
911 521 45
912 521 45
915 521 45
916 521 45
982 521 45
983 521 45
984 521 45
985 521 45
1057 521 45
1058 521 45
1059 521 45
1060 521 45
1305 521 45
1306 521 45
1316 521 45
1317 521 45
1835 521 45
1836 521 45
1837 521 45
1838 521 45
696 522 45
697 522 45
698 522 45
699 522 45
721 522 45
722 522 45
725 522 45
726 522 45
911 522 45
912 522 45
914 522 45
915 522 45
982 522 45
983 522 45
984 522 45
985 522 45
1057 522 45
1058 522 45
1059 522 45
1060 522 45
1305 522 45
1306 522 45
1316 522 45
1317 522 45
1835 522 45
1836 522 45
1837 522 45
1838 522 45
696 523 45
697 523 45
698 523 45
699 523 45
721 523 45
722 523 45
724 523 45
725 523 45
910 523 45
911 523 45
913 523 45
914 523 45
982 523 45
983 523 45
984 523 45
985 523 45
1057 523 45
1058 523 45
1059 523 45
1060 523 45
1305 523 45
1306 523 45
1315 523 45
1316 523 45
1835 523 45
1836 523 45
1837 523 45
1838 523 45
696 524 45
697 524 45
698 524 45
699 524 45
721 524 45
722 524 45
724 524 45
725 524 45
910 524 45
911 524 45
913 524 45
914 524 45
982 524 45
983 524 45
984 524 45
985 524 45
1057 524 45
1058 524 45
1059 524 45
1060 524 45
1306 524 45
1307 524 45
1315 524 45
1316 524 45
1835 524 45
1836 524 45
1837 524 45
1838 524 45
696 525 45
697 525 45
698 525 45
699 525 45
721 525 45
722 525 45
724 525 45
725 525 45
909 525 45
910 525 45
912 525 45
913 525 45
981 525 45
982 525 45
984 525 45
985 525 45
1057 525 45
1058 525 45
1059 525 45
1060 525 45
1306 525 45
1307 525 45
1315 525 45
1316 525 45
1835 525 45
1836 525 45
1837 525 45
1838 525 45
696 526 45
697 526 45
699 526 45
700 526 45
720 526 45
721 526 45
722 526 45
724 526 45
725 526 45
909 526 45
910 526 45
912 526 45
913 526 45
981 526 45
982 526 45
983 526 45
984 526 45
1057 526 45
1058 526 45
1059 526 45
1060 526 45
1306 526 45
1307 526 45
1315 526 45
1316 526 45
1835 526 45
1836 526 45
1837 526 45
1838 526 45
696 527 45
697 527 45
699 527 45
700 527 45
720 527 45
721 527 45
722 527 45
723 527 45
724 527 45
725 527 45
908 527 45
909 527 45
911 527 45
912 527 45
981 527 45
982 527 45
983 527 45
984 527 45
1057 527 45
1058 527 45
1059 527 45
1060 527 45
1307 527 45
1308 527 45
1315 527 45
1316 527 45
1835 527 45
1836 527 45
1837 527 45
1838 527 45
696 528 45
697 528 45
699 528 45
700 528 45
720 528 45
721 528 45
722 528 45
723 528 45
724 528 45
908 528 45
909 528 45
910 528 45
911 528 45
981 528 45
982 528 45
983 528 45
984 528 45
1057 528 45
1058 528 45
1059 528 45
1060 528 45
1307 528 45
1308 528 45
1314 528 45
1315 528 45
1835 528 45
1836 528 45
1837 528 45
1838 528 45
696 529 45
697 529 45
699 529 45
700 529 45
720 529 45
721 529 45
723 529 45
724 529 45
907 529 45
908 529 45
909 529 45
910 529 45
981 529 45
982 529 45
983 529 45
984 529 45
1057 529 45
1058 529 45
1059 529 45
1060 529 45
1307 529 45
1308 529 45
1314 529 45
1315 529 45
1835 529 45
1836 529 45
1837 529 45
1838 529 45
696 530 45
697 530 45
699 530 45
700 530 45
720 530 45
721 530 45
723 530 45
724 530 45
906 530 45
907 530 45
908 530 45
909 530 45
980 530 45
981 530 45
983 530 45
984 530 45
1057 530 45
1058 530 45
1059 530 45
1060 530 45
1307 530 45
1308 530 45
1314 530 45
1315 530 45
1834 530 45
1835 530 45
1837 530 45
1838 530 45
696 531 45
697 531 45
699 531 45
700 531 45
720 531 45
721 531 45
723 531 45
724 531 45
906 531 45
907 531 45
908 531 45
980 531 45
981 531 45
983 531 45
984 531 45
1057 531 45
1058 531 45
1059 531 45
1060 531 45
1307 531 45
1308 531 45
1314 531 45
1315 531 45
1834 531 45
1835 531 45
1836 531 45
1837 531 45
697 532 45
698 532 45
699 532 45
700 532 45
719 532 45
720 532 45
723 532 45
724 532 45
905 532 45
906 532 45
907 532 45
908 532 45
980 532 45
981 532 45
982 532 45
983 532 45
1057 532 45
1058 532 45
1059 532 45
1060 532 45
1307 532 45
1308 532 45
1314 532 45
1315 532 45
1834 532 45
1835 532 45
1836 532 45
1837 532 45
697 533 45
698 533 45
699 533 45
700 533 45
719 533 45
720 533 45
722 533 45
723 533 45
904 533 45
905 533 45
906 533 45
907 533 45
979 533 45
980 533 45
982 533 45
983 533 45
1057 533 45
1058 533 45
1060 533 45
1061 533 45
1307 533 45
1308 533 45
1314 533 45
1315 533 45
1316 533 45
1317 533 45
1834 533 45
1835 533 45
1836 533 45
1837 533 45
697 534 45
698 534 45
700 534 45
701 534 45
719 534 45
720 534 45
722 534 45
723 534 45
903 534 45
904 534 45
906 534 45
907 534 45
979 534 45
980 534 45
982 534 45
983 534 45
1058 534 45
1059 534 45
1060 534 45
1061 534 45
1307 534 45
1308 534 45
1315 534 45
1316 534 45
1317 534 45
1318 534 45
1834 534 45
1835 534 45
1836 534 45
1837 534 45
697 535 45
698 535 45
700 535 45
701 535 45
719 535 45
720 535 45
721 535 45
722 535 45
903 535 45
904 535 45
906 535 45
907 535 45
979 535 45
980 535 45
982 535 45
983 535 45
1058 535 45
1059 535 45
1060 535 45
1061 535 45
1307 535 45
1308 535 45
1315 535 45
1316 535 45
1317 535 45
1318 535 45
1834 535 45
1835 535 45
1836 535 45
1837 535 45
697 536 45
698 536 45
700 536 45
701 536 45
719 536 45
720 536 45
721 536 45
722 536 45
902 536 45
903 536 45
905 536 45
906 536 45
978 536 45
979 536 45
981 536 45
982 536 45
1058 536 45
1059 536 45
1060 536 45
1061 536 45
1065 536 45
1307 536 45
1308 536 45
1315 536 45
1316 536 45
1317 536 45
1318 536 45
1834 536 45
1835 536 45
1836 536 45
1837 536 45
697 537 45
698 537 45
700 537 45
701 537 45
718 537 45
719 537 45
721 537 45
722 537 45
901 537 45
902 537 45
904 537 45
905 537 45
978 537 45
979 537 45
981 537 45
982 537 45
1058 537 45
1059 537 45
1061 537 45
1062 537 45
1063 537 45
1064 537 45
1065 537 45
1066 537 45
1067 537 45
1307 537 45
1308 537 45
1315 537 45
1316 537 45
1317 537 45
1318 537 45
1834 537 45
1835 537 45
1836 537 45
1837 537 45
697 538 45
698 538 45
700 538 45
701 538 45
718 538 45
719 538 45
721 538 45
722 538 45
723 538 45
900 538 45
901 538 45
903 538 45
904 538 45
978 538 45
979 538 45
980 538 45
981 538 45
982 538 45
1057 538 45
1058 538 45
1060 538 45
1061 538 45
1062 538 45
1063 538 45
1064 538 45
1066 538 45
1067 538 45
1068 538 45
1307 538 45
1308 538 45
1314 538 45
1315 538 45
1316 538 45
1317 538 45
1833 538 45
1834 538 45
1836 538 45
1837 538 45
697 539 45
698 539 45
700 539 45
701 539 45
718 539 45
719 539 45
722 539 45
723 539 45
724 539 45
899 539 45
900 539 45
902 539 45
903 539 45
977 539 45
978 539 45
979 539 45
981 539 45
982 539 45
1056 539 45
1057 539 45
1061 539 45
1062 539 45
1068 539 45
1069 539 45
1307 539 45
1308 539 45
1314 539 45
1315 539 45
1833 539 45
1834 539 45
1835 539 45
1836 539 45
697 540 45
698 540 45
700 540 45
701 540 45
718 540 45
719 540 45
723 540 45
724 540 45
898 540 45
899 540 45
901 540 45
902 540 45
977 540 45
978 540 45
980 540 45
981 540 45
1055 540 45
1056 540 45
1068 540 45
1069 540 45
1308 540 45
1309 540 45
1314 540 45
1315 540 45
1833 540 45
1834 540 45
1835 540 45
1836 540 45
697 541 45
698 541 45
700 541 45
701 541 45
718 541 45
719 541 45
722 541 45
723 541 45
724 541 45
897 541 45
898 541 45
901 541 45
902 541 45
977 541 45
978 541 45
980 541 45
981 541 45
1055 541 45
1056 541 45
1068 541 45
1069 541 45
1309 541 45
1310 541 45
1311 541 45
1312 541 45
1314 541 45
1315 541 45
1833 541 45
1834 541 45
1835 541 45
1836 541 45
697 542 45
698 542 45
700 542 45
701 542 45
717 542 45
718 542 45
721 542 45
722 542 45
723 542 45
896 542 45
897 542 45
900 542 45
901 542 45
976 542 45
977 542 45
979 542 45
980 542 45
1055 542 45
1056 542 45
1068 542 45
1069 542 45
1310 542 45
1311 542 45
1312 542 45
1313 542 45
1314 542 45
1833 542 45
1834 542 45
1835 542 45
1836 542 45
698 543 45
699 543 45
700 543 45
701 543 45
717 543 45
718 543 45
720 543 45
721 543 45
895 543 45
896 543 45
899 543 45
900 543 45
976 543 45
977 543 45
979 543 45
980 543 45
1055 543 45
1056 543 45
1068 543 45
1069 543 45
1312 543 45
1313 543 45
1314 543 45
1833 543 45
1834 543 45
1835 543 45
1836 543 45
698 544 45
699 544 45
700 544 45
701 544 45
717 544 45
718 544 45
720 544 45
721 544 45
894 544 45
895 544 45
898 544 45
899 544 45
976 544 45
977 544 45
979 544 45
980 544 45
1055 544 45
1056 544 45
1068 544 45
1069 544 45
1311 544 45
1312 544 45
1313 544 45
1314 544 45
1833 544 45
1834 544 45
1835 544 45
1836 544 45
698 545 45
699 545 45
700 545 45
701 545 45
716 545 45
717 545 45
720 545 45
721 545 45
894 545 45
895 545 45
898 545 45
899 545 45
976 545 45
977 545 45
979 545 45
980 545 45
1055 545 45
1056 545 45
1067 545 45
1068 545 45
1311 545 45
1312 545 45
1313 545 45
1314 545 45
1833 545 45
1834 545 45
1835 545 45
1836 545 45
698 546 45
699 546 45
700 546 45
701 546 45
716 546 45
717 546 45
719 546 45
720 546 45
893 546 45
894 546 45
897 546 45
898 546 45
975 546 45
976 546 45
978 546 45
979 546 45
1055 546 45
1056 546 45
1066 546 45
1067 546 45
1311 546 45
1312 546 45
1313 546 45
1314 546 45
1833 546 45
1834 546 45
1835 546 45
1836 546 45
698 547 45
699 547 45
700 547 45
701 547 45
716 547 45
717 547 45
718 547 45
719 547 45
892 547 45
893 547 45
894 547 45
895 547 45
896 547 45
897 547 45
975 547 45
976 547 45
977 547 45
978 547 45
1054 547 45
1055 547 45
1066 547 45
1067 547 45
1310 547 45
1311 547 45
1312 547 45
1313 547 45
1314 547 45
1833 547 45
1834 547 45
1835 547 45
1836 547 45
698 548 45
699 548 45
700 548 45
715 548 45
716 548 45
717 548 45
718 548 45
719 548 45
720 548 45
891 548 45
892 548 45
893 548 45
894 548 45
895 548 45
896 548 45
975 548 45
976 548 45
977 548 45
978 548 45
1054 548 45
1055 548 45
1066 548 45
1067 548 45
1309 548 45
1310 548 45
1312 548 45
1313 548 45
1832 548 45
1833 548 45
1835 548 45
1836 548 45
698 549 45
699 549 45
700 549 45
715 549 45
716 549 45
718 549 45
720 549 45
721 549 45
890 549 45
891 549 45
892 549 45
893 549 45
894 549 45
974 549 45
975 549 45
977 549 45
978 549 45
1054 549 45
1055 549 45
1067 549 45
1068 549 45
1308 549 45
1309 549 45
1312 549 45
1313 549 45
1832 549 45
1833 549 45
1834 549 45
1835 549 45
698 550 45
699 550 45
700 550 45
715 550 45
716 550 45
720 550 45
721 550 45
890 550 45
891 550 45
892 550 45
893 550 45
973 550 45
974 550 45
976 550 45
977 550 45
1054 550 45
1055 550 45
1068 550 45
1069 550 45
1308 550 45
1309 550 45
1312 550 45
1313 550 45
1832 550 45
1833 550 45
1834 550 45
1835 550 45
697 551 45
698 551 45
699 551 45
700 551 45
715 551 45
716 551 45
720 551 45
721 551 45
889 551 45
890 551 45
891 551 45
892 551 45
893 551 45
973 551 45
974 551 45
975 551 45
976 551 45
1053 551 45
1054 551 45
1068 551 45
1069 551 45
1307 551 45
1308 551 45
1312 551 45
1313 551 45
1832 551 45
1833 551 45
1834 551 45
1835 551 45
697 552 45
698 552 45
699 552 45
714 552 45
715 552 45
720 552 45
721 552 45
888 552 45
889 552 45
890 552 45
891 552 45
892 552 45
973 552 45
974 552 45
975 552 45
976 552 45
1053 552 45
1054 552 45
1068 552 45
1069 552 45
1306 552 45
1307 552 45
1312 552 45
1313 552 45
1832 552 45
1833 552 45
1834 552 45
1835 552 45
697 553 45
698 553 45
699 553 45
714 553 45
715 553 45
717 553 45
718 553 45
720 553 45
721 553 45
888 553 45
889 553 45
890 553 45
972 553 45
973 553 45
975 553 45
976 553 45
1053 553 45
1054 553 45
1067 553 45
1068 553 45
1306 553 45
1307 553 45
1312 553 45
1313 553 45
1832 553 45
1833 553 45
1834 553 45
1835 553 45
697 554 45
698 554 45
699 554 45
714 554 45
715 554 45
716 554 45
717 554 45
718 554 45
719 554 45
720 554 45
721 554 45
887 554 45
888 554 45
889 554 45
890 554 45
972 554 45
973 554 45
974 554 45
975 554 45
1053 554 45
1054 554 45
1066 554 45
1067 554 45
1305 554 45
1306 554 45
1308 554 45
1309 554 45
1312 554 45
1313 554 45
1831 554 45
1832 554 45
1834 554 45
1835 554 45
696 555 45
697 555 45
698 555 45
699 555 45
714 555 45
715 555 45
716 555 45
717 555 45
718 555 45
719 555 45
720 555 45
721 555 45
887 555 45
888 555 45
889 555 45
890 555 45
972 555 45
973 555 45
974 555 45
975 555 45
1053 555 45
1054 555 45
1065 555 45
1066 555 45
1305 555 45
1306 555 45
1307 555 45
1308 555 45
1309 555 45
1310 555 45
1312 555 45
1313 555 45
1831 555 45
1832 555 45
1834 555 45
1835 555 45
696 556 45
697 556 45
698 556 45
699 556 45
714 556 45
715 556 45
716 556 45
719 556 45
720 556 45
886 556 45
887 556 45
888 556 45
889 556 45
972 556 45
973 556 45
974 556 45
975 556 45
1053 556 45
1054 556 45
1065 556 45
1066 556 45
1305 556 45
1306 556 45
1307 556 45
1308 556 45
1309 556 45
1312 556 45
1313 556 45
1831 556 45
1832 556 45
1833 556 45
1834 556 45
696 557 45
697 557 45
698 557 45
714 557 45
715 557 45
716 557 45
885 557 45
886 557 45
887 557 45
888 557 45
971 557 45
972 557 45
974 557 45
975 557 45
1053 557 45
1054 557 45
1066 557 45
1067 557 45
1306 557 45
1308 557 45
1309 557 45
1312 557 45
1313 557 45
1831 557 45
1832 557 45
1833 557 45
1834 557 45
695 558 45
696 558 45
697 558 45
698 558 45
714 558 45
715 558 45
716 558 45
885 558 45
886 558 45
887 558 45
971 558 45
972 558 45
974 558 45
975 558 45
1054 558 45
1055 558 45
1066 558 45
1067 558 45
1308 558 45
1309 558 45
1312 558 45
1313 558 45
1831 558 45
1832 558 45
1833 558 45
1834 558 45
695 559 45
696 559 45
697 559 45
698 559 45
713 559 45
714 559 45
715 559 45
716 559 45
885 559 45
886 559 45
887 559 45
971 559 45
972 559 45
974 559 45
975 559 45
1055 559 45
1056 559 45
1057 559 45
1058 559 45
1059 559 45
1067 559 45
1068 559 45
1308 559 45
1309 559 45
1312 559 45
1313 559 45
1831 559 45
1832 559 45
1833 559 45
1834 559 45
695 560 45
696 560 45
697 560 45
698 560 45
713 560 45
714 560 45
715 560 45
884 560 45
885 560 45
886 560 45
887 560 45
971 560 45
972 560 45
973 560 45
974 560 45
1056 560 45
1057 560 45
1058 560 45
1059 560 45
1060 560 45
1067 560 45
1068 560 45
1308 560 45
1309 560 45
1312 560 45
1313 560 45
1831 560 45
1832 560 45
1833 560 45
1834 560 45
695 561 45
696 561 45
697 561 45
713 561 45
714 561 45
715 561 45
885 561 45
886 561 45
970 561 45
971 561 45
973 561 45
974 561 45
1060 561 45
1061 561 45
1067 561 45
1068 561 45
1308 561 45
1309 561 45
1312 561 45
1313 561 45
1831 561 45
1832 561 45
1833 561 45
1834 561 45
695 562 45
696 562 45
697 562 45
713 562 45
714 562 45
715 562 45
970 562 45
971 562 45
973 562 45
974 562 45
1060 562 45
1061 562 45
1067 562 45
1068 562 45
1308 562 45
1309 562 45
1312 562 45
1313 562 45
1830 562 45
1831 562 45
1833 562 45
1834 562 45
694 563 45
695 563 45
696 563 45
697 563 45
713 563 45
714 563 45
715 563 45
970 563 45
971 563 45
972 563 45
973 563 45
1060 563 45
1061 563 45
1067 563 45
1068 563 45
1308 563 45
1309 563 45
1312 563 45
1313 563 45
1830 563 45
1831 563 45
1832 563 45
1833 563 45
694 564 45
695 564 45
696 564 45
697 564 45
712 564 45
713 564 45
714 564 45
715 564 45
970 564 45
971 564 45
972 564 45
973 564 45
1060 564 45
1061 564 45
1067 564 45
1068 564 45
1308 564 45
1309 564 45
1312 564 45
1313 564 45
1830 564 45
1831 564 45
1832 564 45
1833 564 45
694 565 45
695 565 45
696 565 45
697 565 45
712 565 45
713 565 45
714 565 45
970 565 45
971 565 45
972 565 45
973 565 45
1059 565 45
1060 565 45
1061 565 45
1062 565 45
1067 565 45
1068 565 45
1308 565 45
1309 565 45
1312 565 45
1313 565 45
1829 565 45
1830 565 45
1832 565 45
1833 565 45
694 566 45
695 566 45
696 566 45
697 566 45
712 566 45
713 566 45
714 566 45
969 566 45
970 566 45
972 566 45
973 566 45
1059 566 45
1060 566 45
1061 566 45
1067 566 45
1068 566 45
1308 566 45
1309 566 45
1312 566 45
1313 566 45
1829 566 45
1830 566 45
1831 566 45
1832 566 45
694 567 45
695 567 45
696 567 45
712 567 45
713 567 45
714 567 45
969 567 45
970 567 45
972 567 45
973 567 45
1059 567 45
1060 567 45
1067 567 45
1068 567 45
1308 567 45
1309 567 45
1312 567 45
1313 567 45
1829 567 45
1830 567 45
1831 567 45
1832 567 45
694 568 45
695 568 45
696 568 45
711 568 45
712 568 45
713 568 45
714 568 45
969 568 45
970 568 45
971 568 45
972 568 45
1059 568 45
1060 568 45
1067 568 45
1068 568 45
1308 568 45
1309 568 45
1312 568 45
1313 568 45
1828 568 45
1829 568 45
1831 568 45
1832 568 45
694 569 45
695 569 45
696 569 45
711 569 45
712 569 45
713 569 45
968 569 45
969 569 45
971 569 45
972 569 45
1056 569 45
1057 569 45
1058 569 45
1059 569 45
1066 569 45
1067 569 45
1308 569 45
1309 569 45
1312 569 45
1313 569 45
1827 569 45
1828 569 45
1831 569 45
1832 569 45
693 570 45
694 570 45
695 570 45
696 570 45
711 570 45
712 570 45
713 570 45
968 570 45
969 570 45
970 570 45
971 570 45
1050 570 45
1051 570 45
1052 570 45
1053 570 45
1054 570 45
1055 570 45
1056 570 45
1057 570 45
1058 570 45
1066 570 45
1067 570 45
1308 570 45
1309 570 45
1312 570 45
1313 570 45
1826 570 45
1827 570 45
1829 570 45
1830 570 45
1831 570 45
693 571 45
694 571 45
695 571 45
696 571 45
710 571 45
711 571 45
712 571 45
713 571 45
968 571 45
969 571 45
970 571 45
971 571 45
1049 571 45
1050 571 45
1051 571 45
1052 571 45
1053 571 45
1054 571 45
1055 571 45
1066 571 45
1067 571 45
1308 571 45
1309 571 45
1312 571 45
1313 571 45
1826 571 45
1827 571 45
1828 571 45
1829 571 45
1830 571 45
1831 571 45
693 572 45
694 572 45
695 572 45
710 572 45
711 572 45
712 572 45
713 572 45
968 572 45
969 572 45
970 572 45
971 572 45
1049 572 45
1050 572 45
1065 572 45
1066 572 45
1308 572 45
1309 572 45
1312 572 45
1313 572 45
1826 572 45
1827 572 45
1828 572 45
1829 572 45
1830 572 45
1831 572 45
693 573 45
694 573 45
695 573 45
710 573 45
711 573 45
712 573 45
968 573 45
969 573 45
970 573 45
971 573 45
1048 573 45
1049 573 45
1065 573 45
1066 573 45
1308 573 45
1309 573 45
1311 573 45
1312 573 45
1825 573 45
1826 573 45
1828 573 45
1829 573 45
1830 573 45
693 574 45
694 574 45
695 574 45
710 574 45
711 574 45
712 574 45
969 574 45
970 574 45
1048 574 45
1049 574 45
1065 574 45
1066 574 45
1308 574 45
1309 574 45
1312 574 45
1313 574 45
1825 574 45
1826 574 45
1827 574 45
1828 574 45
1829 574 45
1830 574 45
693 575 45
694 575 45
695 575 45
709 575 45
710 575 45
711 575 45
712 575 45
1048 575 45
1049 575 45
1064 575 45
1065 575 45
1308 575 45
1309 575 45
1312 575 45
1313 575 45
1825 575 45
1826 575 45
1827 575 45
1828 575 45
1829 575 45
1830 575 45
693 576 45
694 576 45
695 576 45
709 576 45
710 576 45
711 576 45
1047 576 45
1048 576 45
1059 576 45
1060 576 45
1061 576 45
1063 576 45
1064 576 45
1065 576 45
1308 576 45
1309 576 45
1312 576 45
1313 576 45
1824 576 45
1825 576 45
1827 576 45
1828 576 45
1829 576 45
1830 576 45
692 577 45
693 577 45
694 577 45
695 577 45
708 577 45
709 577 45
710 577 45
711 577 45
1047 577 45
1048 577 45
1058 577 45
1059 577 45
1060 577 45
1061 577 45
1062 577 45
1063 577 45
1064 577 45
1308 577 45
1309 577 45
1312 577 45
1313 577 45
1824 577 45
1825 577 45
1826 577 45
1827 577 45
1828 577 45
1829 577 45
692 578 45
693 578 45
694 578 45
708 578 45
709 578 45
710 578 45
1047 578 45
1048 578 45
1056 578 45
1057 578 45
1058 578 45
1062 578 45
1308 578 45
1309 578 45
1312 578 45
1313 578 45
1824 578 45
1825 578 45
1826 578 45
1827 578 45
1828 578 45
1829 578 45
692 579 45
693 579 45
694 579 45
708 579 45
709 579 45
710 579 45
1046 579 45
1047 579 45
1055 579 45
1056 579 45
1057 579 45
1308 579 45
1309 579 45
1311 579 45
1312 579 45
1824 579 45
1825 579 45
1826 579 45
1827 579 45
1828 579 45
1829 579 45
692 580 45
693 580 45
694 580 45
707 580 45
708 580 45
709 580 45
710 580 45
1046 580 45
1047 580 45
1054 580 45
1055 580 45
1056 580 45
1308 580 45
1309 580 45
1311 580 45
1312 580 45
1824 580 45
1825 580 45
1826 580 45
1827 580 45
1828 580 45
691 581 45
692 581 45
693 581 45
694 581 45
707 581 45
708 581 45
709 581 45
1046 581 45
1047 581 45
1053 581 45
1054 581 45
1055 581 45
1308 581 45
1309 581 45
1311 581 45
1312 581 45
1824 581 45
1825 581 45
1827 581 45
1828 581 45
691 582 45
692 582 45
693 582 45
707 582 45
708 582 45
709 582 45
1046 582 45
1047 582 45
1052 582 45
1053 582 45
1054 582 45
1055 582 45
1308 582 45
1309 582 45
1311 582 45
1312 582 45
1824 582 45
1825 582 45
1827 582 45
1828 582 45
690 583 45
691 583 45
692 583 45
693 583 45
706 583 45
707 583 45
708 583 45
709 583 45
1046 583 45
1047 583 45
1052 583 45
1053 583 45
1054 583 45
1055 583 45
1308 583 45
1309 583 45
1310 583 45
1311 583 45
1824 583 45
1825 583 45
1827 583 45
1828 583 45
689 584 45
690 584 45
691 584 45
692 584 45
706 584 45
707 584 45
708 584 45
709 584 45
1046 584 45
1047 584 45
1053 584 45
1054 584 45
1308 584 45
1309 584 45
1310 584 45
1311 584 45
1824 584 45
1825 584 45
1827 584 45
1828 584 45
688 585 45
689 585 45
690 585 45
691 585 45
705 585 45
706 585 45
707 585 45
708 585 45
1047 585 45
1048 585 45
1053 585 45
1054 585 45
1308 585 45
1309 585 45
1310 585 45
1311 585 45
1824 585 45
1825 585 45
1827 585 45
1828 585 45
687 586 45
688 586 45
689 586 45
690 586 45
705 586 45
706 586 45
707 586 45
1048 586 45
1049 586 45
1050 586 45
1053 586 45
1054 586 45
1308 586 45
1309 586 45
1310 586 45
1311 586 45
1824 586 45
1825 586 45
1827 586 45
1828 586 45
686 587 45
687 587 45
688 587 45
689 587 45
705 587 45
706 587 45
707 587 45
1049 587 45
1050 587 45
1051 587 45
1052 587 45
1053 587 45
1308 587 45
1309 587 45
1310 587 45
1311 587 45
1824 587 45
1825 587 45
1827 587 45
1828 587 45
685 588 45
686 588 45
687 588 45
688 588 45
704 588 45
705 588 45
706 588 45
707 588 45
1050 588 45
1051 588 45
1052 588 45
1053 588 45
1307 588 45
1308 588 45
1310 588 45
1311 588 45
1824 588 45
1825 588 45
1827 588 45
1828 588 45
684 589 45
685 589 45
686 589 45
687 589 45
703 589 45
704 589 45
705 589 45
706 589 45
1050 589 45
1051 589 45
1052 589 45
1053 589 45
1307 589 45
1308 589 45
1309 589 45
1310 589 45
1824 589 45
1825 589 45
1827 589 45
1828 589 45
683 590 45
684 590 45
685 590 45
686 590 45
703 590 45
704 590 45
705 590 45
1050 590 45
1051 590 45
1052 590 45
1053 590 45
1307 590 45
1308 590 45
1309 590 45
1310 590 45
1824 590 45
1825 590 45
1827 590 45
1828 590 45
682 591 45
683 591 45
684 591 45
685 591 45
702 591 45
703 591 45
704 591 45
705 591 45
1050 591 45
1051 591 45
1052 591 45
1053 591 45
1307 591 45
1308 591 45
1309 591 45
1310 591 45
1825 591 45
1826 591 45
1827 591 45
1828 591 45
681 592 45
682 592 45
683 592 45
684 592 45
701 592 45
702 592 45
703 592 45
704 592 45
1050 592 45
1051 592 45
1052 592 45
1053 592 45
1307 592 45
1308 592 45
1309 592 45
1310 592 45
1825 592 45
1826 592 45
1827 592 45
1828 592 45
681 593 45
682 593 45
683 593 45
684 593 45
701 593 45
702 593 45
703 593 45
1050 593 45
1051 593 45
1052 593 45
1053 593 45
1306 593 45
1307 593 45
1309 593 45
1310 593 45
1825 593 45
1826 593 45
1827 593 45
1828 593 45
680 594 45
681 594 45
682 594 45
683 594 45
700 594 45
701 594 45
702 594 45
703 594 45
1050 594 45
1051 594 45
1052 594 45
1053 594 45
1306 594 45
1307 594 45
1308 594 45
1309 594 45
1825 594 45
1826 594 45
1827 594 45
1828 594 45
680 595 45
681 595 45
682 595 45
699 595 45
700 595 45
701 595 45
702 595 45
1050 595 45
1051 595 45
1052 595 45
1053 595 45
1306 595 45
1307 595 45
1308 595 45
1309 595 45
1825 595 45
1826 595 45
1827 595 45
1828 595 45
680 596 45
681 596 45
682 596 45
699 596 45
700 596 45
701 596 45
1050 596 45
1051 596 45
1052 596 45
1053 596 45
1305 596 45
1306 596 45
1308 596 45
1309 596 45
1825 596 45
1826 596 45
1827 596 45
1828 596 45
679 597 45
680 597 45
681 597 45
682 597 45
698 597 45
699 597 45
700 597 45
701 597 45
1049 597 45
1050 597 45
1051 597 45
1052 597 45
1053 597 45
1303 597 45
1304 597 45
1305 597 45
1307 597 45
1308 597 45
1825 597 45
1826 597 45
1827 597 45
1828 597 45
679 598 45
680 598 45
681 598 45
682 598 45
697 598 45
698 598 45
699 598 45
700 598 45
1048 598 45
1049 598 45
1050 598 45
1052 598 45
1053 598 45
1302 598 45
1303 598 45
1304 598 45
1306 598 45
1307 598 45
1825 598 45
1826 598 45
1827 598 45
1828 598 45
679 599 45
680 599 45
681 599 45
682 599 45
696 599 45
697 599 45
698 599 45
699 599 45
1047 599 45
1048 599 45
1052 599 45
1053 599 45
1301 599 45
1302 599 45
1304 599 45
1305 599 45
1306 599 45
1825 599 45
1826 599 45
1827 599 45
1828 599 45
679 600 45
680 600 45
681 600 45
696 600 45
697 600 45
698 600 45
1047 600 45
1048 600 45
1052 600 45
1053 600 45
1300 600 45
1301 600 45
1303 600 45
1304 600 45
1305 600 45
1825 600 45
1826 600 45
1827 600 45
1828 600 45
678 601 45
679 601 45
680 601 45
681 601 45
695 601 45
696 601 45
697 601 45
698 601 45
1047 601 45
1048 601 45
1052 601 45
1053 601 45
1299 601 45
1300 601 45
1302 601 45
1303 601 45
1825 601 45
1826 601 45
1827 601 45
1828 601 45
678 602 45
679 602 45
680 602 45
681 602 45
694 602 45
695 602 45
696 602 45
697 602 45
1047 602 45
1048 602 45
1052 602 45
1053 602 45
1299 602 45
1300 602 45
1301 602 45
1302 602 45
1825 602 45
1826 602 45
1827 602 45
1828 602 45
678 603 45
679 603 45
680 603 45
681 603 45
693 603 45
694 603 45
695 603 45
696 603 45
1047 603 45
1048 603 45
1052 603 45
1053 603 45
1298 603 45
1299 603 45
1301 603 45
1302 603 45
1825 603 45
1826 603 45
1827 603 45
1828 603 45
678 604 45
679 604 45
680 604 45
692 604 45
693 604 45
694 604 45
695 604 45
1047 604 45
1048 604 45
1052 604 45
1053 604 45
1298 604 45
1299 604 45
1300 604 45
1301 604 45
1825 604 45
1826 604 45
1827 604 45
1828 604 45
679 605 45
691 605 45
692 605 45
693 605 45
694 605 45
1047 605 45
1048 605 45
1052 605 45
1053 605 45
1297 605 45
1298 605 45
1300 605 45
1301 605 45
1825 605 45
1826 605 45
1827 605 45
1828 605 45
690 606 45
691 606 45
692 606 45
693 606 45
694 606 45
1047 606 45
1048 606 45
1052 606 45
1053 606 45
1297 606 45
1298 606 45
1299 606 45
1300 606 45
1825 606 45
1826 606 45
1827 606 45
1828 606 45
690 607 45
691 607 45
692 607 45
693 607 45
1048 607 45
1049 607 45
1051 607 45
1052 607 45
1296 607 45
1297 607 45
1299 607 45
1300 607 45
1825 607 45
1826 607 45
1827 607 45
1828 607 45
689 608 45
690 608 45
691 608 45
692 608 45
1047 608 45
1048 608 45
1050 608 45
1051 608 45
1052 608 45
1295 608 45
1296 608 45
1298 608 45
1299 608 45
1825 608 45
1826 608 45
1827 608 45
1828 608 45
689 609 45
690 609 45
691 609 45
692 609 45
1047 609 45
1048 609 45
1049 609 45
1050 609 45
1051 609 45
1295 609 45
1296 609 45
1298 609 45
1299 609 45
1825 609 45
1826 609 45
1827 609 45
1828 609 45
688 610 45
689 610 45
690 610 45
691 610 45
1047 610 45
1048 610 45
1050 610 45
1051 610 45
1295 610 45
1296 610 45
1297 610 45
1298 610 45
1825 610 45
1826 610 45
1827 610 45
1828 610 45
688 611 45
689 611 45
690 611 45
691 611 45
1048 611 45
1049 611 45
1050 611 45
1051 611 45
1294 611 45
1295 611 45
1297 611 45
1298 611 45
1825 611 45
1826 611 45
1827 611 45
1828 611 45
687 612 45
688 612 45
689 612 45
690 612 45
1047 612 45
1048 612 45
1049 612 45
1050 612 45
1294 612 45
1295 612 45
1296 612 45
1297 612 45
1825 612 45
1826 612 45
1827 612 45
1828 612 45
687 613 45
688 613 45
689 613 45
1047 613 45
1048 613 45
1049 613 45
1294 613 45
1295 613 45
1296 613 45
1297 613 45
1825 613 45
1826 613 45
1827 613 45
1828 613 45
687 614 45
688 614 45
689 614 45
1044 614 45
1046 614 45
1047 614 45
1048 614 45
1293 614 45
1294 614 45
1296 614 45
1297 614 45
1825 614 45
1826 614 45
1827 614 45
1828 614 45
686 615 45
687 615 45
688 615 45
689 615 45
1043 615 45
1044 615 45
1045 615 45
1046 615 45
1047 615 45
1048 615 45
1293 615 45
1294 615 45
1295 615 45
1296 615 45
1825 615 45
1826 615 45
1827 615 45
1828 615 45
686 616 45
687 616 45
688 616 45
1042 616 45
1043 616 45
1045 616 45
1046 616 45
1047 616 45
1293 616 45
1294 616 45
1295 616 45
1296 616 45
1825 616 45
1826 616 45
1827 616 45
1828 616 45
685 617 45
686 617 45
687 617 45
688 617 45
1042 617 45
1043 617 45
1044 617 45
1045 617 45
1046 617 45
1047 617 45
1293 617 45
1294 617 45
1295 617 45
1296 617 45
1825 617 45
1826 617 45
1827 617 45
1828 617 45
685 618 45
686 618 45
687 618 45
1042 618 45
1043 618 45
1044 618 45
1045 618 45
1046 618 45
1293 618 45
1294 618 45
1295 618 45
1296 618 45
1825 618 45
1826 618 45
1828 618 45
1829 618 45
686 619 45
1041 619 45
1042 619 45
1043 619 45
1044 619 45
1292 619 45
1293 619 45
1295 619 45
1296 619 45
1826 619 45
1827 619 45
1828 619 45
1829 619 45
1041 620 45
1042 620 45
1044 620 45
1045 620 45
1292 620 45
1293 620 45
1294 620 45
1295 620 45
1826 620 45
1827 620 45
1828 620 45
1829 620 45
1041 621 45
1042 621 45
1043 621 45
1044 621 45
1292 621 45
1293 621 45
1294 621 45
1295 621 45
1827 621 45
1828 621 45
1041 622 45
1042 622 45
1043 622 45
1044 622 45
1292 622 45
1293 622 45
1294 622 45
1295 622 45
1040 623 45
1041 623 45
1043 623 45
1044 623 45
1291 623 45
1292 623 45
1294 623 45
1295 623 45
1040 624 45
1041 624 45
1042 624 45
1043 624 45
1291 624 45
1292 624 45
1293 624 45
1294 624 45
1041 625 45
1042 625 45
1291 625 45
1292 625 45
1293 625 45
1294 625 45
1291 626 45
1292 626 45
1293 626 45
1294 626 45
1291 627 45
1292 627 45
1293 627 45
1294 627 45
1290 628 45
1291 628 45
1293 628 45
1294 628 45
1290 629 45
1291 629 45
1292 629 45
1293 629 45
1290 630 45
1291 630 45
1292 630 45
1293 630 45
1290 631 45
1291 631 45
1292 631 45
1293 631 45
1290 632 45
1291 632 45
1292 632 45
1293 632 45
1290 633 45
1291 633 45
1292 633 45
1293 633 45
1289 634 45
1290 634 45
1292 634 45
1293 634 45
1289 635 45
1290 635 45
1292 635 45
1293 635 45
1289 636 45
1290 636 45
1292 636 45
1293 636 45
1289 637 45
1290 637 45
1291 637 45
1292 637 45
1289 638 45
1290 638 45
1291 638 45
1292 638 45
1290 639 45
1291 639 45
