726 377 55
725 378 55
726 378 55
727 378 55
718 379 55
719 379 55
725 379 55
726 379 55
717 380 55
718 380 55
719 380 55
720 380 55
723 380 55
724 380 55
725 380 55
726 380 55
717 381 55
718 381 55
719 381 55
720 381 55
722 381 55
723 381 55
724 381 55
725 381 55
726 381 55
717 382 55
718 382 55
720 382 55
721 382 55
722 382 55
725 382 55
726 382 55
717 383 55
718 383 55
720 383 55
721 383 55
722 383 55
724 383 55
725 383 55
717 384 55
718 384 55
721 384 55
724 384 55
725 384 55
717 385 55
718 385 55
723 385 55
724 385 55
1091 385 55
718 386 55
719 386 55
723 386 55
724 386 55
1090 386 55
1091 386 55
1092 386 55
718 387 55
719 387 55
723 387 55
724 387 55
1091 387 55
718 388 55
719 388 55
723 388 55
724 388 55
1089 388 55
1090 388 55
718 389 55
719 389 55
722 389 55
723 389 55
1088 389 55
1089 389 55
1090 389 55
1091 389 55
718 390 55
719 390 55
722 390 55
723 390 55
1088 390 55
1089 390 55
1090 390 55
1091 390 55
718 391 55
719 391 55
722 391 55
723 391 55
1088 391 55
1089 391 55
1090 391 55
1091 391 55
718 392 55
719 392 55
722 392 55
723 392 55
1088 392 55
1089 392 55
1090 392 55
1091 392 55
718 393 55
719 393 55
721 393 55
722 393 55
1088 393 55
1089 393 55
1090 393 55
1091 393 55
718 394 55
719 394 55
720 394 55
721 394 55
722 394 55
1088 394 55
1089 394 55
1090 394 55
1091 394 55
718 395 55
719 395 55
720 395 55
721 395 55
722 395 55
1087 395 55
1088 395 55
1090 395 55
1091 395 55
718 396 55
719 396 55
720 396 55
721 396 55
722 396 55
1087 396 55
1088 396 55
1089 396 55
1090 396 55
1119 396 55
1120 396 55
1121 396 55
718 397 55
719 397 55
720 397 55
721 397 55
722 397 55
1087 397 55
1088 397 55
1089 397 55
1090 397 55
1118 397 55
1119 397 55
1120 397 55
1121 397 55
1122 397 55
718 398 55
719 398 55
720 398 55
721 398 55
1087 398 55
1088 398 55
1089 398 55
1090 398 55
1117 398 55
1118 398 55
1121 398 55
1122 398 55
718 399 55
719 399 55
720 399 55
721 399 55
1087 399 55
1088 399 55
1089 399 55
1090 399 55
1117 399 55
1118 399 55
1120 399 55
1121 399 55
718 400 55
719 400 55
720 400 55
721 400 55
1087 400 55
1088 400 55
1089 400 55
1090 400 55
1117 400 55
1118 400 55
1120 400 55
1121 400 55
718 401 55
719 401 55
720 401 55
721 401 55
1086 401 55
1087 401 55
1089 401 55
1090 401 55
1117 401 55
1118 401 55
1120 401 55
1121 401 55
1122 401 55
718 402 55
719 402 55
720 402 55
721 402 55
1086 402 55
1087 402 55
1088 402 55
1089 402 55
1117 402 55
1118 402 55
1119 402 55
1120 402 55
1121 402 55
718 403 55
719 403 55
720 403 55
721 403 55
1086 403 55
1087 403 55
1088 403 55
1089 403 55
1117 403 55
1118 403 55
1120 403 55
1121 403 55
718 404 55
719 404 55
720 404 55
721 404 55
1086 404 55
1087 404 55
1088 404 55
1089 404 55
1116 404 55
1117 404 55
1119 404 55
1120 404 55
718 405 55
719 405 55
721 405 55
722 405 55
1085 405 55
1086 405 55
1088 405 55
1089 405 55
1116 405 55
1117 405 55
1119 405 55
1120 405 55
718 406 55
719 406 55
721 406 55
722 406 55
1085 406 55
1086 406 55
1087 406 55
1088 406 55
1116 406 55
1117 406 55
1118 406 55
1119 406 55
719 407 55
720 407 55
721 407 55
722 407 55
1085 407 55
1086 407 55
1087 407 55
1088 407 55
1115 407 55
1116 407 55
1118 407 55
1119 407 55
719 408 55
720 408 55
721 408 55
722 408 55
1085 408 55
1086 408 55
1087 408 55
1088 408 55
1115 408 55
1116 408 55
1117 408 55
1118 408 55
719 409 55
720 409 55
721 409 55
1084 409 55
1085 409 55
1087 409 55
1088 409 55
1115 409 55
1116 409 55
1117 409 55
1118 409 55
720 410 55
1084 410 55
1085 410 55
1086 410 55
1087 410 55
1114 410 55
1115 410 55
1117 410 55
1118 410 55
1084 411 55
1085 411 55
1086 411 55
1087 411 55
1114 411 55
1115 411 55
1116 411 55
1117 411 55
1084 412 55
1085 412 55
1086 412 55
1087 412 55
1114 412 55
1115 412 55
1116 412 55
1117 412 55
1083 413 55
1084 413 55
1086 413 55
1087 413 55
1113 413 55
1114 413 55
1116 413 55
1117 413 55
1083 414 55
1084 414 55
1085 414 55
1086 414 55
1113 414 55
1114 414 55
1116 414 55
1117 414 55
1083 415 55
1084 415 55
1085 415 55
1086 415 55
1113 415 55
1114 415 55
1115 415 55
1116 415 55
1082 416 55
1083 416 55
1085 416 55
1086 416 55
1112 416 55
1113 416 55
1115 416 55
1116 416 55
1082 417 55
1083 417 55
1084 417 55
1085 417 55
1111 417 55
1112 417 55
1115 417 55
1116 417 55
1082 418 55
1083 418 55
1084 418 55
1085 418 55
1111 418 55
1112 418 55
1113 418 55
1114 418 55
1115 418 55
1082 419 55
1083 419 55
1084 419 55
1085 419 55
1110 419 55
1111 419 55
1112 419 55
1114 419 55
1115 419 55
1082 420 55
1083 420 55
1084 420 55
1085 420 55
1110 420 55
1111 420 55
1112 420 55
1113 420 55
1114 420 55
1081 421 55
1082 421 55
1084 421 55
1085 421 55
1109 421 55
1110 421 55
1111 421 55
1113 421 55
1114 421 55
1081 422 55
1082 422 55
1083 422 55
1084 422 55
1109 422 55
1110 422 55
1111 422 55
1112 422 55
1113 422 55
1081 423 55
1082 423 55
1083 423 55
1084 423 55
1108 423 55
1109 423 55
1110 423 55
1112 423 55
1113 423 55
1080 424 55
1081 424 55
1083 424 55
1084 424 55
1108 424 55
1109 424 55
1111 424 55
1112 424 55
1080 425 55
1081 425 55
1083 425 55
1084 425 55
1108 425 55
1109 425 55
1111 425 55
1112 425 55
1080 426 55
1081 426 55
1083 426 55
1084 426 55
1107 426 55
1108 426 55
1110 426 55
1111 426 55
1080 427 55
1081 427 55
1082 427 55
1083 427 55
1107 427 55
1108 427 55
1109 427 55
1110 427 55
1080 428 55
1081 428 55
1082 428 55
1083 428 55
1106 428 55
1107 428 55
1109 428 55
1110 428 55
1079 429 55
1080 429 55
1082 429 55
1083 429 55
1106 429 55
1107 429 55
1108 429 55
1109 429 55
1079 430 55
1080 430 55
1082 430 55
1083 430 55
1105 430 55
1106 430 55
1108 430 55
1109 430 55
1079 431 55
1080 431 55
1082 431 55
1083 431 55
1105 431 55
1106 431 55
1107 431 55
1108 431 55
1079 432 55
1080 432 55
1081 432 55
1082 432 55
1104 432 55
1105 432 55
1106 432 55
1107 432 55
1108 432 55
1079 433 55
1080 433 55
1081 433 55
1082 433 55
1103 433 55
1104 433 55
1105 433 55
1106 433 55
1107 433 55
1078 434 55
1079 434 55
1081 434 55
1082 434 55
1103 434 55
1104 434 55
1105 434 55
1106 434 55
738 435 55
1078 435 55
1079 435 55
1081 435 55
1082 435 55
1103 435 55
1104 435 55
1105 435 55
1106 435 55
737 436 55
738 436 55
739 436 55
740 436 55
1078 436 55
1079 436 55
1081 436 55
1082 436 55
1102 436 55
1103 436 55
1105 436 55
1106 436 55
736 437 55
737 437 55
739 437 55
740 437 55
741 437 55
1078 437 55
1079 437 55
1081 437 55
1082 437 55
1101 437 55
1102 437 55
1104 437 55
1105 437 55
735 438 55
736 438 55
740 438 55
741 438 55
1078 438 55
1079 438 55
1080 438 55
1081 438 55
1101 438 55
1102 438 55
1103 438 55
1104 438 55
735 439 55
736 439 55
740 439 55
741 439 55
1078 439 55
1079 439 55
1080 439 55
1081 439 55
1101 439 55
1102 439 55
1103 439 55
1104 439 55
735 440 55
736 440 55
740 440 55
741 440 55
1078 440 55
1079 440 55
1080 440 55
1081 440 55
1100 440 55
1101 440 55
1103 440 55
1104 440 55
734 441 55
735 441 55
740 441 55
741 441 55
1078 441 55
1079 441 55
1080 441 55
1081 441 55
1100 441 55
1101 441 55
1102 441 55
1103 441 55
734 442 55
735 442 55
740 442 55
741 442 55
1078 442 55
1079 442 55
1080 442 55
1081 442 55
1099 442 55
1100 442 55
1102 442 55
1103 442 55
734 443 55
735 443 55
739 443 55
740 443 55
1078 443 55
1079 443 55
1080 443 55
1081 443 55
1099 443 55
1100 443 55
1101 443 55
1102 443 55
734 444 55
735 444 55
739 444 55
740 444 55
1078 444 55
1079 444 55
1080 444 55
1081 444 55
1098 444 55
1099 444 55
1101 444 55
1102 444 55
734 445 55
735 445 55
739 445 55
740 445 55
1079 445 55
1080 445 55
1097 445 55
1098 445 55
1100 445 55
1101 445 55
734 446 55
735 446 55
739 446 55
740 446 55
1097 446 55
1098 446 55
1099 446 55
1100 446 55
733 447 55
734 447 55
739 447 55
740 447 55
1096 447 55
1097 447 55
1099 447 55
1100 447 55
733 448 55
734 448 55
739 448 55
740 448 55
1095 448 55
1096 448 55
1098 448 55
1099 448 55
733 449 55
734 449 55
739 449 55
740 449 55
1094 449 55
1095 449 55
1097 449 55
1098 449 55
733 450 55
734 450 55
738 450 55
739 450 55
1094 450 55
1095 450 55
1096 450 55
1097 450 55
733 451 55
734 451 55
738 451 55
739 451 55
1093 451 55
1094 451 55
1096 451 55
1097 451 55
733 452 55
734 452 55
738 452 55
739 452 55
1092 452 55
1093 452 55
1095 452 55
1096 452 55
732 453 55
733 453 55
738 453 55
739 453 55
1091 453 55
1092 453 55
1094 453 55
1095 453 55
1096 453 55
732 454 55
733 454 55
738 454 55
739 454 55
1091 454 55
1092 454 55
1093 454 55
1094 454 55
1095 454 55
732 455 55
733 455 55
737 455 55
738 455 55
1090 455 55
1091 455 55
1093 455 55
1094 455 55
1095 455 55
732 456 55
733 456 55
737 456 55
738 456 55
1090 456 55
1091 456 55
1092 456 55
1093 456 55
1094 456 55
728 457 55
729 457 55
730 457 55
732 457 55
733 457 55
737 457 55
738 457 55
1089 457 55
1090 457 55
1092 457 55
1093 457 55
1094 457 55
727 458 55
728 458 55
729 458 55
730 458 55
731 458 55
732 458 55
733 458 55
736 458 55
737 458 55
1088 458 55
1089 458 55
1091 458 55
1092 458 55
1093 458 55
727 459 55
728 459 55
730 459 55
731 459 55
732 459 55
736 459 55
737 459 55
1088 459 55
1089 459 55
1090 459 55
1091 459 55
1092 459 55
1093 459 55
727 460 55
728 460 55
730 460 55
731 460 55
732 460 55
735 460 55
736 460 55
1088 460 55
1089 460 55
1090 460 55
1091 460 55
1092 460 55
727 461 55
728 461 55
730 461 55
731 461 55
732 461 55
735 461 55
736 461 55
1087 461 55
1088 461 55
1090 461 55
1091 461 55
1092 461 55
1349 461 55
727 462 55
728 462 55
731 462 55
734 462 55
735 462 55
1087 462 55
1088 462 55
1089 462 55
1090 462 55
1091 462 55
1348 462 55
1349 462 55
1350 462 55
727 463 55
728 463 55
734 463 55
735 463 55
1086 463 55
1087 463 55
1089 463 55
1090 463 55
1091 463 55
1348 463 55
1349 463 55
1350 463 55
727 464 55
728 464 55
733 464 55
734 464 55
1086 464 55
1087 464 55
1088 464 55
1089 464 55
1090 464 55
1347 464 55
1348 464 55
1349 464 55
727 465 55
728 465 55
733 465 55
734 465 55
1086 465 55
1087 465 55
1089 465 55
1090 465 55
1346 465 55
1347 465 55
1348 465 55
1349 465 55
727 466 55
728 466 55
732 466 55
733 466 55
1086 466 55
1087 466 55
1088 466 55
1089 466 55
1346 466 55
1347 466 55
1348 466 55
1349 466 55
727 467 55
728 467 55
732 467 55
733 467 55
1085 467 55
1086 467 55
1088 467 55
1089 467 55
1346 467 55
1347 467 55
1348 467 55
1349 467 55
727 468 55
728 468 55
732 468 55
733 468 55
1085 468 55
1086 468 55
1087 468 55
1088 468 55
1345 468 55
1346 468 55
1348 468 55
1349 468 55
727 469 55
728 469 55
731 469 55
732 469 55
1085 469 55
1086 469 55
1087 469 55
1088 469 55
1345 469 55
1346 469 55
1347 469 55
1348 469 55
727 470 55
728 470 55
731 470 55
732 470 55
1084 470 55
1085 470 55
1087 470 55
1088 470 55
1345 470 55
1346 470 55
1347 470 55
1348 470 55
726 471 55
727 471 55
731 471 55
732 471 55
1084 471 55
1085 471 55
1086 471 55
1087 471 55
1345 471 55
1346 471 55
1347 471 55
1348 471 55
726 472 55
727 472 55
730 472 55
731 472 55
1084 472 55
1085 472 55
1086 472 55
1087 472 55
1345 472 55
1346 472 55
1347 472 55
1348 472 55
726 473 55
727 473 55
730 473 55
731 473 55
1083 473 55
1084 473 55
1086 473 55
1087 473 55
1344 473 55
1345 473 55
1347 473 55
1348 473 55
725 474 55
726 474 55
729 474 55
730 474 55
1083 474 55
1084 474 55
1085 474 55
1086 474 55
1344 474 55
1345 474 55
1346 474 55
1347 474 55
725 475 55
726 475 55
727 475 55
728 475 55
729 475 55
1083 475 55
1084 475 55
1085 475 55
1086 475 55
1344 475 55
1345 475 55
1346 475 55
1347 475 55
726 476 55
727 476 55
728 476 55
1082 476 55
1083 476 55
1085 476 55
1086 476 55
1343 476 55
1344 476 55
1346 476 55
1347 476 55
1082 477 55
1083 477 55
1084 477 55
1085 477 55
1343 477 55
1344 477 55
1346 477 55
1347 477 55
1082 478 55
1083 478 55
1084 478 55
1085 478 55
1343 478 55
1344 478 55
1346 478 55
1347 478 55
1081 479 55
1082 479 55
1084 479 55
1085 479 55
1343 479 55
1344 479 55
1346 479 55
1347 479 55
1081 480 55
1082 480 55
1083 480 55
1084 480 55
1342 480 55
1343 480 55
1345 480 55
1346 480 55
1080 481 55
1081 481 55
1083 481 55
1084 481 55
1342 481 55
1343 481 55
1345 481 55
1346 481 55
1080 482 55
1081 482 55
1082 482 55
1083 482 55
1342 482 55
1343 482 55
1344 482 55
1345 482 55
1346 482 55
1080 483 55
1081 483 55
1082 483 55
1083 483 55
1341 483 55
1342 483 55
1343 483 55
1344 483 55
1345 483 55
1346 483 55
1079 484 55
1080 484 55
1082 484 55
1083 484 55
1341 484 55
1342 484 55
1343 484 55
1345 484 55
1346 484 55
1079 485 55
1080 485 55
1081 485 55
1082 485 55
1341 485 55
1342 485 55
1344 485 55
1345 485 55
1078 486 55
1079 486 55
1081 486 55
1082 486 55
1341 486 55
1342 486 55
1344 486 55
1345 486 55
1078 487 55
1079 487 55
1080 487 55
1081 487 55
1341 487 55
1342 487 55
1344 487 55
1345 487 55
1077 488 55
1078 488 55
1080 488 55
1081 488 55
1341 488 55
1342 488 55
1343 488 55
1344 488 55
1345 488 55
1077 489 55
1078 489 55
1079 489 55
1080 489 55
1340 489 55
1341 489 55
1342 489 55
1344 489 55
1345 489 55
1015 490 55
1077 490 55
1078 490 55
1079 490 55
1080 490 55
1340 490 55
1341 490 55
1343 490 55
1344 490 55
1014 491 55
1015 491 55
1016 491 55
1076 491 55
1077 491 55
1079 491 55
1080 491 55
1340 491 55
1341 491 55
1343 491 55
1344 491 55
1014 492 55
1015 492 55
1016 492 55
1076 492 55
1077 492 55
1078 492 55
1079 492 55
1340 492 55
1341 492 55
1343 492 55
1344 492 55
1013 493 55
1014 493 55
1015 493 55
1016 493 55
1075 493 55
1076 493 55
1078 493 55
1079 493 55
1339 493 55
1340 493 55
1342 493 55
1343 493 55
1013 494 55
1014 494 55
1015 494 55
1016 494 55
1075 494 55
1076 494 55
1077 494 55
1078 494 55
1339 494 55
1340 494 55
1342 494 55
1343 494 55
1013 495 55
1014 495 55
1015 495 55
1016 495 55
1074 495 55
1075 495 55
1077 495 55
1078 495 55
1339 495 55
1340 495 55
1342 495 55
1343 495 55
1013 496 55
1014 496 55
1015 496 55
1016 496 55
1074 496 55
1075 496 55
1076 496 55
1077 496 55
1339 496 55
1340 496 55
1341 496 55
1342 496 55
1013 497 55
1014 497 55
1015 497 55
1016 497 55
1074 497 55
1075 497 55
1076 497 55
1077 497 55
1338 497 55
1339 497 55
1341 497 55
1342 497 55
1013 498 55
1014 498 55
1015 498 55
1016 498 55
1073 498 55
1074 498 55
1076 498 55
1077 498 55
1338 498 55
1339 498 55
1341 498 55
1342 498 55
1012 499 55
1013 499 55
1015 499 55
1016 499 55
1073 499 55
1074 499 55
1075 499 55
1076 499 55
1338 499 55
1339 499 55
1340 499 55
1341 499 55
1012 500 55
1013 500 55
1014 500 55
1015 500 55
1072 500 55
1073 500 55
1075 500 55
1076 500 55
1337 500 55
1338 500 55
1340 500 55
1341 500 55
1012 501 55
1013 501 55
1014 501 55
1015 501 55
1072 501 55
1073 501 55
1074 501 55
1075 501 55
1337 501 55
1338 501 55
1340 501 55
1341 501 55
1012 502 55
1013 502 55
1014 502 55
1015 502 55
1071 502 55
1072 502 55
1074 502 55
1075 502 55
1337 502 55
1338 502 55
1339 502 55
1340 502 55
1012 503 55
1013 503 55
1014 503 55
1015 503 55
1071 503 55
1072 503 55
1073 503 55
1074 503 55
1337 503 55
1338 503 55
1339 503 55
1340 503 55
1012 504 55
1013 504 55
1014 504 55
1015 504 55
1071 504 55
1072 504 55
1073 504 55
1074 504 55
1336 504 55
1337 504 55
1339 504 55
1340 504 55
1012 505 55
1013 505 55
1014 505 55
1015 505 55
1070 505 55
1071 505 55
1073 505 55
1074 505 55
1336 505 55
1337 505 55
1338 505 55
1339 505 55
1011 506 55
1012 506 55
1014 506 55
1015 506 55
1070 506 55
1071 506 55
1072 506 55
1073 506 55
1336 506 55
1337 506 55
1338 506 55
1339 506 55
1011 507 55
1012 507 55
1013 507 55
1014 507 55
1070 507 55
1071 507 55
1072 507 55
1073 507 55
1336 507 55
1337 507 55
1338 507 55
1339 507 55
1011 508 55
1012 508 55
1013 508 55
1014 508 55
1070 508 55
1071 508 55
1072 508 55
1073 508 55
1335 508 55
1336 508 55
1338 508 55
1339 508 55
1011 509 55
1012 509 55
1013 509 55
1014 509 55
1070 509 55
1071 509 55
1072 509 55
1073 509 55
1335 509 55
1336 509 55
1337 509 55
1338 509 55
1011 510 55
1012 510 55
1013 510 55
1014 510 55
1070 510 55
1071 510 55
1072 510 55
1073 510 55
1335 510 55
1336 510 55
1337 510 55
1338 510 55
1010 511 55
1011 511 55
1013 511 55
1014 511 55
1070 511 55
1071 511 55
1072 511 55
1073 511 55
1335 511 55
1336 511 55
1337 511 55
1338 511 55
1010 512 55
1011 512 55
1012 512 55
1013 512 55
1070 512 55
1071 512 55
1072 512 55
1073 512 55
1335 512 55
1336 512 55
1337 512 55
1338 512 55
1010 513 55
1011 513 55
1012 513 55
1013 513 55
1070 513 55
1071 513 55
1072 513 55
1073 513 55
1335 513 55
1336 513 55
1337 513 55
1338 513 55
1010 514 55
1011 514 55
1012 514 55
1013 514 55
1070 514 55
1071 514 55
1072 514 55
1073 514 55
1335 514 55
1336 514 55
1337 514 55
1338 514 55
1009 515 55
1010 515 55
1012 515 55
1013 515 55
1070 515 55
1071 515 55
1072 515 55
1073 515 55
1335 515 55
1336 515 55
1337 515 55
1338 515 55
1009 516 55
1010 516 55
1011 516 55
1012 516 55
1070 516 55
1071 516 55
1072 516 55
1073 516 55
1335 516 55
1336 516 55
1337 516 55
1338 516 55
1009 517 55
1010 517 55
1011 517 55
1012 517 55
1070 517 55
1071 517 55
1072 517 55
1073 517 55
1335 517 55
1336 517 55
1337 517 55
1338 517 55
1008 518 55
1009 518 55
1011 518 55
1012 518 55
1070 518 55
1071 518 55
1072 518 55
1073 518 55
1335 518 55
1336 518 55
1337 518 55
1338 518 55
1008 519 55
1009 519 55
1011 519 55
1012 519 55
1070 519 55
1071 519 55
1072 519 55
1073 519 55
1335 519 55
1336 519 55
1337 519 55
1338 519 55
1008 520 55
1009 520 55
1010 520 55
1011 520 55
1070 520 55
1071 520 55
1072 520 55
1073 520 55
1335 520 55
1336 520 55
1337 520 55
1338 520 55
1008 521 55
1009 521 55
1010 521 55
1011 521 55
1070 521 55
1071 521 55
1073 521 55
1074 521 55
1335 521 55
1336 521 55
1337 521 55
1338 521 55
1007 522 55
1008 522 55
1010 522 55
1011 522 55
1070 522 55
1071 522 55
1073 522 55
1074 522 55
1335 522 55
1336 522 55
1337 522 55
1338 522 55
1007 523 55
1008 523 55
1010 523 55
1011 523 55
1070 523 55
1071 523 55
1073 523 55
1074 523 55
1335 523 55
1336 523 55
1337 523 55
1338 523 55
1007 524 55
1008 524 55
1010 524 55
1011 524 55
1071 524 55
1072 524 55
1073 524 55
1074 524 55
1335 524 55
1336 524 55
1337 524 55
1338 524 55
1007 525 55
1008 525 55
1009 525 55
1010 525 55
1071 525 55
1072 525 55
1073 525 55
1074 525 55
1335 525 55
1336 525 55
1337 525 55
1338 525 55
1006 526 55
1007 526 55
1009 526 55
1010 526 55
1071 526 55
1072 526 55
1073 526 55
1074 526 55
1335 526 55
1336 526 55
1337 526 55
1338 526 55
1006 527 55
1007 527 55
1009 527 55
1010 527 55
1071 527 55
1072 527 55
1074 527 55
1075 527 55
1335 527 55
1336 527 55
1337 527 55
1338 527 55
1006 528 55
1007 528 55
1008 528 55
1009 528 55
1072 528 55
1073 528 55
1074 528 55
1075 528 55
1335 528 55
1336 528 55
1337 528 55
1338 528 55
1006 529 55
1007 529 55
1008 529 55
1009 529 55
1072 529 55
1073 529 55
1074 529 55
1075 529 55
1335 529 55
1336 529 55
1337 529 55
1338 529 55
1006 530 55
1007 530 55
1008 530 55
1009 530 55
1072 530 55
1073 530 55
1074 530 55
1075 530 55
1335 530 55
1336 530 55
1337 530 55
1338 530 55
1006 531 55
1007 531 55
1008 531 55
1009 531 55
1072 531 55
1073 531 55
1075 531 55
1076 531 55
1335 531 55
1336 531 55
1337 531 55
1338 531 55
1006 532 55
1007 532 55
1008 532 55
1009 532 55
1073 532 55
1074 532 55
1075 532 55
1076 532 55
1335 532 55
1336 532 55
1337 532 55
1338 532 55
1005 533 55
1006 533 55
1008 533 55
1009 533 55
1073 533 55
1074 533 55
1075 533 55
1076 533 55
1335 533 55
1336 533 55
1337 533 55
1338 533 55
1005 534 55
1006 534 55
1007 534 55
1008 534 55
1073 534 55
1074 534 55
1076 534 55
1077 534 55
1335 534 55
1336 534 55
1337 534 55
1338 534 55
1004 535 55
1005 535 55
1007 535 55
1008 535 55
1074 535 55
1075 535 55
1076 535 55
1077 535 55
1335 535 55
1336 535 55
1337 535 55
1338 535 55
1005 536 55
1006 536 55
1007 536 55
1008 536 55
1074 536 55
1075 536 55
1076 536 55
1077 536 55
1335 536 55
1336 536 55
1337 536 55
1338 536 55
1006 537 55
1007 537 55
1074 537 55
1075 537 55
1077 537 55
1078 537 55
1335 537 55
1336 537 55
1337 537 55
1338 537 55
1075 538 55
1076 538 55
1077 538 55
1078 538 55
1335 538 55
1336 538 55
1337 538 55
1338 538 55
1075 539 55
1076 539 55
1077 539 55
1078 539 55
1335 539 55
1336 539 55
1337 539 55
1338 539 55
1075 540 55
1076 540 55
1078 540 55
1079 540 55
1334 540 55
1335 540 55
1337 540 55
1338 540 55
1076 541 55
1077 541 55
1078 541 55
1079 541 55
1334 541 55
1335 541 55
1336 541 55
1337 541 55
1076 542 55
1077 542 55
1078 542 55
1079 542 55
1334 542 55
1335 542 55
1336 542 55
1337 542 55
1076 543 55
1077 543 55
1078 543 55
1079 543 55
1334 543 55
1335 543 55
1336 543 55
1337 543 55
1076 544 55
1077 544 55
1078 544 55
1079 544 55
1334 544 55
1335 544 55
1336 544 55
1337 544 55
1076 545 55
1077 545 55
1078 545 55
1079 545 55
1333 545 55
1334 545 55
1336 545 55
1337 545 55
1076 546 55
1077 546 55
1078 546 55
1079 546 55
1333 546 55
1334 546 55
1335 546 55
1336 546 55
1076 547 55
1077 547 55
1078 547 55
1079 547 55
1333 547 55
1334 547 55
1335 547 55
1336 547 55
1076 548 55
1077 548 55
1078 548 55
1079 548 55
1333 548 55
1334 548 55
1335 548 55
1336 548 55
1076 549 55
1077 549 55
1078 549 55
1079 549 55
1333 549 55
1334 549 55
1335 549 55
1336 549 55
1076 550 55
1077 550 55
1078 550 55
1079 550 55
1334 550 55
1335 550 55
1076 551 55
1077 551 55
1078 551 55
1079 551 55
1076 552 55
1077 552 55
1078 552 55
1079 552 55
1076 553 55
1077 553 55
1078 553 55
1079 553 55
1076 554 55
1077 554 55
1078 554 55
1079 554 55
1076 555 55
1077 555 55
1078 555 55
1079 555 55
1076 556 55
1077 556 55
1078 556 55
1079 556 55
1076 557 55
1077 557 55
1078 557 55
1079 557 55
1076 558 55
1077 558 55
1078 558 55
1079 558 55
1076 559 55
1077 559 55
1078 559 55
1079 559 55
1076 560 55
1077 560 55
1078 560 55
1076 561 55
1077 561 55
1078 561 55
1077 562 55
