1907 320 15
1908 320 15
1904 321 15
1905 321 15
1906 321 15
1907 321 15
1908 321 15
1909 321 15
1901 322 15
1902 322 15
1903 322 15
1904 322 15
1905 322 15
1906 322 15
1909 322 15
1910 322 15
1900 323 15
1901 323 15
1902 323 15
1903 323 15
1908 323 15
1909 323 15
1898 324 15
1899 324 15
1900 324 15
1905 324 15
1906 324 15
1907 324 15
1908 324 15
1897 325 15
1898 325 15
1899 325 15
1902 325 15
1903 325 15
1904 325 15
1905 325 15
1906 325 15
1907 325 15
692 326 15
693 326 15
1895 326 15
1896 326 15
1897 326 15
1901 326 15
1902 326 15
1903 326 15
1904 326 15
691 327 15
692 327 15
693 327 15
694 327 15
1894 327 15
1895 327 15
1896 327 15
1899 327 15
1900 327 15
1901 327 15
689 328 15
690 328 15
691 328 15
692 328 15
693 328 15
1892 328 15
1893 328 15
1894 328 15
1898 328 15
1899 328 15
1900 328 15
688 329 15
689 329 15
690 329 15
691 329 15
692 329 15
1891 329 15
1892 329 15
1893 329 15
1896 329 15
1897 329 15
1898 329 15
687 330 15
688 330 15
689 330 15
690 330 15
691 330 15
1890 330 15
1891 330 15
1895 330 15
1896 330 15
1897 330 15
686 331 15
687 331 15
688 331 15
689 331 15
690 331 15
1889 331 15
1890 331 15
1894 331 15
1895 331 15
685 332 15
686 332 15
687 332 15
688 332 15
1888 332 15
1889 332 15
1893 332 15
1894 332 15
684 333 15
685 333 15
686 333 15
687 333 15
1887 333 15
1888 333 15
1893 333 15
1894 333 15
683 334 15
684 334 15
686 334 15
687 334 15
1885 334 15
1886 334 15
1887 334 15
1892 334 15
1893 334 15
682 335 15
683 335 15
685 335 15
686 335 15
1883 335 15
1884 335 15
1885 335 15
1886 335 15
1890 335 15
1891 335 15
1892 335 15
682 336 15
683 336 15
684 336 15
685 336 15
1882 336 15
1883 336 15
1884 336 15
1889 336 15
1890 336 15
1891 336 15
681 337 15
682 337 15
683 337 15
684 337 15
1880 337 15
1881 337 15
1882 337 15
1889 337 15
1890 337 15
680 338 15
681 338 15
682 338 15
683 338 15
1879 338 15
1880 338 15
1881 338 15
1888 338 15
1889 338 15
680 339 15
681 339 15
682 339 15
1878 339 15
1879 339 15
1887 339 15
1888 339 15
679 340 15
680 340 15
681 340 15
682 340 15
1877 340 15
1878 340 15
1887 340 15
1888 340 15
678 341 15
679 341 15
680 341 15
681 341 15
1876 341 15
1877 341 15
1886 341 15
1887 341 15
677 342 15
678 342 15
679 342 15
680 342 15
1874 342 15
1875 342 15
1876 342 15
1885 342 15
1886 342 15
675 343 15
676 343 15
677 343 15
678 343 15
679 343 15
1869 343 15
1870 343 15
1871 343 15
1872 343 15
1873 343 15
1874 343 15
1875 343 15
1884 343 15
1885 343 15
674 344 15
675 344 15
676 344 15
677 344 15
678 344 15
1867 344 15
1868 344 15
1869 344 15
1870 344 15
1871 344 15
1872 344 15
1873 344 15
1879 344 15
1880 344 15
1881 344 15
1882 344 15
1883 344 15
1884 344 15
672 345 15
673 345 15
674 345 15
675 345 15
676 345 15
677 345 15
1865 345 15
1866 345 15
1867 345 15
1868 345 15
1877 345 15
1878 345 15
1879 345 15
1880 345 15
1881 345 15
1882 345 15
1883 345 15
671 346 15
672 346 15
673 346 15
674 346 15
675 346 15
676 346 15
1863 346 15
1864 346 15
1865 346 15
1866 346 15
1870 346 15
1871 346 15
1872 346 15
1873 346 15
1874 346 15
1875 346 15
1876 346 15
1877 346 15
1878 346 15
669 347 15
670 347 15
671 347 15
672 347 15
673 347 15
674 347 15
1861 347 15
1862 347 15
1863 347 15
1864 347 15
1868 347 15
1869 347 15
1870 347 15
1871 347 15
1872 347 15
1873 347 15
1874 347 15
1875 347 15
1876 347 15
667 348 15
668 348 15
669 348 15
670 348 15
671 348 15
672 348 15
673 348 15
1089 348 15
1090 348 15
1091 348 15
1092 348 15
1093 348 15
1094 348 15
1095 348 15
1096 348 15
1860 348 15
1861 348 15
1862 348 15
1866 348 15
1867 348 15
1868 348 15
1869 348 15
666 349 15
667 349 15
668 349 15
669 349 15
670 349 15
671 349 15
1085 349 15
1086 349 15
1087 349 15
1088 349 15
1089 349 15
1090 349 15
1091 349 15
1092 349 15
1093 349 15
1094 349 15
1095 349 15
1096 349 15
1097 349 15
1858 349 15
1859 349 15
1860 349 15
1864 349 15
1865 349 15
1866 349 15
1867 349 15
664 350 15
665 350 15
666 350 15
667 350 15
668 350 15
669 350 15
670 350 15
1083 350 15
1084 350 15
1085 350 15
1086 350 15
1087 350 15
1088 350 15
1097 350 15
1098 350 15
1856 350 15
1857 350 15
1858 350 15
1859 350 15
1862 350 15
1863 350 15
1864 350 15
1865 350 15
663 351 15
664 351 15
665 351 15
666 351 15
667 351 15
1082 351 15
1083 351 15
1084 351 15
1090 351 15
1091 351 15
1092 351 15
1093 351 15
1094 351 15
1095 351 15
1096 351 15
1097 351 15
1854 351 15
1855 351 15
1856 351 15
1857 351 15
1861 351 15
1862 351 15
1863 351 15
662 352 15
663 352 15
664 352 15
665 352 15
666 352 15
1080 352 15
1081 352 15
1082 352 15
1086 352 15
1087 352 15
1088 352 15
1089 352 15
1090 352 15
1091 352 15
1092 352 15
1093 352 15
1094 352 15
1095 352 15
1096 352 15
1853 352 15
1854 352 15
1855 352 15
1859 352 15
1860 352 15
1861 352 15
661 353 15
662 353 15
663 353 15
664 353 15
665 353 15
1079 353 15
1080 353 15
1081 353 15
1084 353 15
1085 353 15
1086 353 15
1087 353 15
1088 353 15
1089 353 15
1851 353 15
1852 353 15
1853 353 15
1857 353 15
1858 353 15
1859 353 15
1860 353 15
660 354 15
661 354 15
663 354 15
664 354 15
1078 354 15
1079 354 15
1083 354 15
1084 354 15
1085 354 15
1850 354 15
1851 354 15
1852 354 15
1855 354 15
1856 354 15
1857 354 15
1858 354 15
659 355 15
660 355 15
662 355 15
663 355 15
1076 355 15
1077 355 15
1078 355 15
1082 355 15
1083 355 15
1302 355 15
1303 355 15
1848 355 15
1849 355 15
1850 355 15
1854 355 15
1855 355 15
1856 355 15
659 356 15
660 356 15
661 356 15
662 356 15
1075 356 15
1076 356 15
1077 356 15
1080 356 15
1081 356 15
1082 356 15
1298 356 15
1299 356 15
1300 356 15
1301 356 15
1302 356 15
1303 356 15
1304 356 15
1847 356 15
1848 356 15
1849 356 15
1852 356 15
1853 356 15
1854 356 15
658 357 15
659 357 15
660 357 15
661 357 15
662 357 15
1073 357 15
1074 357 15
1075 357 15
1079 357 15
1080 357 15
1081 357 15
1297 357 15
1298 357 15
1299 357 15
1300 357 15
1301 357 15
1304 357 15
1305 357 15
1846 357 15
1847 357 15
1851 357 15
1852 357 15
1853 357 15
657 358 15
658 358 15
660 358 15
661 358 15
1071 358 15
1072 358 15
1073 358 15
1074 358 15
1077 358 15
1078 358 15
1079 358 15
1297 358 15
1298 358 15
1303 358 15
1304 358 15
1845 358 15
1846 358 15
1849 358 15
1850 358 15
1851 358 15
656 359 15
657 359 15
659 359 15
660 359 15
1068 359 15
1069 359 15
1070 359 15
1071 359 15
1072 359 15
1076 359 15
1077 359 15
1078 359 15
1297 359 15
1298 359 15
1303 359 15
1304 359 15
1843 359 15
1844 359 15
1845 359 15
1848 359 15
1849 359 15
1850 359 15
655 360 15
656 360 15
658 360 15
659 360 15
1065 360 15
1066 360 15
1067 360 15
1068 360 15
1069 360 15
1070 360 15
1074 360 15
1075 360 15
1076 360 15
1297 360 15
1298 360 15
1302 360 15
1303 360 15
1841 360 15
1842 360 15
1843 360 15
1844 360 15
1847 360 15
1848 360 15
655 361 15
656 361 15
657 361 15
658 361 15
1055 361 15
1056 361 15
1057 361 15
1058 361 15
1059 361 15
1060 361 15
1061 361 15
1062 361 15
1063 361 15
1064 361 15
1065 361 15
1066 361 15
1067 361 15
1072 361 15
1073 361 15
1074 361 15
1075 361 15
1297 361 15
1298 361 15
1301 361 15
1302 361 15
1828 361 15
1829 361 15
1830 361 15
1831 361 15
1832 361 15
1833 361 15
1834 361 15
1835 361 15
1836 361 15
1837 361 15
1838 361 15
1839 361 15
1840 361 15
1841 361 15
1842 361 15
1846 361 15
1847 361 15
654 362 15
655 362 15
657 362 15
658 362 15
1054 362 15
1055 362 15
1056 362 15
1057 362 15
1058 362 15
1059 362 15
1060 362 15
1061 362 15
1062 362 15
1063 362 15
1064 362 15
1071 362 15
1072 362 15
1073 362 15
1296 362 15
1297 362 15
1301 362 15
1302 362 15
1826 362 15
1827 362 15
1828 362 15
1829 362 15
1830 362 15
1831 362 15
1832 362 15
1833 362 15
1834 362 15
1835 362 15
1836 362 15
1837 362 15
1838 362 15
1839 362 15
1840 362 15
1843 362 15
1844 362 15
1845 362 15
1846 362 15
654 363 15
655 363 15
656 363 15
657 363 15
1047 363 15
1048 363 15
1049 363 15
1050 363 15
1051 363 15
1052 363 15
1053 363 15
1054 363 15
1065 363 15
1070 363 15
1071 363 15
1295 363 15
1296 363 15
1300 363 15
1301 363 15
1824 363 15
1825 363 15
1826 363 15
1827 363 15
1841 363 15
1842 363 15
1843 363 15
1844 363 15
1845 363 15
653 364 15
654 364 15
655 364 15
656 364 15
1044 364 15
1045 364 15
1046 364 15
1047 364 15
1048 364 15
1049 364 15
1050 364 15
1051 364 15
1052 364 15
1053 364 15
1056 364 15
1057 364 15
1058 364 15
1059 364 15
1060 364 15
1061 364 15
1062 364 15
1063 364 15
1064 364 15
1065 364 15
1066 364 15
1068 364 15
1069 364 15
1070 364 15
1295 364 15
1296 364 15
1299 364 15
1300 364 15
1823 364 15
1824 364 15
1825 364 15
1835 364 15
1836 364 15
1837 364 15
1838 364 15
1839 364 15
1840 364 15
1841 364 15
1842 364 15
653 365 15
654 365 15
655 365 15
656 365 15
1042 365 15
1043 365 15
1044 365 15
1045 365 15
1046 365 15
1055 365 15
1056 365 15
1057 365 15
1058 365 15
1059 365 15
1060 365 15
1061 365 15
1062 365 15
1063 365 15
1064 365 15
1066 365 15
1067 365 15
1068 365 15
1069 365 15
1295 365 15
1296 365 15
1298 365 15
1299 365 15
1822 365 15
1823 365 15
1832 365 15
1833 365 15
1834 365 15
1835 365 15
1836 365 15
1837 365 15
1838 365 15
1839 365 15
1840 365 15
652 366 15
653 366 15
654 366 15
655 366 15
1039 366 15
1040 366 15
1041 366 15
1042 366 15
1043 366 15
1054 366 15
1055 366 15
1067 366 15
1294 366 15
1295 366 15
1298 366 15
1299 366 15
1821 366 15
1822 366 15
1830 366 15
1831 366 15
1832 366 15
1833 366 15
1834 366 15
651 367 15
652 367 15
653 367 15
654 367 15
1038 367 15
1039 367 15
1040 367 15
1041 367 15
1045 367 15
1046 367 15
1047 367 15
1053 367 15
1054 367 15
1294 367 15
1295 367 15
1297 367 15
1298 367 15
1819 367 15
1820 367 15
1821 367 15
1828 367 15
1829 367 15
1830 367 15
1831 367 15
651 368 15
652 368 15
653 368 15
654 368 15
1037 368 15
1038 368 15
1043 368 15
1044 368 15
1045 368 15
1046 368 15
1047 368 15
1048 368 15
1052 368 15
1053 368 15
1293 368 15
1294 368 15
1297 368 15
1298 368 15
1816 368 15
1817 368 15
1818 368 15
1819 368 15
1820 368 15
1825 368 15
1826 368 15
1827 368 15
1828 368 15
1829 368 15
650 369 15
651 369 15
652 369 15
653 369 15
919 369 15
1037 369 15
1038 369 15
1040 369 15
1041 369 15
1042 369 15
1043 369 15
1044 369 15
1047 369 15
1048 369 15
1053 369 15
1054 369 15
1292 369 15
1293 369 15
1296 369 15
1297 369 15
1814 369 15
1815 369 15
1816 369 15
1817 369 15
1818 369 15
1823 369 15
1824 369 15
1825 369 15
1826 369 15
1827 369 15
650 370 15
651 370 15
652 370 15
854 370 15
855 370 15
856 370 15
918 370 15
919 370 15
920 370 15
921 370 15
1038 370 15
1039 370 15
1040 370 15
1041 370 15
1042 370 15
1046 370 15
1047 370 15
1051 370 15
1052 370 15
1053 370 15
1292 370 15
1293 370 15
1296 370 15
1297 370 15
1812 370 15
1813 370 15
1814 370 15
1815 370 15
1821 370 15
1822 370 15
1823 370 15
1824 370 15
649 371 15
650 371 15
651 371 15
652 371 15
853 371 15
854 371 15
855 371 15
856 371 15
857 371 15
917 371 15
918 371 15
920 371 15
921 371 15
922 371 15
1038 371 15
1039 371 15
1040 371 15
1046 371 15
1047 371 15
1050 371 15
1051 371 15
1052 371 15
1292 371 15
1293 371 15
1296 371 15
1297 371 15
1811 371 15
1812 371 15
1813 371 15
1820 371 15
1821 371 15
1822 371 15
648 372 15
649 372 15
650 372 15
651 372 15
852 372 15
853 372 15
855 372 15
856 372 15
916 372 15
917 372 15
920 372 15
921 372 15
1037 372 15
1038 372 15
1039 372 15
1045 372 15
1046 372 15
1049 372 15
1050 372 15
1291 372 15
1292 372 15
1295 372 15
1296 372 15
1809 372 15
1810 372 15
1811 372 15
1819 372 15
1820 372 15
648 373 15
649 373 15
650 373 15
651 373 15
851 373 15
852 373 15
854 373 15
855 373 15
916 373 15
917 373 15
919 373 15
920 373 15
1036 373 15
1037 373 15
1038 373 15
1039 373 15
1045 373 15
1046 373 15
1048 373 15
1049 373 15
1290 373 15
1291 373 15
1295 373 15
1296 373 15
1808 373 15
1809 373 15
1810 373 15
1818 373 15
1819 373 15
647 374 15
648 374 15
650 374 15
651 374 15
851 374 15
852 374 15
853 374 15
854 374 15
915 374 15
916 374 15
918 374 15
919 374 15
1035 374 15
1036 374 15
1037 374 15
1038 374 15
1046 374 15
1047 374 15
1048 374 15
1290 374 15
1291 374 15
1294 374 15
1295 374 15
1807 374 15
1808 374 15
1817 374 15
1818 374 15
646 375 15
647 375 15
650 375 15
651 375 15
850 375 15
851 375 15
852 375 15
853 375 15
914 375 15
915 375 15
917 375 15
918 375 15
1034 375 15
1035 375 15
1037 375 15
1038 375 15
1047 375 15
1289 375 15
1290 375 15
1294 375 15
1295 375 15
1806 375 15
1807 375 15
1816 375 15
1817 375 15
644 376 15
645 376 15
646 376 15
650 376 15
651 376 15
850 376 15
851 376 15
852 376 15
853 376 15
913 376 15
914 376 15
917 376 15
918 376 15
1033 376 15
1034 376 15
1037 376 15
1038 376 15
1289 376 15
1290 376 15
1294 376 15
1295 376 15
1805 376 15
1806 376 15
1815 376 15
1816 376 15
643 377 15
644 377 15
645 377 15
649 377 15
650 377 15
849 377 15
850 377 15
851 377 15
852 377 15
913 377 15
914 377 15
916 377 15
917 377 15
1030 377 15
1031 377 15
1032 377 15
1033 377 15
1034 377 15
1036 377 15
1037 377 15
1288 377 15
1289 377 15
1293 377 15
1294 377 15
1804 377 15
1805 377 15
1814 377 15
1815 377 15
643 378 15
644 378 15
649 378 15
650 378 15
849 378 15
850 378 15
851 378 15
912 378 15
913 378 15
915 378 15
916 378 15
1027 378 15
1028 378 15
1029 378 15
1030 378 15
1031 378 15
1032 378 15
1033 378 15
1036 378 15
1037 378 15
1287 378 15
1288 378 15
1292 378 15
1293 378 15
1803 378 15
1804 378 15
1813 378 15
1814 378 15
641 379 15
642 379 15
643 379 15
644 379 15
645 379 15
649 379 15
650 379 15
848 379 15
849 379 15
850 379 15
851 379 15
912 379 15
913 379 15
915 379 15
916 379 15
1026 379 15
1027 379 15
1028 379 15
1029 379 15
1035 379 15
1036 379 15
1287 379 15
1288 379 15
1292 379 15
1293 379 15
1803 379 15
1804 379 15
1812 379 15
1813 379 15
640 380 15
641 380 15
642 380 15
643 380 15
644 380 15
645 380 15
646 380 15
649 380 15
650 380 15
848 380 15
849 380 15
850 380 15
911 380 15
912 380 15
914 380 15
915 380 15
1025 380 15
1026 380 15
1030 380 15
1031 380 15
1032 380 15
1033 380 15
1034 380 15
1035 380 15
1286 380 15
1287 380 15
1291 380 15
1292 380 15
1802 380 15
1803 380 15
1811 380 15
1812 380 15
639 381 15
640 381 15
641 381 15
642 381 15
643 381 15
645 381 15
646 381 15
648 381 15
649 381 15
847 381 15
848 381 15
849 381 15
850 381 15
910 381 15
911 381 15
914 381 15
915 381 15
1025 381 15
1026 381 15
1028 381 15
1029 381 15
1030 381 15
1031 381 15
1032 381 15
1033 381 15
1034 381 15
1285 381 15
1286 381 15
1290 381 15
1291 381 15
1801 381 15
1802 381 15
1810 381 15
1811 381 15
638 382 15
639 382 15
640 382 15
641 382 15
642 382 15
646 382 15
647 382 15
648 382 15
847 382 15
848 382 15
849 382 15
909 382 15
910 382 15
913 382 15
914 382 15
1024 382 15
1025 382 15
1027 382 15
1028 382 15
1029 382 15
1285 382 15
1286 382 15
1289 382 15
1290 382 15
1801 382 15
1802 382 15
1809 382 15
1810 382 15
637 383 15
638 383 15
639 383 15
640 383 15
641 383 15
647 383 15
847 383 15
848 383 15
849 383 15
908 383 15
909 383 15
913 383 15
914 383 15
1023 383 15
1024 383 15
1026 383 15
1027 383 15
1284 383 15
1285 383 15
1288 383 15
1289 383 15
1801 383 15
1802 383 15
1808 383 15
1809 383 15
636 384 15
637 384 15
638 384 15
639 384 15
846 384 15
847 384 15
848 384 15
849 384 15
907 384 15
908 384 15
912 384 15
913 384 15
914 384 15
1022 384 15
1023 384 15
1025 384 15
1026 384 15
1284 384 15
1285 384 15
1288 384 15
1289 384 15
1801 384 15
1802 384 15
1806 384 15
1807 384 15
1808 384 15
636 385 15
637 385 15
638 385 15
845 385 15
846 385 15
847 385 15
848 385 15
907 385 15
908 385 15
911 385 15
912 385 15
913 385 15
1020 385 15
1021 385 15
1022 385 15
1024 385 15
1025 385 15
1283 385 15
1284 385 15
1287 385 15
1288 385 15
1801 385 15
1802 385 15
1805 385 15
1806 385 15
1807 385 15
635 386 15
636 386 15
637 386 15
638 386 15
845 386 15
846 386 15
847 386 15
907 386 15
908 386 15
910 386 15
911 386 15
1019 386 15
1020 386 15
1021 386 15
1023 386 15
1024 386 15
1282 386 15
1283 386 15
1286 386 15
1287 386 15
1801 386 15
1802 386 15
1804 386 15
1805 386 15
634 387 15
635 387 15
636 387 15
637 387 15
844 387 15
845 387 15
846 387 15
847 387 15
906 387 15
907 387 15
910 387 15
911 387 15
1018 387 15
1019 387 15
1022 387 15
1023 387 15
1281 387 15
1282 387 15
1285 387 15
1286 387 15
1801 387 15
1802 387 15
1804 387 15
1805 387 15
633 388 15
634 388 15
635 388 15
636 388 15
844 388 15
845 388 15
846 388 15
905 388 15
906 388 15
909 388 15
910 388 15
1017 388 15
1018 388 15
1021 388 15
1022 388 15
1280 388 15
1281 388 15
1284 388 15
1285 388 15
1800 388 15
1801 388 15
1804 388 15
1805 388 15
632 389 15
633 389 15
635 389 15
636 389 15
843 389 15
844 389 15
845 389 15
846 389 15
904 389 15
905 389 15
908 389 15
909 389 15
1015 389 15
1016 389 15
1017 389 15
1020 389 15
1021 389 15
1279 389 15
1280 389 15
1283 389 15
1284 389 15
1800 389 15
1801 389 15
1804 389 15
1805 389 15
631 390 15
632 390 15
633 390 15
634 390 15
635 390 15
842 390 15
843 390 15
844 390 15
845 390 15
903 390 15
904 390 15
907 390 15
908 390 15
1013 390 15
1014 390 15
1015 390 15
1016 390 15
1019 390 15
1020 390 15
1279 390 15
1280 390 15
1282 390 15
1283 390 15
1800 390 15
1801 390 15
1804 390 15
1805 390 15
631 391 15
632 391 15
633 391 15
634 391 15
841 391 15
842 391 15
843 391 15
844 391 15
902 391 15
903 391 15
906 391 15
907 391 15
1012 391 15
1013 391 15
1014 391 15
1018 391 15
1019 391 15
1278 391 15
1279 391 15
1282 391 15
1283 391 15
1799 391 15
1800 391 15
1803 391 15
1804 391 15
631 392 15
632 392 15
633 392 15
634 392 15
840 392 15
841 392 15
843 392 15
844 392 15
900 392 15
901 392 15
902 392 15
905 392 15
906 392 15
1010 392 15
1011 392 15
1012 392 15
1017 392 15
1018 392 15
1278 392 15
1279 392 15
1281 392 15
1282 392 15
1799 392 15
1800 392 15
1802 392 15
1803 392 15
630 393 15
631 393 15
632 393 15
633 393 15
634 393 15
839 393 15
840 393 15
842 393 15
843 393 15
899 393 15
900 393 15
901 393 15
904 393 15
905 393 15
1006 393 15
1007 393 15
1008 393 15
1009 393 15
1010 393 15
1011 393 15
1017 393 15
1018 393 15
1277 393 15
1278 393 15
1281 393 15
1282 393 15
1798 393 15
1799 393 15
1802 393 15
1803 393 15
630 394 15
631 394 15
633 394 15
634 394 15
635 394 15
838 394 15
839 394 15
841 394 15
842 394 15
894 394 15
895 394 15
896 394 15
897 394 15
898 394 15
899 394 15
902 394 15
903 394 15
904 394 15
1003 394 15
1004 394 15
1005 394 15
1006 394 15
1007 394 15
1008 394 15
1009 394 15
1016 394 15
1017 394 15
1276 394 15
1277 394 15
1280 394 15
1281 394 15
1798 394 15
1799 394 15
1801 394 15
1802 394 15
630 395 15
631 395 15
634 395 15
635 395 15
838 395 15
839 395 15
840 395 15
841 395 15
891 395 15
892 395 15
893 395 15
894 395 15
895 395 15
896 395 15
897 395 15
898 395 15
901 395 15
902 395 15
903 395 15
1002 395 15
1003 395 15
1004 395 15
1005 395 15
1015 395 15
1016 395 15
1275 395 15
1276 395 15
1279 395 15
1280 395 15
1797 395 15
1798 395 15
1801 395 15
1802 395 15
629 396 15
630 396 15
634 396 15
635 396 15
837 396 15
838 396 15
839 396 15
840 396 15
889 396 15
890 396 15
891 396 15
892 396 15
893 396 15
899 396 15
900 396 15
901 396 15
1000 396 15
1001 396 15
1002 396 15
1007 396 15
1008 396 15
1009 396 15
1015 396 15
1016 396 15
1274 396 15
1275 396 15
1278 396 15
1279 396 15
1796 396 15
1797 396 15
1800 396 15
1801 396 15
629 397 15
630 397 15
634 397 15
635 397 15
837 397 15
838 397 15
839 397 15
840 397 15
888 397 15
889 397 15
890 397 15
894 397 15
895 397 15
896 397 15
897 397 15
898 397 15
899 397 15
900 397 15
998 397 15
999 397 15
1000 397 15
1001 397 15
1004 397 15
1005 397 15
1006 397 15
1007 397 15
1008 397 15
1009 397 15
1010 397 15
1015 397 15
1016 397 15
1274 397 15
1275 397 15
1277 397 15
1278 397 15
1795 397 15
1796 397 15
1799 397 15
1800 397 15
629 398 15
630 398 15
634 398 15
635 398 15
836 398 15
837 398 15
838 398 15
839 398 15
887 398 15
888 398 15
892 398 15
893 398 15
894 398 15
895 398 15
896 398 15
897 398 15
898 398 15
996 398 15
997 398 15
998 398 15
999 398 15
1002 398 15
1003 398 15
1004 398 15
1005 398 15
1006 398 15
1009 398 15
1010 398 15
1011 398 15
1012 398 15
1013 398 15
1014 398 15
1015 398 15
1272 398 15
1273 398 15
1274 398 15
1277 398 15
1278 398 15
1794 398 15
1795 398 15
1798 398 15
1799 398 15
629 399 15
630 399 15
633 399 15
634 399 15
836 399 15
837 399 15
838 399 15
888 399 15
889 399 15
891 399 15
892 399 15
893 399 15
995 399 15
996 399 15
997 399 15
1000 399 15
1001 399 15
1002 399 15
1003 399 15
1010 399 15
1011 399 15
1012 399 15
1013 399 15
1014 399 15
1271 399 15
1272 399 15
1273 399 15
1276 399 15
1277 399 15
1793 399 15
1794 399 15
1797 399 15
1798 399 15
628 400 15
629 400 15
633 400 15
634 400 15
835 400 15
836 400 15
837 400 15
838 400 15
889 400 15
890 400 15
891 400 15
994 400 15
995 400 15
998 400 15
999 400 15
1000 400 15
1001 400 15
1270 400 15
1271 400 15
1275 400 15
1276 400 15
1792 400 15
1793 400 15
1794 400 15
1796 400 15
1797 400 15
628 401 15
629 401 15
632 401 15
633 401 15
835 401 15
836 401 15
837 401 15
888 401 15
889 401 15
890 401 15
891 401 15
993 401 15
994 401 15
997 401 15
998 401 15
999 401 15
1269 401 15
1270 401 15
1274 401 15
1275 401 15
1791 401 15
1792 401 15
1793 401 15
1796 401 15
1797 401 15
628 402 15
629 402 15
632 402 15
633 402 15
834 402 15
835 402 15
836 402 15
837 402 15
888 402 15
889 402 15
890 402 15
891 402 15
963 402 15
964 402 15
965 402 15
991 402 15
992 402 15
993 402 15
998 402 15
999 402 15
1268 402 15
1269 402 15
1273 402 15
1274 402 15
1790 402 15
1791 402 15
1792 402 15
1795 402 15
1796 402 15
628 403 15
629 403 15
632 403 15
633 403 15
833 403 15
834 403 15
835 403 15
836 403 15
886 403 15
887 403 15
888 403 15
890 403 15
891 403 15
962 403 15
963 403 15
964 403 15
965 403 15
966 403 15
990 403 15
991 403 15
992 403 15
998 403 15
999 403 15
1267 403 15
1268 403 15
1272 403 15
1273 403 15
1789 403 15
1790 403 15
1791 403 15
1794 403 15
1795 403 15
628 404 15
629 404 15
632 404 15
633 404 15
634 404 15
832 404 15
833 404 15
834 404 15
835 404 15
885 404 15
886 404 15
887 404 15
890 404 15
891 404 15
962 404 15
963 404 15
964 404 15
965 404 15
990 404 15
991 404 15
998 404 15
999 404 15
1266 404 15
1267 404 15
1271 404 15
1272 404 15
1788 404 15
1789 404 15
1790 404 15
1792 404 15
1793 404 15
1794 404 15
628 405 15
629 405 15
633 405 15
634 405 15
635 405 15
831 405 15
832 405 15
833 405 15
834 405 15
884 405 15
885 405 15
888 405 15
889 405 15
890 405 15
961 405 15
962 405 15
963 405 15
964 405 15
990 405 15
991 405 15
998 405 15
999 405 15
1266 405 15
1267 405 15
1270 405 15
1271 405 15
1787 405 15
1788 405 15
1789 405 15
1791 405 15
1792 405 15
1793 405 15
629 406 15
630 406 15
635 406 15
636 406 15
830 406 15
831 406 15
832 406 15
833 406 15
884 406 15
885 406 15
887 406 15
888 406 15
889 406 15
961 406 15
962 406 15
963 406 15
990 406 15
991 406 15
998 406 15
999 406 15
1265 406 15
1266 406 15
1269 406 15
1270 406 15
1786 406 15
1787 406 15
1788 406 15
1790 406 15
1791 406 15
629 407 15
630 407 15
634 407 15
635 407 15
636 407 15
830 407 15
831 407 15
832 407 15
833 407 15
883 407 15
884 407 15
888 407 15
889 407 15
960 407 15
961 407 15
962 407 15
963 407 15
989 407 15
990 407 15
998 407 15
999 407 15
1264 407 15
1265 407 15
1268 407 15
1269 407 15
1785 407 15
1786 407 15
1787 407 15
1790 407 15
1791 407 15
630 408 15
631 408 15
635 408 15
636 408 15
637 408 15
830 408 15
831 408 15
832 408 15
833 408 15
881 408 15
882 408 15
883 408 15
887 408 15
888 408 15
960 408 15
961 408 15
962 408 15
988 408 15
989 408 15
998 408 15
999 408 15
1263 408 15
1264 408 15
1267 408 15
1268 408 15
1785 408 15
1786 408 15
1789 408 15
1790 408 15
631 409 15
632 409 15
633 409 15
636 409 15
637 409 15
831 409 15
832 409 15
833 409 15
834 409 15
880 409 15
881 409 15
882 409 15
887 409 15
888 409 15
959 409 15
960 409 15
961 409 15
962 409 15
987 409 15
988 409 15
998 409 15
999 409 15
1262 409 15
1263 409 15
1264 409 15
1266 409 15
1267 409 15
1784 409 15
1785 409 15
1788 409 15
1789 409 15
632 410 15
633 410 15
634 410 15
637 410 15
638 410 15
832 410 15
833 410 15
834 410 15
835 410 15
879 410 15
880 410 15
886 410 15
887 410 15
958 410 15
959 410 15
960 410 15
961 410 15
988 410 15
989 410 15
990 410 15
998 410 15
999 410 15
1261 410 15
1262 410 15
1263 410 15
1266 410 15
1267 410 15
1784 410 15
1785 410 15
1787 410 15
1788 410 15
634 411 15
635 411 15
636 411 15
637 411 15
638 411 15
832 411 15
833 411 15
834 411 15
835 411 15
836 411 15
879 411 15
880 411 15
886 411 15
887 411 15
958 411 15
959 411 15
960 411 15
989 411 15
990 411 15
991 411 15
998 411 15
999 411 15
1259 411 15
1260 411 15
1261 411 15
1265 411 15
1266 411 15
1783 411 15
1784 411 15
1787 411 15
1788 411 15
635 412 15
636 412 15
637 412 15
638 412 15
833 412 15
834 412 15
835 412 15
836 412 15
880 412 15
881 412 15
882 412 15
886 412 15
887 412 15
958 412 15
959 412 15
960 412 15
990 412 15
991 412 15
997 412 15
998 412 15
1258 412 15
1259 412 15
1260 412 15
1265 412 15
1266 412 15
1783 412 15
1784 412 15
1786 412 15
1787 412 15
636 413 15
637 413 15
638 413 15
834 413 15
835 413 15
836 413 15
837 413 15
881 413 15
882 413 15
883 413 15
886 413 15
887 413 15
958 413 15
959 413 15
960 413 15
991 413 15
992 413 15
993 413 15
998 413 15
999 413 15
1256 413 15
1257 413 15
1258 413 15
1265 413 15
1266 413 15
1782 413 15
1783 413 15
1786 413 15
1787 413 15
636 414 15
637 414 15
638 414 15
639 414 15
835 414 15
836 414 15
837 414 15
883 414 15
884 414 15
886 414 15
887 414 15
957 414 15
958 414 15
959 414 15
960 414 15
992 414 15
993 414 15
994 414 15
998 414 15
999 414 15
1254 414 15
1255 414 15
1256 414 15
1257 414 15
1265 414 15
1266 414 15
1782 414 15
1783 414 15
1785 414 15
1786 414 15
636 415 15
637 415 15
638 415 15
639 415 15
834 415 15
835 415 15
836 415 15
837 415 15
883 415 15
884 415 15
887 415 15
888 415 15
957 415 15
958 415 15
959 415 15
960 415 15
994 415 15
995 415 15
999 415 15
1000 415 15
1253 415 15
1254 415 15
1255 415 15
1266 415 15
1267 415 15
1782 415 15
1783 415 15
1785 415 15
1786 415 15
636 416 15
637 416 15
638 416 15
639 416 15
834 416 15
835 416 15
836 416 15
837 416 15
883 416 15
884 416 15
886 416 15
887 416 15
957 416 15
958 416 15
959 416 15
960 416 15
995 416 15
996 416 15
997 416 15
998 416 15
999 416 15
1252 416 15
1253 416 15
1266 416 15
1267 416 15
1782 416 15
1783 416 15
1785 416 15
1786 416 15
636 417 15
637 417 15
638 417 15
639 417 15
834 417 15
835 417 15
836 417 15
837 417 15
883 417 15
884 417 15
886 417 15
887 417 15
957 417 15
958 417 15
959 417 15
960 417 15
995 417 15
996 417 15
997 417 15
998 417 15
1252 417 15
1253 417 15
1266 417 15
1267 417 15
1782 417 15
1783 417 15
1785 417 15
1786 417 15
636 418 15
637 418 15
638 418 15
639 418 15
834 418 15
835 418 15
836 418 15
837 418 15
883 418 15
884 418 15
886 418 15
887 418 15
957 418 15
958 418 15
959 418 15
960 418 15
995 418 15
996 418 15
997 418 15
998 418 15
1253 418 15
1254 418 15
1255 418 15
1256 418 15
1257 418 15
1258 418 15
1259 418 15
1260 418 15
1261 418 15
1262 418 15
1263 418 15
1265 418 15
1266 418 15
1781 418 15
1782 418 15
1785 418 15
1786 418 15
636 419 15
637 419 15
638 419 15
639 419 15
834 419 15
835 419 15
836 419 15
837 419 15
883 419 15
884 419 15
885 419 15
886 419 15
956 419 15
957 419 15
958 419 15
959 419 15
960 419 15
995 419 15
996 419 15
997 419 15
998 419 15
1254 419 15
1255 419 15
1256 419 15
1257 419 15
1258 419 15
1259 419 15
1260 419 15
1261 419 15
1262 419 15
1263 419 15
1264 419 15
1265 419 15
1781 419 15
1782 419 15
1784 419 15
1785 419 15
636 420 15
637 420 15
638 420 15
639 420 15
834 420 15
835 420 15
836 420 15
837 420 15
883 420 15
884 420 15
885 420 15
886 420 15
956 420 15
957 420 15
958 420 15
959 420 15
995 420 15
996 420 15
997 420 15
998 420 15
1263 420 15
1264 420 15
1265 420 15
1781 420 15
1782 420 15
1784 420 15
1785 420 15
636 421 15
637 421 15
638 421 15
639 421 15
833 421 15
834 421 15
835 421 15
836 421 15
837 421 15
883 421 15
884 421 15
885 421 15
886 421 15
956 421 15
957 421 15
958 421 15
959 421 15
995 421 15
996 421 15
997 421 15
998 421 15
1263 421 15
1264 421 15
1265 421 15
1781 421 15
1782 421 15
1784 421 15
1785 421 15
636 422 15
637 422 15
638 422 15
639 422 15
833 422 15
834 422 15
835 422 15
836 422 15
883 422 15
884 422 15
885 422 15
886 422 15
956 422 15
957 422 15
958 422 15
959 422 15
995 422 15
996 422 15
997 422 15
998 422 15
1263 422 15
1264 422 15
1265 422 15
1781 422 15
1782 422 15
1784 422 15
1785 422 15
636 423 15
637 423 15
638 423 15
639 423 15
833 423 15
834 423 15
835 423 15
836 423 15
883 423 15
884 423 15
885 423 15
886 423 15
955 423 15
956 423 15
958 423 15
959 423 15
995 423 15
996 423 15
997 423 15
998 423 15
1263 423 15
1264 423 15
1265 423 15
1781 423 15
1782 423 15
1784 423 15
1785 423 15
636 424 15
637 424 15
638 424 15
639 424 15
833 424 15
834 424 15
835 424 15
836 424 15
883 424 15
884 424 15
885 424 15
955 424 15
956 424 15
958 424 15
959 424 15
995 424 15
996 424 15
997 424 15
998 424 15
1263 424 15
1264 424 15
1265 424 15
1781 424 15
1782 424 15
1784 424 15
1785 424 15
635 425 15
636 425 15
638 425 15
639 425 15
833 425 15
834 425 15
835 425 15
836 425 15
882 425 15
883 425 15
884 425 15
885 425 15
955 425 15
956 425 15
957 425 15
958 425 15
995 425 15
996 425 15
997 425 15
998 425 15
1263 425 15
1264 425 15
1265 425 15
1779 425 15
1780 425 15
1781 425 15
1784 425 15
1785 425 15
635 426 15
636 426 15
639 426 15
640 426 15
833 426 15
834 426 15
835 426 15
882 426 15
883 426 15
884 426 15
885 426 15
954 426 15
955 426 15
957 426 15
958 426 15
994 426 15
995 426 15
996 426 15
997 426 15
998 426 15
1263 426 15
1264 426 15
1265 426 15
1778 426 15
1779 426 15
1780 426 15
1784 426 15
1785 426 15
635 427 15
636 427 15
639 427 15
640 427 15
832 427 15
833 427 15
834 427 15
835 427 15
881 427 15
882 427 15
884 427 15
885 427 15
954 427 15
955 427 15
956 427 15
957 427 15
994 427 15
995 427 15
996 427 15
997 427 15
1263 427 15
1264 427 15
1265 427 15
1777 427 15
1778 427 15
1784 427 15
1785 427 15
635 428 15
636 428 15
639 428 15
640 428 15
832 428 15
833 428 15
834 428 15
835 428 15
881 428 15
882 428 15
883 428 15
884 428 15
954 428 15
955 428 15
956 428 15
957 428 15
994 428 15
995 428 15
996 428 15
997 428 15
1262 428 15
1263 428 15
1264 428 15
1265 428 15
1778 428 15
1779 428 15
1780 428 15
1781 428 15
1782 428 15
1783 428 15
1784 428 15
1785 428 15
636 429 15
637 429 15
639 429 15
640 429 15
832 429 15
833 429 15
834 429 15
880 429 15
881 429 15
883 429 15
884 429 15
953 429 15
954 429 15
956 429 15
957 429 15
994 429 15
995 429 15
996 429 15
997 429 15
1262 429 15
1263 429 15
1264 429 15
1265 429 15
1779 429 15
1780 429 15
1781 429 15
1782 429 15
1783 429 15
1784 429 15
1785 429 15
636 430 15
637 430 15
639 430 15
640 430 15
832 430 15
833 430 15
834 430 15
880 430 15
881 430 15
882 430 15
883 430 15
953 430 15
954 430 15
955 430 15
956 430 15
994 430 15
995 430 15
996 430 15
997 430 15
1262 430 15
1263 430 15
1264 430 15
1783 430 15
1784 430 15
1785 430 15
636 431 15
637 431 15
639 431 15
640 431 15
831 431 15
832 431 15
833 431 15
834 431 15
879 431 15
880 431 15
882 431 15
883 431 15
953 431 15
954 431 15
955 431 15
956 431 15
994 431 15
995 431 15
996 431 15
997 431 15
1262 431 15
1263 431 15
1264 431 15
1783 431 15
1784 431 15
1785 431 15
636 432 15
637 432 15
638 432 15
639 432 15
831 432 15
832 432 15
833 432 15
878 432 15
879 432 15
881 432 15
882 432 15
953 432 15
954 432 15
955 432 15
956 432 15
994 432 15
995 432 15
996 432 15
997 432 15
1262 432 15
1263 432 15
1264 432 15
1784 432 15
1785 432 15
1786 432 15
636 433 15
637 433 15
638 433 15
639 433 15
831 433 15
832 433 15
833 433 15
878 433 15
879 433 15
881 433 15
882 433 15
952 433 15
953 433 15
954 433 15
955 433 15
994 433 15
995 433 15
996 433 15
997 433 15
1262 433 15
1263 433 15
1264 433 15
1785 433 15
1786 433 15
1787 433 15
636 434 15
637 434 15
638 434 15
639 434 15
831 434 15
832 434 15
833 434 15
877 434 15
878 434 15
881 434 15
882 434 15
952 434 15
953 434 15
954 434 15
955 434 15
993 434 15
994 434 15
995 434 15
996 434 15
1262 434 15
1263 434 15
1264 434 15
1786 434 15
1787 434 15
635 435 15
636 435 15
638 435 15
639 435 15
830 435 15
831 435 15
832 435 15
833 435 15
877 435 15
878 435 15
880 435 15
881 435 15
952 435 15
953 435 15
954 435 15
955 435 15
993 435 15
994 435 15
995 435 15
996 435 15
1262 435 15
1263 435 15
1264 435 15
1786 435 15
1787 435 15
1788 435 15
635 436 15
636 436 15
638 436 15
639 436 15
830 436 15
831 436 15
832 436 15
876 436 15
877 436 15
879 436 15
880 436 15
952 436 15
953 436 15
954 436 15
955 436 15
993 436 15
994 436 15
995 436 15
996 436 15
1261 436 15
1262 436 15
1263 436 15
1264 436 15
1786 436 15
1787 436 15
1788 436 15
635 437 15
636 437 15
638 437 15
639 437 15
829 437 15
830 437 15
831 437 15
832 437 15
875 437 15
876 437 15
879 437 15
880 437 15
951 437 15
952 437 15
953 437 15
954 437 15
993 437 15
994 437 15
995 437 15
996 437 15
1261 437 15
1262 437 15
1263 437 15
1264 437 15
1787 437 15
1788 437 15
1789 437 15
635 438 15
636 438 15
637 438 15
638 438 15
829 438 15
830 438 15
831 438 15
832 438 15
874 438 15
875 438 15
878 438 15
879 438 15
951 438 15
952 438 15
953 438 15
954 438 15
993 438 15
994 438 15
995 438 15
996 438 15
1261 438 15
1262 438 15
1263 438 15
1787 438 15
1788 438 15
1789 438 15
635 439 15
636 439 15
637 439 15
638 439 15
829 439 15
830 439 15
831 439 15
874 439 15
875 439 15
877 439 15
878 439 15
950 439 15
951 439 15
953 439 15
954 439 15
993 439 15
994 439 15
995 439 15
996 439 15
1261 439 15
1262 439 15
1263 439 15
1786 439 15
1787 439 15
1789 439 15
1790 439 15
634 440 15
635 440 15
637 440 15
638 440 15
828 440 15
829 440 15
830 440 15
831 440 15
873 440 15
874 440 15
877 440 15
878 440 15
950 440 15
951 440 15
953 440 15
954 440 15
993 440 15
994 440 15
995 440 15
996 440 15
1260 440 15
1261 440 15
1262 440 15
1263 440 15
1786 440 15
1787 440 15
1789 440 15
1790 440 15
634 441 15
635 441 15
637 441 15
638 441 15
828 441 15
829 441 15
830 441 15
831 441 15
872 441 15
873 441 15
876 441 15
877 441 15
949 441 15
950 441 15
952 441 15
953 441 15
993 441 15
994 441 15
995 441 15
996 441 15
1260 441 15
1261 441 15
1262 441 15
1263 441 15
1785 441 15
1786 441 15
1789 441 15
1790 441 15
634 442 15
635 442 15
636 442 15
637 442 15
827 442 15
828 442 15
829 442 15
830 442 15
871 442 15
872 442 15
874 442 15
875 442 15
876 442 15
949 442 15
950 442 15
952 442 15
953 442 15
993 442 15
994 442 15
995 442 15
996 442 15
1260 442 15
1261 442 15
1262 442 15
1263 442 15
1785 442 15
1786 442 15
1789 442 15
1790 442 15
634 443 15
635 443 15
636 443 15
637 443 15
827 443 15
828 443 15
829 443 15
830 443 15
871 443 15
872 443 15
873 443 15
874 443 15
875 443 15
949 443 15
950 443 15
952 443 15
953 443 15
993 443 15
994 443 15
995 443 15
996 443 15
1260 443 15
1261 443 15
1262 443 15
1263 443 15
1784 443 15
1785 443 15
1789 443 15
1790 443 15
634 444 15
635 444 15
636 444 15
637 444 15
826 444 15
827 444 15
828 444 15
829 444 15
870 444 15
871 444 15
873 444 15
874 444 15
949 444 15
950 444 15
952 444 15
953 444 15
993 444 15
994 444 15
995 444 15
996 444 15
1260 444 15
1261 444 15
1262 444 15
1784 444 15
1785 444 15
1790 444 15
1791 444 15
634 445 15
635 445 15
636 445 15
826 445 15
827 445 15
828 445 15
829 445 15
870 445 15
871 445 15
872 445 15
873 445 15
949 445 15
950 445 15
952 445 15
953 445 15
993 445 15
994 445 15
995 445 15
996 445 15
1259 445 15
1260 445 15
1261 445 15
1262 445 15
1784 445 15
1785 445 15
1791 445 15
1792 445 15
633 446 15
634 446 15
635 446 15
636 446 15
826 446 15
827 446 15
828 446 15
869 446 15
870 446 15
872 446 15
873 446 15
949 446 15
950 446 15
951 446 15
952 446 15
993 446 15
994 446 15
995 446 15
996 446 15
1259 446 15
1260 446 15
1261 446 15
1784 446 15
1785 446 15
1791 446 15
1792 446 15
633 447 15
634 447 15
635 447 15
636 447 15
825 447 15
826 447 15
827 447 15
828 447 15
868 447 15
869 447 15
871 447 15
872 447 15
949 447 15
950 447 15
951 447 15
952 447 15
993 447 15
994 447 15
995 447 15
996 447 15
1259 447 15
1260 447 15
1261 447 15
1785 447 15
1786 447 15
1791 447 15
1792 447 15
633 448 15
634 448 15
635 448 15
825 448 15
826 448 15
827 448 15
868 448 15
869 448 15
871 448 15
872 448 15
949 448 15
950 448 15
951 448 15
952 448 15
993 448 15
994 448 15
995 448 15
996 448 15
1259 448 15
1260 448 15
1261 448 15
1785 448 15
1786 448 15
1791 448 15
1792 448 15
633 449 15
634 449 15
635 449 15
824 449 15
825 449 15
826 449 15
827 449 15
867 449 15
868 449 15
871 449 15
872 449 15
949 449 15
950 449 15
951 449 15
952 449 15
993 449 15
994 449 15
995 449 15
996 449 15
1259 449 15
1260 449 15
1261 449 15
1785 449 15
1786 449 15
1791 449 15
1792 449 15
633 450 15
634 450 15
635 450 15
824 450 15
825 450 15
826 450 15
867 450 15
868 450 15
870 450 15
871 450 15
949 450 15
950 450 15
951 450 15
952 450 15
993 450 15
994 450 15
995 450 15
996 450 15
1258 450 15
1259 450 15
1260 450 15
1261 450 15
1785 450 15
1786 450 15
1791 450 15
1792 450 15
632 451 15
633 451 15
634 451 15
635 451 15
824 451 15
825 451 15
826 451 15
867 451 15
868 451 15
870 451 15
871 451 15
949 451 15
950 451 15
951 451 15
993 451 15
994 451 15
995 451 15
996 451 15
1258 451 15
1259 451 15
1260 451 15
1261 451 15
1785 451 15
1786 451 15
1791 451 15
1792 451 15
632 452 15
633 452 15
634 452 15
635 452 15
823 452 15
824 452 15
825 452 15
826 452 15
866 452 15
867 452 15
869 452 15
870 452 15
948 452 15
949 452 15
950 452 15
951 452 15
993 452 15
994 452 15
995 452 15
996 452 15
1258 452 15
1259 452 15
1260 452 15
1785 452 15
1786 452 15
1791 452 15
1792 452 15
632 453 15
633 453 15
634 453 15
635 453 15
823 453 15
824 453 15
825 453 15
866 453 15
867 453 15
868 453 15
869 453 15
948 453 15
949 453 15
950 453 15
951 453 15
993 453 15
994 453 15
995 453 15
996 453 15
1258 453 15
1259 453 15
1260 453 15
1785 453 15
1786 453 15
1791 453 15
1792 453 15
632 454 15
633 454 15
634 454 15
635 454 15
822 454 15
823 454 15
824 454 15
825 454 15
865 454 15
866 454 15
867 454 15
868 454 15
948 454 15
949 454 15
950 454 15
951 454 15
993 454 15
994 454 15
995 454 15
996 454 15
1258 454 15
1259 454 15
1260 454 15
1785 454 15
1786 454 15
1790 454 15
1791 454 15
631 455 15
632 455 15
634 455 15
635 455 15
821 455 15
822 455 15
823 455 15
824 455 15
865 455 15
866 455 15
867 455 15
868 455 15
948 455 15
949 455 15
950 455 15
993 455 15
994 455 15
995 455 15
996 455 15
1258 455 15
1259 455 15
1260 455 15
1785 455 15
1786 455 15
1790 455 15
1791 455 15
631 456 15
632 456 15
633 456 15
634 456 15
821 456 15
822 456 15
823 456 15
824 456 15
864 456 15
865 456 15
866 456 15
867 456 15
947 456 15
948 456 15
949 456 15
950 456 15
993 456 15
994 456 15
995 456 15
996 456 15
1257 456 15
1258 456 15
1259 456 15
1260 456 15
1785 456 15
1786 456 15
1790 456 15
1791 456 15
630 457 15
631 457 15
633 457 15
634 457 15
820 457 15
821 457 15
822 457 15
823 457 15
863 457 15
864 457 15
865 457 15
866 457 15
947 457 15
948 457 15
949 457 15
993 457 15
994 457 15
995 457 15
996 457 15
1257 457 15
1258 457 15
1259 457 15
1260 457 15
1785 457 15
1786 457 15
1790 457 15
1791 457 15
630 458 15
631 458 15
633 458 15
634 458 15
819 458 15
820 458 15
821 458 15
822 458 15
863 458 15
864 458 15
865 458 15
866 458 15
946 458 15
947 458 15
948 458 15
949 458 15
993 458 15
994 458 15
995 458 15
996 458 15
1257 458 15
1258 458 15
1259 458 15
1260 458 15
1785 458 15
1786 458 15
1789 458 15
1790 458 15
630 459 15
631 459 15
633 459 15
634 459 15
818 459 15
819 459 15
820 459 15
821 459 15
862 459 15
863 459 15
864 459 15
865 459 15
946 459 15
947 459 15
948 459 15
993 459 15
994 459 15
995 459 15
996 459 15
1257 459 15
1258 459 15
1259 459 15
1785 459 15
1786 459 15
1789 459 15
1790 459 15
630 460 15
631 460 15
632 460 15
633 460 15
817 460 15
818 460 15
819 460 15
820 460 15
862 460 15
863 460 15
864 460 15
865 460 15
945 460 15
946 460 15
947 460 15
948 460 15
993 460 15
994 460 15
995 460 15
996 460 15
1257 460 15
1258 460 15
1259 460 15
1785 460 15
1786 460 15
1789 460 15
1790 460 15
630 461 15
631 461 15
632 461 15
633 461 15
816 461 15
817 461 15
818 461 15
819 461 15
861 461 15
862 461 15
863 461 15
864 461 15
944 461 15
945 461 15
946 461 15
947 461 15
993 461 15
994 461 15
995 461 15
996 461 15
1257 461 15
1258 461 15
1259 461 15
1785 461 15
1786 461 15
1789 461 15
1790 461 15
629 462 15
630 462 15
631 462 15
632 462 15
816 462 15
817 462 15
818 462 15
861 462 15
862 462 15
863 462 15
943 462 15
944 462 15
945 462 15
946 462 15
993 462 15
994 462 15
995 462 15
996 462 15
1256 462 15
1257 462 15
1258 462 15
1259 462 15
1785 462 15
1786 462 15
1789 462 15
1790 462 15
629 463 15
630 463 15
631 463 15
815 463 15
816 463 15
817 463 15
818 463 15
860 463 15
861 463 15
863 463 15
864 463 15
943 463 15
944 463 15
945 463 15
946 463 15
993 463 15
994 463 15
995 463 15
996 463 15
1256 463 15
1257 463 15
1258 463 15
1259 463 15
1785 463 15
1786 463 15
1789 463 15
1790 463 15
629 464 15
630 464 15
631 464 15
814 464 15
815 464 15
817 464 15
818 464 15
859 464 15
860 464 15
862 464 15
863 464 15
942 464 15
943 464 15
944 464 15
945 464 15
993 464 15
994 464 15
995 464 15
996 464 15
1256 464 15
1257 464 15
1258 464 15
1785 464 15
1786 464 15
1789 464 15
1790 464 15
628 465 15
629 465 15
630 465 15
631 465 15
813 465 15
814 465 15
816 465 15
817 465 15
860 465 15
861 465 15
862 465 15
863 465 15
941 465 15
942 465 15
943 465 15
944 465 15
993 465 15
994 465 15
995 465 15
996 465 15
1256 465 15
1257 465 15
1258 465 15
1785 465 15
1786 465 15
1789 465 15
1790 465 15
628 466 15
629 466 15
630 466 15
812 466 15
813 466 15
815 466 15
816 466 15
859 466 15
860 466 15
861 466 15
862 466 15
940 466 15
941 466 15
942 466 15
943 466 15
993 466 15
994 466 15
995 466 15
996 466 15
1255 466 15
1256 466 15
1257 466 15
1258 466 15
1785 466 15
1786 466 15
1789 466 15
1790 466 15
628 467 15
629 467 15
630 467 15
812 467 15
813 467 15
814 467 15
815 467 15
816 467 15
858 467 15
859 467 15
861 467 15
862 467 15
940 467 15
941 467 15
942 467 15
943 467 15
993 467 15
994 467 15
995 467 15
996 467 15
1255 467 15
1256 467 15
1257 467 15
1785 467 15
1786 467 15
1789 467 15
1790 467 15
627 468 15
628 468 15
629 468 15
630 468 15
811 468 15
812 468 15
813 468 15
814 468 15
815 468 15
858 468 15
859 468 15
860 468 15
861 468 15
939 468 15
940 468 15
941 468 15
942 468 15
993 468 15
994 468 15
995 468 15
996 468 15
1255 468 15
1256 468 15
1257 468 15
1785 468 15
1786 468 15
1789 468 15
1790 468 15
627 469 15
628 469 15
629 469 15
630 469 15
810 469 15
811 469 15
812 469 15
813 469 15
857 469 15
858 469 15
860 469 15
861 469 15
938 469 15
939 469 15
940 469 15
941 469 15
993 469 15
994 469 15
995 469 15
996 469 15
1254 469 15
1255 469 15
1256 469 15
1257 469 15
1785 469 15
1786 469 15
1789 469 15
1790 469 15
627 470 15
628 470 15
629 470 15
630 470 15
810 470 15
811 470 15
812 470 15
857 470 15
858 470 15
859 470 15
860 470 15
937 470 15
938 470 15
940 470 15
941 470 15
993 470 15
994 470 15
995 470 15
996 470 15
1254 470 15
1255 470 15
1256 470 15
1257 470 15
1786 470 15
1787 470 15
1789 470 15
1790 470 15
627 471 15
628 471 15
629 471 15
630 471 15
809 471 15
810 471 15
811 471 15
812 471 15
852 471 15
856 471 15
857 471 15
858 471 15
859 471 15
937 471 15
938 471 15
939 471 15
940 471 15
993 471 15
994 471 15
995 471 15
996 471 15
1254 471 15
1255 471 15
1256 471 15
1786 471 15
1787 471 15
1789 471 15
1790 471 15
627 472 15
628 472 15
629 472 15
630 472 15
809 472 15
810 472 15
811 472 15
851 472 15
852 472 15
853 472 15
856 472 15
857 472 15
858 472 15
859 472 15
936 472 15
937 472 15
938 472 15
939 472 15
993 472 15
994 472 15
995 472 15
996 472 15
1253 472 15
1254 472 15
1255 472 15
1256 472 15
1786 472 15
1787 472 15
1789 472 15
1790 472 15
627 473 15
628 473 15
629 473 15
808 473 15
809 473 15
810 473 15
811 473 15
850 473 15
851 473 15
852 473 15
853 473 15
855 473 15
856 473 15
857 473 15
858 473 15
935 473 15
936 473 15
937 473 15
938 473 15
993 473 15
994 473 15
995 473 15
996 473 15
1252 473 15
1253 473 15
1254 473 15
1255 473 15
1256 473 15
1786 473 15
1787 473 15
1789 473 15
1790 473 15
626 474 15
627 474 15
628 474 15
629 474 15
807 474 15
808 474 15
809 474 15
810 474 15
849 474 15
850 474 15
852 474 15
853 474 15
854 474 15
855 474 15
857 474 15
858 474 15
934 474 15
935 474 15
936 474 15
937 474 15
993 474 15
994 474 15
995 474 15
996 474 15
1252 474 15
1253 474 15
1254 474 15
1255 474 15
1786 474 15
1787 474 15
1789 474 15
1790 474 15
626 475 15
627 475 15
628 475 15
629 475 15
806 475 15
807 475 15
808 475 15
809 475 15
849 475 15
850 475 15
852 475 15
853 475 15
854 475 15
855 475 15
856 475 15
857 475 15
933 475 15
934 475 15
935 475 15
936 475 15
993 475 15
994 475 15
995 475 15
996 475 15
1251 475 15
1252 475 15
1253 475 15
1254 475 15
1255 475 15
1786 475 15
1787 475 15
1789 475 15
1790 475 15
626 476 15
627 476 15
628 476 15
629 476 15
806 476 15
807 476 15
808 476 15
848 476 15
849 476 15
852 476 15
853 476 15
854 476 15
855 476 15
856 476 15
933 476 15
934 476 15
935 476 15
936 476 15
993 476 15
994 476 15
995 476 15
996 476 15
1251 476 15
1252 476 15
1253 476 15
1254 476 15
1786 476 15
1787 476 15
1789 476 15
1790 476 15
626 477 15
627 477 15
628 477 15
629 477 15
805 477 15
806 477 15
807 477 15
808 477 15
848 477 15
849 477 15
852 477 15
853 477 15
854 477 15
855 477 15
856 477 15
932 477 15
933 477 15
934 477 15
935 477 15
993 477 15
994 477 15
995 477 15
996 477 15
1250 477 15
1251 477 15
1252 477 15
1253 477 15
1254 477 15
1787 477 15
1788 477 15
1789 477 15
1790 477 15
626 478 15
627 478 15
628 478 15
804 478 15
805 478 15
806 478 15
807 478 15
847 478 15
848 478 15
853 478 15
854 478 15
855 478 15
931 478 15
932 478 15
933 478 15
934 478 15
993 478 15
994 478 15
995 478 15
996 478 15
1250 478 15
1251 478 15
1252 478 15
1253 478 15
1787 478 15
1788 478 15
1789 478 15
1790 478 15
625 479 15
626 479 15
627 479 15
628 479 15
803 479 15
804 479 15
805 479 15
806 479 15
847 479 15
848 479 15
853 479 15
854 479 15
931 479 15
932 479 15
933 479 15
993 479 15
994 479 15
995 479 15
996 479 15
1251 479 15
1252 479 15
1253 479 15
1787 479 15
1788 479 15
1789 479 15
1790 479 15
625 480 15
626 480 15
627 480 15
628 480 15
803 480 15
804 480 15
805 480 15
846 480 15
847 480 15
852 480 15
853 480 15
930 480 15
931 480 15
932 480 15
933 480 15
993 480 15
994 480 15
995 480 15
996 480 15
1249 480 15
1250 480 15
1251 480 15
1252 480 15
1253 480 15
1787 480 15
1788 480 15
1789 480 15
1790 480 15
625 481 15
626 481 15
627 481 15
628 481 15
802 481 15
803 481 15
804 481 15
805 481 15
846 481 15
847 481 15
851 481 15
852 481 15
930 481 15
931 481 15
932 481 15
993 481 15
994 481 15
995 481 15
996 481 15
1248 481 15
1249 481 15
1250 481 15
1251 481 15
1252 481 15
1787 481 15
1788 481 15
1789 481 15
1790 481 15
625 482 15
626 482 15
627 482 15
801 482 15
802 482 15
803 482 15
804 482 15
846 482 15
847 482 15
850 482 15
851 482 15
852 482 15
930 482 15
931 482 15
932 482 15
993 482 15
994 482 15
995 482 15
996 482 15
1248 482 15
1249 482 15
1250 482 15
1251 482 15
1787 482 15
1788 482 15
1789 482 15
1790 482 15
625 483 15
626 483 15
627 483 15
801 483 15
802 483 15
803 483 15
846 483 15
847 483 15
849 483 15
850 483 15
851 483 15
929 483 15
930 483 15
931 483 15
932 483 15
993 483 15
994 483 15
995 483 15
1248 483 15
1249 483 15
1250 483 15
1251 483 15
1787 483 15
1788 483 15
1789 483 15
1790 483 15
625 484 15
626 484 15
627 484 15
800 484 15
801 484 15
802 484 15
803 484 15
847 484 15
848 484 15
849 484 15
850 484 15
928 484 15
929 484 15
930 484 15
931 484 15
993 484 15
994 484 15
995 484 15
1248 484 15
1249 484 15
1250 484 15
1787 484 15
1788 484 15
1789 484 15
1790 484 15
624 485 15
625 485 15
626 485 15
627 485 15
799 485 15
800 485 15
801 485 15
802 485 15
847 485 15
848 485 15
849 485 15
928 485 15
929 485 15
930 485 15
931 485 15
992 485 15
993 485 15
994 485 15
995 485 15
1247 485 15
1248 485 15
1249 485 15
1250 485 15
1787 485 15
1788 485 15
1789 485 15
1790 485 15
1792 485 15
1793 485 15
624 486 15
625 486 15
626 486 15
627 486 15
799 486 15
800 486 15
801 486 15
847 486 15
848 486 15
849 486 15
927 486 15
928 486 15
929 486 15
930 486 15
992 486 15
993 486 15
994 486 15
1246 486 15
1247 486 15
1248 486 15
1249 486 15
1788 486 15
1789 486 15
1790 486 15
1791 486 15
1792 486 15
1793 486 15
1794 486 15
624 487 15
625 487 15
626 487 15
627 487 15
798 487 15
799 487 15
800 487 15
801 487 15
846 487 15
847 487 15
848 487 15
849 487 15
927 487 15
928 487 15
929 487 15
992 487 15
993 487 15
994 487 15
1246 487 15
1247 487 15
1248 487 15
1249 487 15
1789 487 15
1790 487 15
1791 487 15
1794 487 15
1795 487 15
624 488 15
625 488 15
626 488 15
627 488 15
797 488 15
798 488 15
799 488 15
800 488 15
845 488 15
846 488 15
847 488 15
848 488 15
849 488 15
926 488 15
927 488 15
928 488 15
929 488 15
992 488 15
993 488 15
994 488 15
1246 488 15
1247 488 15
1248 488 15
1789 488 15
1790 488 15
1794 488 15
1795 488 15
624 489 15
625 489 15
626 489 15
796 489 15
797 489 15
798 489 15
799 489 15
845 489 15
846 489 15
847 489 15
848 489 15
926 489 15
927 489 15
928 489 15
991 489 15
992 489 15
993 489 15
994 489 15
1245 489 15
1246 489 15
1247 489 15
1248 489 15
1789 489 15
1790 489 15
1793 489 15
1794 489 15
624 490 15
625 490 15
626 490 15
795 490 15
796 490 15
797 490 15
798 490 15
844 490 15
845 490 15
846 490 15
847 490 15
848 490 15
925 490 15
926 490 15
927 490 15
991 490 15
992 490 15
993 490 15
994 490 15
1244 490 15
1245 490 15
1246 490 15
1247 490 15
1789 490 15
1790 490 15
1792 490 15
1793 490 15
624 491 15
625 491 15
626 491 15
794 491 15
795 491 15
796 491 15
797 491 15
844 491 15
845 491 15
846 491 15
847 491 15
924 491 15
925 491 15
926 491 15
927 491 15
991 491 15
992 491 15
993 491 15
994 491 15
1244 491 15
1245 491 15
1246 491 15
1247 491 15
1789 491 15
1790 491 15
1792 491 15
1793 491 15
624 492 15
625 492 15
626 492 15
793 492 15
794 492 15
795 492 15
796 492 15
844 492 15
845 492 15
846 492 15
847 492 15
923 492 15
924 492 15
925 492 15
926 492 15
991 492 15
992 492 15
993 492 15
994 492 15
1243 492 15
1244 492 15
1245 492 15
1246 492 15
1789 492 15
1790 492 15
1792 492 15
1793 492 15
1794 492 15
624 493 15
625 493 15
626 493 15
793 493 15
794 493 15
795 493 15
796 493 15
843 493 15
844 493 15
845 493 15
846 493 15
923 493 15
924 493 15
925 493 15
991 493 15
992 493 15
993 493 15
994 493 15
1243 493 15
1244 493 15
1245 493 15
1246 493 15
1790 493 15
1791 493 15
1793 493 15
1794 493 15
1795 493 15
624 494 15
625 494 15
626 494 15
792 494 15
793 494 15
794 494 15
795 494 15
843 494 15
844 494 15
845 494 15
846 494 15
922 494 15
923 494 15
924 494 15
925 494 15
991 494 15
992 494 15
993 494 15
1242 494 15
1243 494 15
1244 494 15
1245 494 15
1791 494 15
1792 494 15
1794 494 15
1795 494 15
624 495 15
625 495 15
626 495 15
791 495 15
792 495 15
793 495 15
794 495 15
843 495 15
844 495 15
845 495 15
922 495 15
923 495 15
924 495 15
991 495 15
992 495 15
993 495 15
1242 495 15
1243 495 15
1244 495 15
1791 495 15
1792 495 15
1794 495 15
1795 495 15
624 496 15
625 496 15
626 496 15
790 496 15
791 496 15
792 496 15
793 496 15
842 496 15
843 496 15
844 496 15
845 496 15
921 496 15
922 496 15
923 496 15
924 496 15
991 496 15
992 496 15
993 496 15
1241 496 15
1242 496 15
1243 496 15
1244 496 15
1791 496 15
1792 496 15
1794 496 15
1795 496 15
623 497 15
624 497 15
625 497 15
626 497 15
790 497 15
791 497 15
792 497 15
793 497 15
842 497 15
843 497 15
844 497 15
921 497 15
922 497 15
923 497 15
990 497 15
991 497 15
992 497 15
993 497 15
1241 497 15
1242 497 15
1243 497 15
1791 497 15
1792 497 15
1794 497 15
1795 497 15
623 498 15
624 498 15
625 498 15
626 498 15
789 498 15
790 498 15
791 498 15
792 498 15
841 498 15
842 498 15
843 498 15
844 498 15
921 498 15
922 498 15
923 498 15
990 498 15
991 498 15
992 498 15
993 498 15
1241 498 15
1242 498 15
1243 498 15
1791 498 15
1792 498 15
1794 498 15
1795 498 15
623 499 15
624 499 15
625 499 15
626 499 15
789 499 15
790 499 15
791 499 15
841 499 15
842 499 15
843 499 15
920 499 15
921 499 15
922 499 15
990 499 15
991 499 15
992 499 15
993 499 15
1241 499 15
1242 499 15
1243 499 15
1791 499 15
1792 499 15
1793 499 15
1794 499 15
623 500 15
624 500 15
625 500 15
626 500 15
788 500 15
789 500 15
790 500 15
791 500 15
840 500 15
841 500 15
842 500 15
843 500 15
920 500 15
921 500 15
922 500 15
990 500 15
991 500 15
992 500 15
993 500 15
1241 500 15
1242 500 15
1243 500 15
1790 500 15
1791 500 15
1793 500 15
1794 500 15
623 501 15
624 501 15
625 501 15
626 501 15
787 501 15
788 501 15
789 501 15
790 501 15
840 501 15
841 501 15
842 501 15
843 501 15
917 501 15
919 501 15
920 501 15
921 501 15
922 501 15
990 501 15
991 501 15
992 501 15
993 501 15
1240 501 15
1241 501 15
1242 501 15
1243 501 15
1790 501 15
1791 501 15
1792 501 15
1793 501 15
623 502 15
624 502 15
625 502 15
787 502 15
788 502 15
789 502 15
840 502 15
841 502 15
842 502 15
916 502 15
917 502 15
918 502 15
919 502 15
920 502 15
921 502 15
990 502 15
991 502 15
992 502 15
993 502 15
1239 502 15
1240 502 15
1242 502 15
1243 502 15
1790 502 15
1791 502 15
1792 502 15
1793 502 15
622 503 15
623 503 15
624 503 15
625 503 15
786 503 15
787 503 15
788 503 15
789 503 15
840 503 15
841 503 15
842 503 15
915 503 15
916 503 15
917 503 15
918 503 15
919 503 15
920 503 15
989 503 15
990 503 15
992 503 15
993 503 15
1239 503 15
1240 503 15
1242 503 15
1243 503 15
1790 503 15
1791 503 15
1792 503 15
1793 503 15
622 504 15
623 504 15
624 504 15
625 504 15
785 504 15
786 504 15
787 504 15
788 504 15
839 504 15
840 504 15
841 504 15
842 504 15
915 504 15
916 504 15
917 504 15
918 504 15
919 504 15
920 504 15
989 504 15
990 504 15
992 504 15
993 504 15
1239 504 15
1240 504 15
1242 504 15
1243 504 15
1789 504 15
1790 504 15
1792 504 15
1793 504 15
622 505 15
623 505 15
624 505 15
625 505 15
783 505 15
784 505 15
785 505 15
786 505 15
787 505 15
839 505 15
840 505 15
841 505 15
914 505 15
915 505 15
916 505 15
917 505 15
918 505 15
919 505 15
989 505 15
990 505 15
992 505 15
993 505 15
1239 505 15
1240 505 15
1241 505 15
1242 505 15
1243 505 15
1789 505 15
1790 505 15
1791 505 15
1792 505 15
621 506 15
622 506 15
623 506 15
624 506 15
781 506 15
782 506 15
783 506 15
784 506 15
785 506 15
786 506 15
839 506 15
840 506 15
841 506 15
914 506 15
915 506 15
916 506 15
917 506 15
918 506 15
989 506 15
990 506 15
992 506 15
993 506 15
1240 506 15
1241 506 15
1242 506 15
1243 506 15
1789 506 15
1790 506 15
1791 506 15
1792 506 15
621 507 15
622 507 15
623 507 15
624 507 15
780 507 15
781 507 15
782 507 15
783 507 15
784 507 15
839 507 15
840 507 15
841 507 15
913 507 15
914 507 15
915 507 15
916 507 15
917 507 15
989 507 15
990 507 15
992 507 15
993 507 15
1241 507 15
1242 507 15
1243 507 15
1789 507 15
1790 507 15
1791 507 15
1792 507 15
621 508 15
622 508 15
623 508 15
624 508 15
778 508 15
779 508 15
780 508 15
781 508 15
782 508 15
783 508 15
839 508 15
840 508 15
841 508 15
913 508 15
914 508 15
916 508 15
917 508 15
989 508 15
990 508 15
992 508 15
993 508 15
1241 508 15
1242 508 15
1243 508 15
1788 508 15
1789 508 15
1791 508 15
1792 508 15
621 509 15
622 509 15
623 509 15
777 509 15
778 509 15
779 509 15
780 509 15
781 509 15
839 509 15
840 509 15
841 509 15
912 509 15
913 509 15
915 509 15
916 509 15
989 509 15
990 509 15
991 509 15
992 509 15
1241 509 15
1242 509 15
1243 509 15
1788 509 15
1789 509 15
1790 509 15
1791 509 15
621 510 15
622 510 15
623 510 15
775 510 15
776 510 15
777 510 15
778 510 15
779 510 15
780 510 15
839 510 15
840 510 15
841 510 15
912 510 15
913 510 15
915 510 15
916 510 15
989 510 15
990 510 15
991 510 15
992 510 15
1241 510 15
1242 510 15
1243 510 15
1788 510 15
1789 510 15
1790 510 15
1791 510 15
620 511 15
621 511 15
622 511 15
623 511 15
774 511 15
775 511 15
776 511 15
777 511 15
778 511 15
839 511 15
840 511 15
841 511 15
842 511 15
911 511 15
912 511 15
914 511 15
915 511 15
989 511 15
990 511 15
991 511 15
992 511 15
1240 511 15
1241 511 15
1242 511 15
1243 511 15
1788 511 15
1789 511 15
1790 511 15
1791 511 15
620 512 15
621 512 15
622 512 15
623 512 15
773 512 15
774 512 15
775 512 15
776 512 15
777 512 15
839 512 15
840 512 15
841 512 15
842 512 15
843 512 15
911 512 15
912 512 15
914 512 15
915 512 15
989 512 15
990 512 15
991 512 15
992 512 15
1240 512 15
1241 512 15
1242 512 15
1243 512 15
1787 512 15
1788 512 15
1790 512 15
1791 512 15
620 513 15
621 513 15
622 513 15
623 513 15
771 513 15
772 513 15
773 513 15
774 513 15
775 513 15
776 513 15
840 513 15
841 513 15
842 513 15
843 513 15
844 513 15
910 513 15
911 513 15
914 513 15
915 513 15
989 513 15
990 513 15
991 513 15
992 513 15
1240 513 15
1241 513 15
1242 513 15
1243 513 15
1787 513 15
1788 513 15
1789 513 15
1790 513 15
620 514 15
621 514 15
622 514 15
623 514 15
770 514 15
771 514 15
772 514 15
773 514 15
774 514 15
775 514 15
840 514 15
841 514 15
843 514 15
844 514 15
845 514 15
846 514 15
847 514 15
910 514 15
911 514 15
913 514 15
914 514 15
989 514 15
990 514 15
991 514 15
992 514 15
1240 514 15
1241 514 15
1242 514 15
1243 514 15
1787 514 15
1788 514 15
1789 514 15
1790 514 15
621 515 15
622 515 15
623 515 15
769 515 15
770 515 15
771 515 15
772 515 15
773 515 15
840 515 15
841 515 15
845 515 15
846 515 15
847 515 15
848 515 15
909 515 15
910 515 15
913 515 15
914 515 15
989 515 15
990 515 15
991 515 15
1240 515 15
1241 515 15
1242 515 15
1786 515 15
1787 515 15
1789 515 15
1790 515 15
621 516 15
622 516 15
623 516 15
624 516 15
768 516 15
769 516 15
770 516 15
771 516 15
841 516 15
842 516 15
846 516 15
847 516 15
909 516 15
910 516 15
913 516 15
914 516 15
989 516 15
990 516 15
991 516 15
1240 516 15
1241 516 15
1242 516 15
1786 516 15
1787 516 15
1788 516 15
1789 516 15
621 517 15
622 517 15
623 517 15
624 517 15
765 517 15
766 517 15
767 517 15
768 517 15
769 517 15
770 517 15
841 517 15
842 517 15
845 517 15
846 517 15
909 517 15
910 517 15
912 517 15
913 517 15
914 517 15
989 517 15
990 517 15
991 517 15
1239 517 15
1240 517 15
1241 517 15
1242 517 15
1786 517 15
1787 517 15
1788 517 15
1789 517 15
622 518 15
623 518 15
624 518 15
762 518 15
763 518 15
764 518 15
765 518 15
766 518 15
767 518 15
768 518 15
769 518 15
841 518 15
842 518 15
845 518 15
846 518 15
909 518 15
910 518 15
911 518 15
912 518 15
913 518 15
989 518 15
990 518 15
991 518 15
1239 518 15
1240 518 15
1241 518 15
1242 518 15
1786 518 15
1787 518 15
1788 518 15
1789 518 15
622 519 15
623 519 15
624 519 15
625 519 15
760 519 15
761 519 15
762 519 15
763 519 15
764 519 15
765 519 15
766 519 15
767 519 15
768 519 15
841 519 15
842 519 15
844 519 15
845 519 15
910 519 15
911 519 15
912 519 15
913 519 15
988 519 15
989 519 15
990 519 15
991 519 15
1239 519 15
1240 519 15
1241 519 15
1242 519 15
1785 519 15
1786 519 15
1788 519 15
1789 519 15
622 520 15
623 520 15
624 520 15
625 520 15
759 520 15
760 520 15
761 520 15
762 520 15
763 520 15
764 520 15
765 520 15
842 520 15
843 520 15
844 520 15
845 520 15
910 520 15
911 520 15
912 520 15
913 520 15
988 520 15
989 520 15
990 520 15
1239 520 15
1240 520 15
1241 520 15
1242 520 15
1785 520 15
1786 520 15
1787 520 15
1788 520 15
623 521 15
624 521 15
625 521 15
626 521 15
760 521 15
761 521 15
762 521 15
841 521 15
842 521 15
844 521 15
845 521 15
910 521 15
911 521 15
912 521 15
913 521 15
988 521 15
989 521 15
990 521 15
1239 521 15
1240 521 15
1241 521 15
1242 521 15
1785 521 15
1786 521 15
1787 521 15
1788 521 15
623 522 15
624 522 15
625 522 15
626 522 15
841 522 15
842 522 15
843 522 15
844 522 15
910 522 15
911 522 15
912 522 15
988 522 15
989 522 15
990 522 15
1239 522 15
1240 522 15
1241 522 15
1242 522 15
1785 522 15
1786 522 15
1787 522 15
1788 522 15
623 523 15
624 523 15
625 523 15
626 523 15
841 523 15
842 523 15
843 523 15
844 523 15
910 523 15
911 523 15
912 523 15
988 523 15
989 523 15
990 523 15
1238 523 15
1239 523 15
1240 523 15
1241 523 15
1242 523 15
1784 523 15
1785 523 15
1787 523 15
1788 523 15
624 524 15
625 524 15
626 524 15
841 524 15
842 524 15
843 524 15
844 524 15
910 524 15
911 524 15
912 524 15
988 524 15
989 524 15
990 524 15
1238 524 15
1239 524 15
1240 524 15
1241 524 15
1784 524 15
1785 524 15
1786 524 15
1787 524 15
624 525 15
625 525 15
626 525 15
840 525 15
841 525 15
842 525 15
843 525 15
910 525 15
911 525 15
912 525 15
988 525 15
989 525 15
990 525 15
1238 525 15
1239 525 15
1240 525 15
1241 525 15
1784 525 15
1785 525 15
1786 525 15
1787 525 15
624 526 15
625 526 15
626 526 15
840 526 15
841 526 15
842 526 15
843 526 15
910 526 15
911 526 15
912 526 15
988 526 15
989 526 15
990 526 15
1238 526 15
1239 526 15
1240 526 15
1241 526 15
1784 526 15
1785 526 15
1786 526 15
1787 526 15
623 527 15
624 527 15
625 527 15
626 527 15
840 527 15
841 527 15
842 527 15
843 527 15
910 527 15
911 527 15
912 527 15
987 527 15
988 527 15
990 527 15
991 527 15
1238 527 15
1239 527 15
1240 527 15
1241 527 15
1783 527 15
1784 527 15
1786 527 15
1787 527 15
623 528 15
624 528 15
625 528 15
626 528 15
840 528 15
841 528 15
842 528 15
910 528 15
911 528 15
912 528 15
986 528 15
987 528 15
989 528 15
990 528 15
1238 528 15
1239 528 15
1240 528 15
1241 528 15
1783 528 15
1784 528 15
1785 528 15
1786 528 15
623 529 15
624 529 15
625 529 15
626 529 15
839 529 15
840 529 15
841 529 15
842 529 15
910 529 15
911 529 15
912 529 15
986 529 15
987 529 15
989 529 15
990 529 15
1237 529 15
1238 529 15
1240 529 15
1241 529 15
1783 529 15
1784 529 15
1785 529 15
1786 529 15
623 530 15
624 530 15
625 530 15
626 530 15
839 530 15
840 530 15
841 530 15
842 530 15
910 530 15
911 530 15
912 530 15
986 530 15
987 530 15
989 530 15
990 530 15
1237 530 15
1238 530 15
1240 530 15
1241 530 15
1782 530 15
1783 530 15
1785 530 15
1786 530 15
623 531 15
624 531 15
625 531 15
626 531 15
839 531 15
840 531 15
841 531 15
910 531 15
911 531 15
912 531 15
986 531 15
987 531 15
989 531 15
990 531 15
1237 531 15
1238 531 15
1240 531 15
1241 531 15
1782 531 15
1783 531 15
1784 531 15
1785 531 15
623 532 15
624 532 15
625 532 15
626 532 15
838 532 15
839 532 15
840 532 15
841 532 15
910 532 15
911 532 15
912 532 15
986 532 15
987 532 15
989 532 15
990 532 15
1237 532 15
1238 532 15
1240 532 15
1241 532 15
1782 532 15
1783 532 15
1784 532 15
1785 532 15
622 533 15
623 533 15
624 533 15
625 533 15
626 533 15
838 533 15
839 533 15
840 533 15
841 533 15
910 533 15
911 533 15
912 533 15
987 533 15
988 533 15
989 533 15
990 533 15
1237 533 15
1238 533 15
1240 533 15
1241 533 15
1782 533 15
1783 533 15
1784 533 15
1785 533 15
622 534 15
623 534 15
624 534 15
625 534 15
626 534 15
838 534 15
839 534 15
840 534 15
841 534 15
910 534 15
911 534 15
912 534 15
988 534 15
989 534 15
990 534 15
991 534 15
1237 534 15
1238 534 15
1240 534 15
1241 534 15
1782 534 15
1783 534 15
1784 534 15
1785 534 15
621 535 15
622 535 15
623 535 15
624 535 15
625 535 15
837 535 15
838 535 15
839 535 15
840 535 15
910 535 15
911 535 15
912 535 15
988 535 15
989 535 15
990 535 15
991 535 15
1236 535 15
1237 535 15
1239 535 15
1240 535 15
1782 535 15
1783 535 15
1784 535 15
1785 535 15
621 536 15
622 536 15
624 536 15
625 536 15
837 536 15
838 536 15
839 536 15
840 536 15
910 536 15
911 536 15
912 536 15
988 536 15
989 536 15
990 536 15
991 536 15
1236 536 15
1237 536 15
1239 536 15
1240 536 15
1782 536 15
1783 536 15
1784 536 15
1785 536 15
620 537 15
621 537 15
624 537 15
625 537 15
837 537 15
838 537 15
839 537 15
840 537 15
910 537 15
911 537 15
912 537 15
988 537 15
989 537 15
990 537 15
991 537 15
1236 537 15
1237 537 15
1239 537 15
1240 537 15
1782 537 15
1783 537 15
1784 537 15
1785 537 15
620 538 15
621 538 15
624 538 15
625 538 15
836 538 15
837 538 15
839 538 15
840 538 15
910 538 15
911 538 15
912 538 15
988 538 15
989 538 15
990 538 15
991 538 15
1236 538 15
1237 538 15
1239 538 15
1240 538 15
1782 538 15
1783 538 15
1784 538 15
1785 538 15
620 539 15
621 539 15
623 539 15
624 539 15
836 539 15
837 539 15
838 539 15
839 539 15
910 539 15
911 539 15
912 539 15
988 539 15
989 539 15
990 539 15
991 539 15
1236 539 15
1237 539 15
1239 539 15
1240 539 15
1782 539 15
1783 539 15
1784 539 15
1785 539 15
619 540 15
620 540 15
621 540 15
623 540 15
624 540 15
836 540 15
837 540 15
838 540 15
839 540 15
910 540 15
911 540 15
912 540 15
988 540 15
989 540 15
990 540 15
991 540 15
1236 540 15
1237 540 15
1240 540 15
1241 540 15
1782 540 15
1783 540 15
1784 540 15
1785 540 15
618 541 15
619 541 15
620 541 15
622 541 15
623 541 15
836 541 15
837 541 15
838 541 15
839 541 15
910 541 15
911 541 15
912 541 15
988 541 15
989 541 15
990 541 15
991 541 15
1235 541 15
1236 541 15
1240 541 15
1241 541 15
1242 541 15
1782 541 15
1783 541 15
1784 541 15
1785 541 15
618 542 15
619 542 15
622 542 15
623 542 15
836 542 15
837 542 15
838 542 15
839 542 15
910 542 15
911 542 15
912 542 15
913 542 15
987 542 15
988 542 15
989 542 15
990 542 15
991 542 15
1235 542 15
1236 542 15
1241 542 15
1242 542 15
1243 542 15
1782 542 15
1783 542 15
1784 542 15
1785 542 15
619 543 15
620 543 15
622 543 15
623 543 15
835 543 15
836 543 15
839 543 15
840 543 15
910 543 15
911 543 15
912 543 15
913 543 15
987 543 15
988 543 15
989 543 15
990 543 15
1234 543 15
1235 543 15
1242 543 15
1243 543 15
1782 543 15
1783 543 15
1784 543 15
1785 543 15
620 544 15
621 544 15
622 544 15
623 544 15
835 544 15
836 544 15
839 544 15
840 544 15
910 544 15
911 544 15
912 544 15
913 544 15
987 544 15
988 544 15
989 544 15
990 544 15
1234 544 15
1235 544 15
1242 544 15
1243 544 15
1782 544 15
1783 544 15
1784 544 15
1785 544 15
620 545 15
621 545 15
622 545 15
623 545 15
835 545 15
836 545 15
840 545 15
841 545 15
910 545 15
911 545 15
912 545 15
913 545 15
987 545 15
988 545 15
989 545 15
990 545 15
1233 545 15
1234 545 15
1242 545 15
1243 545 15
1782 545 15
1783 545 15
1784 545 15
1785 545 15
620 546 15
621 546 15
622 546 15
836 546 15
837 546 15
841 546 15
842 546 15
911 546 15
912 546 15
913 546 15
987 546 15
988 546 15
989 546 15
990 546 15
1233 546 15
1234 546 15
1242 546 15
1243 546 15
1781 546 15
1782 546 15
1784 546 15
1785 546 15
619 547 15
620 547 15
621 547 15
622 547 15
837 547 15
838 547 15
840 547 15
841 547 15
911 547 15
912 547 15
913 547 15
987 547 15
988 547 15
989 547 15
990 547 15
1232 547 15
1233 547 15
1241 547 15
1242 547 15
1782 547 15
1783 547 15
1784 547 15
1785 547 15
619 548 15
620 548 15
621 548 15
622 548 15
837 548 15
838 548 15
839 548 15
840 548 15
911 548 15
912 548 15
913 548 15
987 548 15
988 548 15
989 548 15
990 548 15
1232 548 15
1233 548 15
1241 548 15
1242 548 15
1782 548 15
1783 548 15
1784 548 15
1785 548 15
619 549 15
620 549 15
621 549 15
622 549 15
838 549 15
839 549 15
840 549 15
911 549 15
912 549 15
913 549 15
987 549 15
988 549 15
989 549 15
990 549 15
1232 549 15
1233 549 15
1240 549 15
1241 549 15
1780 549 15
1781 549 15
1782 549 15
1784 549 15
1785 549 15
619 550 15
620 550 15
621 550 15
622 550 15
838 550 15
839 550 15
840 550 15
911 550 15
912 550 15
913 550 15
987 550 15
988 550 15
989 550 15
990 550 15
1231 550 15
1232 550 15
1240 550 15
1241 550 15
1779 550 15
1780 550 15
1781 550 15
1783 550 15
1784 550 15
618 551 15
619 551 15
621 551 15
622 551 15
838 551 15
839 551 15
840 551 15
911 551 15
912 551 15
913 551 15
914 551 15
987 551 15
988 551 15
989 551 15
990 551 15
1231 551 15
1232 551 15
1240 551 15
1241 551 15
1776 551 15
1777 551 15
1778 551 15
1779 551 15
1781 551 15
1782 551 15
1783 551 15
618 552 15
619 552 15
620 552 15
621 552 15
838 552 15
839 552 15
840 552 15
911 552 15
912 552 15
913 552 15
914 552 15
987 552 15
988 552 15
989 552 15
990 552 15
1231 552 15
1232 552 15
1240 552 15
1241 552 15
1774 552 15
1775 552 15
1776 552 15
1777 552 15
1778 552 15
1780 552 15
1781 552 15
1782 552 15
618 553 15
619 553 15
620 553 15
621 553 15
838 553 15
839 553 15
840 553 15
911 553 15
912 553 15
913 553 15
914 553 15
987 553 15
988 553 15
989 553 15
990 553 15
1230 553 15
1231 553 15
1239 553 15
1240 553 15
1773 553 15
1774 553 15
1775 553 15
1777 553 15
1778 553 15
1779 553 15
1780 553 15
618 554 15
619 554 15
620 554 15
621 554 15
838 554 15
839 554 15
840 554 15
912 554 15
913 554 15
914 554 15
987 554 15
988 554 15
989 554 15
990 554 15
1229 554 15
1230 554 15
1238 554 15
1239 554 15
1248 554 15
1249 554 15
1772 554 15
1773 554 15
1775 554 15
1776 554 15
1777 554 15
1778 554 15
1779 554 15
618 555 15
619 555 15
620 555 15
621 555 15
838 555 15
839 555 15
840 555 15
912 555 15
913 555 15
914 555 15
987 555 15
988 555 15
989 555 15
990 555 15
1229 555 15
1230 555 15
1238 555 15
1239 555 15
1247 555 15
1248 555 15
1249 555 15
1250 555 15
1771 555 15
1772 555 15
1774 555 15
1775 555 15
1776 555 15
617 556 15
618 556 15
620 556 15
621 556 15
838 556 15
839 556 15
840 556 15
912 556 15
913 556 15
914 556 15
915 556 15
987 556 15
988 556 15
989 556 15
990 556 15
1229 556 15
1230 556 15
1237 556 15
1238 556 15
1246 556 15
1247 556 15
1249 556 15
1250 556 15
1770 556 15
1771 556 15
1773 556 15
1774 556 15
1775 556 15
617 557 15
618 557 15
620 557 15
621 557 15
837 557 15
838 557 15
839 557 15
840 557 15
912 557 15
913 557 15
914 557 15
915 557 15
987 557 15
988 557 15
990 557 15
991 557 15
1228 557 15
1229 557 15
1237 557 15
1238 557 15
1246 557 15
1247 557 15
1249 557 15
1250 557 15
1769 557 15
1770 557 15
1772 557 15
1773 557 15
1774 557 15
617 558 15
618 558 15
620 558 15
621 558 15
837 558 15
838 558 15
839 558 15
912 558 15
913 558 15
914 558 15
915 558 15
987 558 15
988 558 15
990 558 15
991 558 15
1228 558 15
1229 558 15
1237 558 15
1238 558 15
1247 558 15
1248 558 15
1250 558 15
1251 558 15
1769 558 15
1770 558 15
1771 558 15
1772 558 15
617 559 15
618 559 15
620 559 15
621 559 15
837 559 15
838 559 15
839 559 15
912 559 15
913 559 15
914 559 15
915 559 15
987 559 15
988 559 15
990 559 15
991 559 15
1228 559 15
1229 559 15
1237 559 15
1238 559 15
1241 559 15
1242 559 15
1243 559 15
1244 559 15
1245 559 15
1246 559 15
1247 559 15
1248 559 15
1250 559 15
1251 559 15
1768 559 15
1769 559 15
1771 559 15
1772 559 15
1773 559 15
617 560 15
618 560 15
620 560 15
621 560 15
837 560 15
838 560 15
839 560 15
912 560 15
913 560 15
914 560 15
915 560 15
987 560 15
988 560 15
990 560 15
991 560 15
1228 560 15
1229 560 15
1236 560 15
1237 560 15
1238 560 15
1239 560 15
1240 560 15
1241 560 15
1242 560 15
1243 560 15
1244 560 15
1245 560 15
1246 560 15
1247 560 15
1250 560 15
1251 560 15
1767 560 15
1768 560 15
1770 560 15
1771 560 15
1772 560 15
617 561 15
618 561 15
620 561 15
621 561 15
837 561 15
838 561 15
839 561 15
912 561 15
913 561 15
914 561 15
915 561 15
987 561 15
988 561 15
990 561 15
991 561 15
1228 561 15
1229 561 15
1234 561 15
1237 561 15
1238 561 15
1239 561 15
1240 561 15
1244 561 15
1245 561 15
1246 561 15
1247 561 15
1248 561 15
1250 561 15
1251 561 15
1767 561 15
1768 561 15
1769 561 15
1770 561 15
1771 561 15
1772 561 15
617 562 15
618 562 15
620 562 15
621 562 15
833 562 15
834 562 15
835 562 15
836 562 15
837 562 15
838 562 15
839 562 15
912 562 15
913 562 15
914 562 15
915 562 15
987 562 15
988 562 15
990 562 15
991 562 15
1229 562 15
1230 562 15
1233 562 15
1234 562 15
1235 562 15
1236 562 15
1237 562 15
1238 562 15
1239 562 15
1240 562 15
1241 562 15
1242 562 15
1243 562 15
1244 562 15
1245 562 15
1247 562 15
1248 562 15
1249 562 15
1250 562 15
1251 562 15
1252 562 15
1767 562 15
1768 562 15
1769 562 15
1770 562 15
1771 562 15
617 563 15
618 563 15
620 563 15
621 563 15
831 563 15
832 563 15
833 563 15
834 563 15
835 563 15
836 563 15
837 563 15
838 563 15
839 563 15
912 563 15
913 563 15
914 563 15
915 563 15
987 563 15
988 563 15
990 563 15
991 563 15
1229 563 15
1230 563 15
1232 563 15
1233 563 15
1235 563 15
1236 563 15
1237 563 15
1238 563 15
1239 563 15
1240 563 15
1241 563 15
1242 563 15
1243 563 15
1247 563 15
1248 563 15
1250 563 15
1252 563 15
1253 563 15
1766 563 15
1767 563 15
1769 563 15
1770 563 15
1771 563 15
617 564 15
618 564 15
620 564 15
621 564 15
830 564 15
831 564 15
832 564 15
833 564 15
834 564 15
835 564 15
836 564 15
837 564 15
838 564 15
912 564 15
913 564 15
914 564 15
987 564 15
988 564 15
990 564 15
991 564 15
1229 564 15
1230 564 15
1232 564 15
1233 564 15
1248 564 15
1249 564 15
1252 564 15
1253 564 15
1766 564 15
1767 564 15
1768 564 15
1769 564 15
1770 564 15
1771 564 15
617 565 15
618 565 15
621 565 15
622 565 15
830 565 15
831 565 15
832 565 15
833 565 15
912 565 15
913 565 15
914 565 15
987 565 15
988 565 15
990 565 15
991 565 15
1228 565 15
1229 565 15
1232 565 15
1233 565 15
1249 565 15
1250 565 15
1253 565 15
1254 565 15
1766 565 15
1767 565 15
1768 565 15
1769 565 15
1770 565 15
617 566 15
618 566 15
620 566 15
621 566 15
622 566 15
830 566 15
831 566 15
832 566 15
833 566 15
911 566 15
912 566 15
913 566 15
914 566 15
987 566 15
988 566 15
989 566 15
990 566 15
1228 566 15
1229 566 15
1231 566 15
1232 566 15
1249 566 15
1250 566 15
1253 566 15
1254 566 15
1766 566 15
1767 566 15
1769 566 15
1770 566 15
617 567 15
618 567 15
619 567 15
620 567 15
621 567 15
622 567 15
829 567 15
830 567 15
831 567 15
832 567 15
910 567 15
911 567 15
912 567 15
913 567 15
987 567 15
988 567 15
989 567 15
990 567 15
1228 567 15
1229 567 15
1231 567 15
1232 567 15
1250 567 15
1251 567 15
1252 567 15
1253 567 15
1254 567 15
1255 567 15
1766 567 15
1767 567 15
1769 567 15
1770 567 15
616 568 15
617 568 15
620 568 15
621 568 15
829 568 15
830 568 15
831 568 15
832 568 15
909 568 15
910 568 15
911 568 15
912 568 15
987 568 15
988 568 15
989 568 15
990 568 15
1228 568 15
1229 568 15
1231 568 15
1232 568 15
1251 568 15
1252 568 15
1253 568 15
1254 568 15
1766 568 15
1767 568 15
1769 568 15
1770 568 15
616 569 15
617 569 15
620 569 15
621 569 15
829 569 15
830 569 15
831 569 15
832 569 15
909 569 15
910 569 15
911 569 15
987 569 15
988 569 15
989 569 15
990 569 15
1227 569 15
1228 569 15
1231 569 15
1232 569 15
1766 569 15
1767 569 15
1769 569 15
1770 569 15
616 570 15
617 570 15
620 570 15
621 570 15
828 570 15
829 570 15
831 570 15
832 570 15
908 570 15
909 570 15
910 570 15
911 570 15
987 570 15
988 570 15
989 570 15
990 570 15
1227 570 15
1228 570 15
1230 570 15
1231 570 15
1766 570 15
1767 570 15
1769 570 15
1770 570 15
617 571 15
618 571 15
619 571 15
620 571 15
828 571 15
829 571 15
831 571 15
832 571 15
908 571 15
909 571 15
910 571 15
986 571 15
987 571 15
989 571 15
990 571 15
1227 571 15
1228 571 15
1230 571 15
1231 571 15
1766 571 15
1767 571 15
1768 571 15
1769 571 15
617 572 15
618 572 15
619 572 15
620 572 15
828 572 15
829 572 15
831 572 15
832 572 15
907 572 15
908 572 15
909 572 15
910 572 15
986 572 15
987 572 15
988 572 15
989 572 15
1227 572 15
1228 572 15
1230 572 15
1231 572 15
1766 572 15
1767 572 15
1768 572 15
1769 572 15
617 573 15
618 573 15
619 573 15
620 573 15
828 573 15
829 573 15
830 573 15
831 573 15
906 573 15
907 573 15
908 573 15
909 573 15
985 573 15
986 573 15
987 573 15
988 573 15
1226 573 15
1227 573 15
1230 573 15
1231 573 15
1766 573 15
1767 573 15
1768 573 15
1769 573 15
616 574 15
617 574 15
618 574 15
619 574 15
827 574 15
828 574 15
829 574 15
830 574 15
906 574 15
907 574 15
908 574 15
985 574 15
986 574 15
987 574 15
988 574 15
1226 574 15
1227 574 15
1229 574 15
1230 574 15
1766 574 15
1767 574 15
1768 574 15
1769 574 15
616 575 15
617 575 15
619 575 15
620 575 15
826 575 15
827 575 15
828 575 15
829 575 15
905 575 15
906 575 15
907 575 15
908 575 15
984 575 15
985 575 15
987 575 15
988 575 15
1226 575 15
1227 575 15
1229 575 15
1230 575 15
1766 575 15
1767 575 15
1768 575 15
1769 575 15
617 576 15
618 576 15
619 576 15
620 576 15
822 576 15
823 576 15
824 576 15
825 576 15
826 576 15
827 576 15
828 576 15
905 576 15
906 576 15
907 576 15
984 576 15
985 576 15
986 576 15
987 576 15
1226 576 15
1227 576 15
1229 576 15
1230 576 15
1766 576 15
1767 576 15
1768 576 15
1769 576 15
617 577 15
618 577 15
620 577 15
621 577 15
821 577 15
822 577 15
823 577 15
824 577 15
825 577 15
826 577 15
827 577 15
904 577 15
905 577 15
906 577 15
907 577 15
983 577 15
984 577 15
986 577 15
987 577 15
1225 577 15
1226 577 15
1229 577 15
1230 577 15
1766 577 15
1767 577 15
1768 577 15
1769 577 15
617 578 15
618 578 15
620 578 15
621 578 15
818 578 15
819 578 15
820 578 15
821 578 15
822 578 15
823 578 15
824 578 15
825 578 15
826 578 15
904 578 15
905 578 15
906 578 15
982 578 15
983 578 15
985 578 15
986 578 15
1225 578 15
1226 578 15
1228 578 15
1229 578 15
1766 578 15
1767 578 15
1768 578 15
1769 578 15
617 579 15
618 579 15
619 579 15
620 579 15
815 579 15
816 579 15
817 579 15
818 579 15
819 579 15
820 579 15
821 579 15
822 579 15
903 579 15
904 579 15
905 579 15
906 579 15
981 579 15
982 579 15
985 579 15
986 579 15
1225 579 15
1226 579 15
1228 579 15
1229 579 15
1765 579 15
1766 579 15
1768 579 15
1769 579 15
617 580 15
618 580 15
619 580 15
620 580 15
813 580 15
814 580 15
815 580 15
816 580 15
817 580 15
818 580 15
819 580 15
820 580 15
821 580 15
903 580 15
904 580 15
905 580 15
981 580 15
982 580 15
984 580 15
985 580 15
1225 580 15
1226 580 15
1228 580 15
1229 580 15
1765 580 15
1766 580 15
1768 580 15
1769 580 15
617 581 15
618 581 15
619 581 15
620 581 15
811 581 15
812 581 15
813 581 15
814 581 15
815 581 15
816 581 15
817 581 15
818 581 15
819 581 15
903 581 15
904 581 15
905 581 15
981 581 15
982 581 15
983 581 15
984 581 15
1224 581 15
1225 581 15
1228 581 15
1229 581 15
1765 581 15
1766 581 15
1768 581 15
1769 581 15
617 582 15
618 582 15
619 582 15
620 582 15
809 582 15
810 582 15
811 582 15
812 582 15
813 582 15
814 582 15
815 582 15
816 582 15
817 582 15
902 582 15
903 582 15
904 582 15
905 582 15
980 582 15
981 582 15
983 582 15
984 582 15
1224 582 15
1225 582 15
1228 582 15
1229 582 15
1765 582 15
1766 582 15
1768 582 15
1769 582 15
617 583 15
618 583 15
619 583 15
620 583 15
806 583 15
807 583 15
808 583 15
809 583 15
810 583 15
811 583 15
812 583 15
813 583 15
814 583 15
815 583 15
902 583 15
903 583 15
904 583 15
980 583 15
981 583 15
982 583 15
983 583 15
984 583 15
1224 583 15
1225 583 15
1227 583 15
1228 583 15
1765 583 15
1766 583 15
1768 583 15
1769 583 15
617 584 15
618 584 15
619 584 15
620 584 15
805 584 15
806 584 15
807 584 15
808 584 15
809 584 15
810 584 15
811 584 15
812 584 15
813 584 15
902 584 15
903 584 15
904 584 15
980 584 15
981 584 15
982 584 15
983 584 15
984 584 15
1224 584 15
1225 584 15
1227 584 15
1228 584 15
1765 584 15
1766 584 15
1768 584 15
1769 584 15
617 585 15
618 585 15
619 585 15
620 585 15
805 585 15
806 585 15
808 585 15
809 585 15
810 585 15
811 585 15
902 585 15
903 585 15
904 585 15
980 585 15
981 585 15
982 585 15
983 585 15
1223 585 15
1224 585 15
1227 585 15
1228 585 15
1765 585 15
1766 585 15
1768 585 15
1769 585 15
617 586 15
618 586 15
619 586 15
620 586 15
805 586 15
806 586 15
807 586 15
808 586 15
809 586 15
810 586 15
901 586 15
902 586 15
903 586 15
904 586 15
980 586 15
981 586 15
982 586 15
983 586 15
1223 586 15
1224 586 15
1227 586 15
1228 586 15
1765 586 15
1766 586 15
1768 586 15
1769 586 15
617 587 15
618 587 15
619 587 15
620 587 15
805 587 15
806 587 15
808 587 15
809 587 15
810 587 15
901 587 15
902 587 15
903 587 15
904 587 15
980 587 15
981 587 15
982 587 15
983 587 15
1223 587 15
1224 587 15
1227 587 15
1228 587 15
1765 587 15
1766 587 15
1768 587 15
1769 587 15
617 588 15
618 588 15
619 588 15
620 588 15
806 588 15
807 588 15
808 588 15
809 588 15
901 588 15
902 588 15
903 588 15
904 588 15
980 588 15
981 588 15
982 588 15
983 588 15
1223 588 15
1224 588 15
1226 588 15
1227 588 15
1765 588 15
1766 588 15
1768 588 15
1769 588 15
617 589 15
618 589 15
619 589 15
620 589 15
807 589 15
901 589 15
902 589 15
903 589 15
904 589 15
980 589 15
981 589 15
982 589 15
983 589 15
1222 589 15
1223 589 15
1226 589 15
1227 589 15
1765 589 15
1766 589 15
1768 589 15
1769 589 15
617 590 15
618 590 15
619 590 15
620 590 15
901 590 15
902 590 15
903 590 15
980 590 15
981 590 15
982 590 15
983 590 15
1222 590 15
1223 590 15
1226 590 15
1227 590 15
1765 590 15
1766 590 15
1767 590 15
1768 590 15
617 591 15
618 591 15
619 591 15
620 591 15
899 591 15
900 591 15
901 591 15
902 591 15
903 591 15
980 591 15
981 591 15
982 591 15
983 591 15
1222 591 15
1223 591 15
1225 591 15
1226 591 15
1765 591 15
1766 591 15
1767 591 15
1768 591 15
617 592 15
618 592 15
619 592 15
620 592 15
898 592 15
899 592 15
900 592 15
901 592 15
902 592 15
980 592 15
981 592 15
982 592 15
983 592 15
1222 592 15
1223 592 15
1225 592 15
1226 592 15
1764 592 15
1765 592 15
1767 592 15
1768 592 15
617 593 15
618 593 15
619 593 15
896 593 15
897 593 15
898 593 15
899 593 15
900 593 15
901 593 15
980 593 15
981 593 15
982 593 15
983 593 15
1221 593 15
1222 593 15
1225 593 15
1226 593 15
1764 593 15
1765 593 15
1766 593 15
1767 593 15
616 594 15
617 594 15
618 594 15
619 594 15
894 594 15
895 594 15
896 594 15
897 594 15
898 594 15
899 594 15
980 594 15
981 594 15
982 594 15
983 594 15
1221 594 15
1222 594 15
1224 594 15
1225 594 15
1763 594 15
1764 594 15
1766 594 15
1767 594 15
616 595 15
617 595 15
618 595 15
619 595 15
892 595 15
893 595 15
894 595 15
895 595 15
896 595 15
897 595 15
898 595 15
980 595 15
981 595 15
982 595 15
983 595 15
1221 595 15
1222 595 15
1224 595 15
1225 595 15
1763 595 15
1764 595 15
1766 595 15
1767 595 15
616 596 15
617 596 15
618 596 15
619 596 15
890 596 15
891 596 15
892 596 15
893 596 15
895 596 15
896 596 15
897 596 15
980 596 15
981 596 15
982 596 15
983 596 15
1221 596 15
1222 596 15
1224 596 15
1225 596 15
1762 596 15
1763 596 15
1765 596 15
1766 596 15
616 597 15
617 597 15
618 597 15
619 597 15
889 597 15
890 597 15
891 597 15
894 597 15
895 597 15
980 597 15
981 597 15
982 597 15
983 597 15
1220 597 15
1221 597 15
1224 597 15
1225 597 15
1761 597 15
1762 597 15
1764 597 15
1765 597 15
616 598 15
617 598 15
618 598 15
619 598 15
887 598 15
888 598 15
889 598 15
893 598 15
894 598 15
980 598 15
981 598 15
982 598 15
983 598 15
1220 598 15
1221 598 15
1223 598 15
1224 598 15
1761 598 15
1762 598 15
1764 598 15
1765 598 15
615 599 15
616 599 15
618 599 15
619 599 15
886 599 15
887 599 15
888 599 15
891 599 15
892 599 15
893 599 15
980 599 15
981 599 15
982 599 15
983 599 15
1220 599 15
1221 599 15
1223 599 15
1224 599 15
1760 599 15
1761 599 15
1763 599 15
1764 599 15
615 600 15
616 600 15
618 600 15
619 600 15
885 600 15
886 600 15
890 600 15
891 600 15
892 600 15
980 600 15
981 600 15
982 600 15
983 600 15
1220 600 15
1221 600 15
1223 600 15
1224 600 15
1760 600 15
1761 600 15
1762 600 15
1763 600 15
615 601 15
616 601 15
617 601 15
618 601 15
619 601 15
884 601 15
885 601 15
888 601 15
889 601 15
890 601 15
980 601 15
981 601 15
982 601 15
983 601 15
1219 601 15
1220 601 15
1223 601 15
1224 601 15
1759 601 15
1760 601 15
1762 601 15
1763 601 15
615 602 15
616 602 15
617 602 15
618 602 15
619 602 15
883 602 15
884 602 15
887 602 15
888 602 15
889 602 15
980 602 15
981 602 15
982 602 15
983 602 15
1219 602 15
1220 602 15
1222 602 15
1223 602 15
1759 602 15
1760 602 15
1761 602 15
1762 602 15
615 603 15
616 603 15
617 603 15
618 603 15
619 603 15
883 603 15
884 603 15
886 603 15
887 603 15
980 603 15
981 603 15
982 603 15
983 603 15
1219 603 15
1220 603 15
1222 603 15
1223 603 15
1758 603 15
1759 603 15
1761 603 15
1762 603 15
614 604 15
615 604 15
617 604 15
618 604 15
882 604 15
883 604 15
885 604 15
886 604 15
980 604 15
981 604 15
982 604 15
983 604 15
1219 604 15
1220 604 15
1222 604 15
1223 604 15
1757 604 15
1758 604 15
1760 604 15
1761 604 15
614 605 15
615 605 15
617 605 15
618 605 15
881 605 15
882 605 15
885 605 15
886 605 15
980 605 15
981 605 15
982 605 15
983 605 15
1218 605 15
1219 605 15
1222 605 15
1223 605 15
1757 605 15
1758 605 15
1759 605 15
1760 605 15
614 606 15
615 606 15
617 606 15
618 606 15
880 606 15
881 606 15
884 606 15
885 606 15
980 606 15
981 606 15
982 606 15
983 606 15
1218 606 15
1219 606 15
1221 606 15
1222 606 15
1756 606 15
1757 606 15
1759 606 15
1760 606 15
614 607 15
615 607 15
617 607 15
618 607 15
880 607 15
881 607 15
883 607 15
884 607 15
980 607 15
981 607 15
982 607 15
983 607 15
1218 607 15
1219 607 15
1221 607 15
1222 607 15
1756 607 15
1757 607 15
1758 607 15
1759 607 15
614 608 15
615 608 15
617 608 15
618 608 15
880 608 15
881 608 15
882 608 15
883 608 15
980 608 15
981 608 15
982 608 15
983 608 15
1218 608 15
1219 608 15
1221 608 15
1222 608 15
1755 608 15
1756 608 15
1758 608 15
1759 608 15
614 609 15
615 609 15
616 609 15
617 609 15
881 609 15
882 609 15
980 609 15
981 609 15
982 609 15
983 609 15
1217 609 15
1218 609 15
1221 609 15
1222 609 15
1755 609 15
1756 609 15
1757 609 15
1758 609 15
614 610 15
615 610 15
616 610 15
617 610 15
981 610 15
982 610 15
983 610 15
1217 610 15
1218 610 15
1220 610 15
1221 610 15
1754 610 15
1755 610 15
1757 610 15
1758 610 15
614 611 15
615 611 15
616 611 15
617 611 15
981 611 15
982 611 15
983 611 15
1217 611 15
1218 611 15
1220 611 15
1221 611 15
1754 611 15
1755 611 15
1756 611 15
1757 611 15
614 612 15
615 612 15
616 612 15
981 612 15
982 612 15
983 612 15
1217 612 15
1218 612 15
1220 612 15
1221 612 15
1753 612 15
1754 612 15
1756 612 15
1757 612 15
614 613 15
615 613 15
616 613 15
981 613 15
982 613 15
983 613 15
1216 613 15
1217 613 15
1220 613 15
1221 613 15
1753 613 15
1754 613 15
1755 613 15
1756 613 15
614 614 15
615 614 15
616 614 15
981 614 15
982 614 15
983 614 15
1216 614 15
1217 614 15
1219 614 15
1220 614 15
1753 614 15
1754 614 15
1755 614 15
1756 614 15
613 615 15
614 615 15
615 615 15
616 615 15
981 615 15
982 615 15
983 615 15
984 615 15
1216 615 15
1217 615 15
1219 615 15
1220 615 15
1752 615 15
1753 615 15
1755 615 15
1756 615 15
613 616 15
614 616 15
615 616 15
616 616 15
981 616 15
982 616 15
983 616 15
984 616 15
1216 616 15
1217 616 15
1219 616 15
1220 616 15
1752 616 15
1753 616 15
1754 616 15
1755 616 15
613 617 15
614 617 15
615 617 15
616 617 15
981 617 15
982 617 15
983 617 15
984 617 15
1215 617 15
1216 617 15
1219 617 15
1220 617 15
1752 617 15
1753 617 15
1754 617 15
1755 617 15
612 618 15
613 618 15
614 618 15
615 618 15
981 618 15
982 618 15
983 618 15
984 618 15
1215 618 15
1216 618 15
1218 618 15
1219 618 15
1752 618 15
1753 618 15
1754 618 15
1755 618 15
612 619 15
613 619 15
614 619 15
615 619 15
981 619 15
982 619 15
983 619 15
984 619 15
1215 619 15
1216 619 15
1218 619 15
1219 619 15
1751 619 15
1752 619 15
1754 619 15
1755 619 15
612 620 15
613 620 15
614 620 15
615 620 15
982 620 15
983 620 15
984 620 15
1215 620 15
1216 620 15
1218 620 15
1219 620 15
1751 620 15
1752 620 15
1753 620 15
1754 620 15
611 621 15
612 621 15
613 621 15
614 621 15
982 621 15
983 621 15
984 621 15
1214 621 15
1215 621 15
1218 621 15
1219 621 15
1750 621 15
1751 621 15
1753 621 15
1754 621 15
611 622 15
612 622 15
613 622 15
614 622 15
982 622 15
983 622 15
984 622 15
985 622 15
1214 622 15
1215 622 15
1217 622 15
1218 622 15
1749 622 15
1750 622 15
1753 622 15
1754 622 15
611 623 15
612 623 15
613 623 15
614 623 15
982 623 15
983 623 15
984 623 15
985 623 15
1214 623 15
1215 623 15
1217 623 15
1218 623 15
1749 623 15
1750 623 15
1752 623 15
1753 623 15
611 624 15
612 624 15
613 624 15
614 624 15
982 624 15
983 624 15
984 624 15
985 624 15
1213 624 15
1214 624 15
1217 624 15
1218 624 15
1749 624 15
1750 624 15
1752 624 15
1753 624 15
611 625 15
612 625 15
613 625 15
614 625 15
982 625 15
983 625 15
984 625 15
985 625 15
1213 625 15
1214 625 15
1217 625 15
1218 625 15
1748 625 15
1749 625 15
1751 625 15
1752 625 15
611 626 15
612 626 15
613 626 15
982 626 15
983 626 15
984 626 15
985 626 15
1213 626 15
1214 626 15
1216 626 15
1217 626 15
1748 626 15
1749 626 15
1751 626 15
1752 626 15
611 627 15
612 627 15
613 627 15
982 627 15
983 627 15
984 627 15
985 627 15
1212 627 15
1213 627 15
1216 627 15
1217 627 15
1748 627 15
1749 627 15
1751 627 15
1752 627 15
610 628 15
611 628 15
612 628 15
613 628 15
982 628 15
983 628 15
984 628 15
985 628 15
1212 628 15
1213 628 15
1216 628 15
1217 628 15
1747 628 15
1748 628 15
1750 628 15
1751 628 15
1752 628 15
610 629 15
611 629 15
612 629 15
982 629 15
983 629 15
984 629 15
985 629 15
1212 629 15
1213 629 15
1216 629 15
1217 629 15
1747 629 15
1748 629 15
1749 629 15
1750 629 15
1751 629 15
1752 629 15
609 630 15
610 630 15
611 630 15
612 630 15
982 630 15
983 630 15
984 630 15
985 630 15
1212 630 15
1213 630 15
1215 630 15
1216 630 15
1747 630 15
1748 630 15
1749 630 15
1750 630 15
1751 630 15
1752 630 15
609 631 15
610 631 15
611 631 15
982 631 15
983 631 15
984 631 15
985 631 15
1212 631 15
1213 631 15
1215 631 15
1216 631 15
1747 631 15
1748 631 15
1749 631 15
1750 631 15
1751 631 15
608 632 15
609 632 15
610 632 15
611 632 15
982 632 15
983 632 15
984 632 15
985 632 15
1212 632 15
1213 632 15
1215 632 15
1216 632 15
1746 632 15
1747 632 15
1749 632 15
1750 632 15
1751 632 15
607 633 15
608 633 15
609 633 15
610 633 15
982 633 15
983 633 15
984 633 15
985 633 15
1211 633 15
1212 633 15
1215 633 15
1216 633 15
1745 633 15
1746 633 15
1748 633 15
1749 633 15
1750 633 15
1751 633 15
607 634 15
608 634 15
609 634 15
610 634 15
982 634 15
983 634 15
984 634 15
985 634 15
1211 634 15
1212 634 15
1214 634 15
1215 634 15
1745 634 15
1746 634 15
1747 634 15
1748 634 15
1749 634 15
1750 634 15
1751 634 15
607 635 15
608 635 15
609 635 15
982 635 15
983 635 15
984 635 15
1211 635 15
1212 635 15
1214 635 15
1215 635 15
1745 635 15
1746 635 15
1747 635 15
1748 635 15
1750 635 15
607 636 15
608 636 15
609 636 15
981 636 15
982 636 15
983 636 15
984 636 15
1211 636 15
1212 636 15
1214 636 15
1215 636 15
1745 636 15
1746 636 15
1747 636 15
1748 636 15
1749 636 15
606 637 15
607 637 15
608 637 15
609 637 15
981 637 15
982 637 15
983 637 15
984 637 15
1210 637 15
1211 637 15
1214 637 15
1215 637 15
1744 637 15
1745 637 15
1747 637 15
1748 637 15
1749 637 15
1750 637 15
606 638 15
607 638 15
608 638 15
981 638 15
982 638 15
983 638 15
984 638 15
1210 638 15
1211 638 15
1213 638 15
1214 638 15
1744 638 15
1745 638 15
1746 638 15
1747 638 15
1748 638 15
1749 638 15
605 639 15
606 639 15
607 639 15
608 639 15
981 639 15
982 639 15
983 639 15
984 639 15
1210 639 15
1211 639 15
1213 639 15
1214 639 15
1744 639 15
1745 639 15
1746 639 15
1747 639 15
1748 639 15
1749 639 15
605 640 15
606 640 15
607 640 15
981 640 15
982 640 15
983 640 15
1210 640 15
1211 640 15
1213 640 15
1214 640 15
1744 640 15
1745 640 15
1746 640 15
1747 640 15
1748 640 15
605 641 15
606 641 15
607 641 15
981 641 15
982 641 15
983 641 15
1209 641 15
1210 641 15
1213 641 15
1214 641 15
1744 641 15
1745 641 15
1746 641 15
1747 641 15
604 642 15
605 642 15
606 642 15
607 642 15
981 642 15
982 642 15
983 642 15
1209 642 15
1210 642 15
1212 642 15
1213 642 15
1744 642 15
1745 642 15
1747 642 15
1748 642 15
604 643 15
605 643 15
606 643 15
981 643 15
982 643 15
983 643 15
1209 643 15
1210 643 15
1212 643 15
1213 643 15
1744 643 15
1745 643 15
1746 643 15
1747 643 15
603 644 15
604 644 15
605 644 15
606 644 15
980 644 15
981 644 15
982 644 15
1209 644 15
1210 644 15
1212 644 15
1213 644 15
1743 644 15
1744 644 15
1746 644 15
1747 644 15
603 645 15
604 645 15
605 645 15
606 645 15
980 645 15
981 645 15
982 645 15
1208 645 15
1209 645 15
1212 645 15
1213 645 15
1743 645 15
1744 645 15
1746 645 15
1747 645 15
602 646 15
603 646 15
605 646 15
606 646 15
980 646 15
981 646 15
982 646 15
1208 646 15
1209 646 15
1212 646 15
1213 646 15
1743 646 15
1744 646 15
1745 646 15
1746 646 15
602 647 15
603 647 15
604 647 15
605 647 15
980 647 15
981 647 15
982 647 15
1208 647 15
1209 647 15
1212 647 15
1213 647 15
1743 647 15
1744 647 15
1745 647 15
1746 647 15
602 648 15
603 648 15
604 648 15
605 648 15
980 648 15
981 648 15
982 648 15
1208 648 15
1209 648 15
1212 648 15
1213 648 15
1742 648 15
1743 648 15
1745 648 15
1746 648 15
602 649 15
603 649 15
605 649 15
606 649 15
980 649 15
981 649 15
982 649 15
1207 649 15
1208 649 15
1212 649 15
1213 649 15
1741 649 15
1742 649 15
1744 649 15
1745 649 15
602 650 15
603 650 15
604 650 15
605 650 15
979 650 15
980 650 15
981 650 15
982 650 15
1207 650 15
1208 650 15
1212 650 15
1213 650 15
1741 650 15
1742 650 15
1744 650 15
1745 650 15
602 651 15
603 651 15
604 651 15
605 651 15
979 651 15
980 651 15
981 651 15
1207 651 15
1208 651 15
1211 651 15
1212 651 15
1741 651 15
1742 651 15
1743 651 15
1744 651 15
601 652 15
602 652 15
603 652 15
604 652 15
605 652 15
979 652 15
980 652 15
981 652 15
1207 652 15
1208 652 15
1211 652 15
1212 652 15
1741 652 15
1742 652 15
1743 652 15
1744 652 15
601 653 15
602 653 15
603 653 15
604 653 15
605 653 15
979 653 15
980 653 15
981 653 15
1206 653 15
1207 653 15
1211 653 15
1212 653 15
1741 653 15
1742 653 15
1743 653 15
1744 653 15
601 654 15
602 654 15
603 654 15
604 654 15
979 654 15
980 654 15
981 654 15
1206 654 15
1207 654 15
1211 654 15
1212 654 15
1740 654 15
1741 654 15
1743 654 15
1744 654 15
600 655 15
601 655 15
602 655 15
603 655 15
604 655 15
978 655 15
979 655 15
980 655 15
981 655 15
1206 655 15
1207 655 15
1211 655 15
1212 655 15
1740 655 15
1741 655 15
1742 655 15
1743 655 15
600 656 15
601 656 15
602 656 15
603 656 15
978 656 15
979 656 15
980 656 15
1207 656 15
1208 656 15
1210 656 15
1211 656 15
1740 656 15
1741 656 15
1742 656 15
1743 656 15
600 657 15
601 657 15
602 657 15
603 657 15
977 657 15
978 657 15
979 657 15
980 657 15
1207 657 15
1208 657 15
1209 657 15
1210 657 15
1739 657 15
1740 657 15
1742 657 15
1743 657 15
600 658 15
601 658 15
602 658 15
603 658 15
977 658 15
978 658 15
979 658 15
980 658 15
1206 658 15
1207 658 15
1208 658 15
1209 658 15
1739 658 15
1740 658 15
1741 658 15
1742 658 15
599 659 15
600 659 15
601 659 15
602 659 15
603 659 15
976 659 15
977 659 15
978 659 15
979 659 15
1206 659 15
1207 659 15
1208 659 15
1739 659 15
1740 659 15
1741 659 15
1742 659 15
599 660 15
600 660 15
601 660 15
602 660 15
976 660 15
977 660 15
978 660 15
979 660 15
1205 660 15
1206 660 15
1207 660 15
1208 660 15
1738 660 15
1739 660 15
1741 660 15
1742 660 15
599 661 15
600 661 15
601 661 15
602 661 15
975 661 15
976 661 15
977 661 15
978 661 15
1205 661 15
1206 661 15
1207 661 15
1737 661 15
1738 661 15
1740 661 15
1741 661 15
599 662 15
600 662 15
601 662 15
602 662 15
975 662 15
976 662 15
977 662 15
978 662 15
1204 662 15
1205 662 15
1206 662 15
1737 662 15
1738 662 15
1739 662 15
1740 662 15
599 663 15
600 663 15
601 663 15
974 663 15
975 663 15
976 663 15
977 663 15
1203 663 15
1204 663 15
1205 663 15
1737 663 15
1738 663 15
1739 663 15
1740 663 15
598 664 15
599 664 15
600 664 15
601 664 15
974 664 15
975 664 15
976 664 15
1203 664 15
1204 664 15
1205 664 15
1736 664 15
1737 664 15
1739 664 15
1740 664 15
598 665 15
599 665 15
600 665 15
601 665 15
973 665 15
974 665 15
975 665 15
976 665 15
1202 665 15
1203 665 15
1204 665 15
1736 665 15
1737 665 15
1738 665 15
1739 665 15
597 666 15
598 666 15
599 666 15
600 666 15
972 666 15
973 666 15
974 666 15
975 666 15
1203 666 15
1735 666 15
1736 666 15
1738 666 15
1739 666 15
597 667 15
598 667 15
599 667 15
600 667 15
970 667 15
971 667 15
972 667 15
973 667 15
974 667 15
1735 667 15
1736 667 15
1737 667 15
1738 667 15
596 668 15
597 668 15
598 668 15
599 668 15
969 668 15
970 668 15
971 668 15
972 668 15
973 668 15
1735 668 15
1736 668 15
1737 668 15
1738 668 15
595 669 15
596 669 15
597 669 15
598 669 15
599 669 15
967 669 15
968 669 15
969 669 15
970 669 15
971 669 15
972 669 15
1734 669 15
1735 669 15
1737 669 15
1738 669 15
595 670 15
596 670 15
597 670 15
598 670 15
966 670 15
967 670 15
968 670 15
969 670 15
970 670 15
1734 670 15
1735 670 15
1736 670 15
1737 670 15
594 671 15
595 671 15
596 671 15
597 671 15
598 671 15
965 671 15
966 671 15
968 671 15
969 671 15
1733 671 15
1734 671 15
1736 671 15
1737 671 15
594 672 15
595 672 15
596 672 15
597 672 15
963 672 15
964 672 15
965 672 15
967 672 15
968 672 15
1732 672 15
1733 672 15
1735 672 15
1736 672 15
593 673 15
594 673 15
595 673 15
596 673 15
962 673 15
963 673 15
964 673 15
966 673 15
967 673 15
968 673 15
1732 673 15
1733 673 15
1734 673 15
1735 673 15
593 674 15
594 674 15
595 674 15
961 674 15
962 674 15
964 674 15
965 674 15
966 674 15
967 674 15
1731 674 15
1732 674 15
1734 674 15
1735 674 15
592 675 15
593 675 15
594 675 15
595 675 15
961 675 15
962 675 15
963 675 15
964 675 15
965 675 15
1731 675 15
1732 675 15
1733 675 15
1734 675 15
591 676 15
592 676 15
593 676 15
594 676 15
960 676 15
961 676 15
962 676 15
963 676 15
1730 676 15
1731 676 15
1733 676 15
1734 676 15
590 677 15
591 677 15
592 677 15
593 677 15
959 677 15
960 677 15
961 677 15
962 677 15
1729 677 15
1730 677 15
1732 677 15
1733 677 15
589 678 15
590 678 15
591 678 15
592 678 15
958 678 15
959 678 15
960 678 15
961 678 15
1728 678 15
1729 678 15
1731 678 15
1732 678 15
587 679 15
588 679 15
589 679 15
590 679 15
591 679 15
958 679 15
959 679 15
960 679 15
1728 679 15
1729 679 15
1730 679 15
1731 679 15
585 680 15
586 680 15
587 680 15
588 680 15
589 680 15
590 680 15
957 680 15
958 680 15
959 680 15
960 680 15
1727 680 15
1728 680 15
1730 680 15
1731 680 15
582 681 15
583 681 15
584 681 15
585 681 15
586 681 15
587 681 15
588 681 15
956 681 15
957 681 15
958 681 15
959 681 15
1726 681 15
1727 681 15
1729 681 15
1730 681 15
581 682 15
582 682 15
583 682 15
584 682 15
585 682 15
586 682 15
587 682 15
956 682 15
957 682 15
958 682 15
959 682 15
1726 682 15
1727 682 15
1728 682 15
1729 682 15
581 683 15
582 683 15
583 683 15
584 683 15
585 683 15
586 683 15
955 683 15
956 683 15
959 683 15
960 683 15
1725 683 15
1726 683 15
1728 683 15
1729 683 15
582 684 15
583 684 15
584 684 15
955 684 15
956 684 15
959 684 15
960 684 15
1724 684 15
1725 684 15
1727 684 15
1728 684 15
954 685 15
955 685 15
956 685 15
957 685 15
958 685 15
959 685 15
1722 685 15
1723 685 15
1724 685 15
1726 685 15
1727 685 15
953 686 15
954 686 15
956 686 15
957 686 15
958 686 15
1721 686 15
1722 686 15
1723 686 15
1725 686 15
1726 686 15
953 687 15
954 687 15
956 687 15
957 687 15
1720 687 15
1721 687 15
1723 687 15
1724 687 15
1725 687 15
953 688 15
954 688 15
956 688 15
957 688 15
1720 688 15
1721 688 15
1722 688 15
1723 688 15
1724 688 15
952 689 15
953 689 15
955 689 15
956 689 15
1718 689 15
1719 689 15
1720 689 15
1722 689 15
1723 689 15
952 690 15
953 690 15
955 690 15
956 690 15
1717 690 15
1718 690 15
1719 690 15
1721 690 15
1722 690 15
952 691 15
953 691 15
954 691 15
955 691 15
1716 691 15
1717 691 15
1719 691 15
1720 691 15
1721 691 15
951 692 15
952 692 15
954 692 15
955 692 15
1716 692 15
1717 692 15
1718 692 15
1719 692 15
1720 692 15
950 693 15
951 693 15
954 693 15
955 693 15
1715 693 15
1716 693 15
1718 693 15
1719 693 15
950 694 15
951 694 15
954 694 15
955 694 15
1714 694 15
1715 694 15
1717 694 15
1718 694 15
949 695 15
950 695 15
951 695 15
952 695 15
953 695 15
954 695 15
1713 695 15
1714 695 15
1716 695 15
1717 695 15
950 696 15
951 696 15
952 696 15
953 696 15
1712 696 15
1713 696 15
1715 696 15
1716 696 15
1712 697 15
1713 697 15
1714 697 15
1715 697 15
1711 698 15
1712 698 15
1713 698 15
1714 698 15
1715 698 15
1712 699 15
1713 699 15
1714 699 15
