675 346 0
676 346 0
1863 346 0
1864 346 0
1865 346 0
673 347 0
674 347 0
675 347 0
676 347 0
677 347 0
1860 347 0
1861 347 0
1862 347 0
1863 347 0
1864 347 0
1865 347 0
1866 347 0
671 348 0
672 348 0
673 348 0
674 348 0
675 348 0
676 348 0
1859 348 0
1860 348 0
1861 348 0
1862 348 0
1865 348 0
1866 348 0
668 349 0
669 349 0
670 349 0
671 349 0
672 349 0
673 349 0
674 349 0
675 349 0
1858 349 0
1859 349 0
1864 349 0
1865 349 0
666 350 0
667 350 0
668 350 0
669 350 0
670 350 0
671 350 0
672 350 0
673 350 0
674 350 0
1085 350 0
1086 350 0
1087 350 0
1088 350 0
1089 350 0
1090 350 0
1091 350 0
1092 350 0
1093 350 0
1094 350 0
1095 350 0
1096 350 0
1856 350 0
1857 350 0
1858 350 0
1861 350 0
1862 350 0
1863 350 0
1864 350 0
665 351 0
666 351 0
667 351 0
668 351 0
669 351 0
670 351 0
671 351 0
1084 351 0
1085 351 0
1086 351 0
1087 351 0
1088 351 0
1089 351 0
1090 351 0
1091 351 0
1092 351 0
1093 351 0
1094 351 0
1095 351 0
1096 351 0
1097 351 0
1313 351 0
1314 351 0
1315 351 0
1316 351 0
1854 351 0
1855 351 0
1856 351 0
1857 351 0
1860 351 0
1861 351 0
1862 351 0
1863 351 0
664 352 0
665 352 0
666 352 0
667 352 0
668 352 0
1081 352 0
1082 352 0
1083 352 0
1084 352 0
1097 352 0
1098 352 0
1312 352 0
1313 352 0
1314 352 0
1315 352 0
1316 352 0
1317 352 0
1853 352 0
1854 352 0
1855 352 0
1859 352 0
1860 352 0
663 353 0
664 353 0
665 353 0
666 353 0
1080 353 0
1081 353 0
1082 353 0
1083 353 0
1087 353 0
1088 353 0
1089 353 0
1090 353 0
1091 353 0
1092 353 0
1093 353 0
1094 353 0
1095 353 0
1096 353 0
1097 353 0
1098 353 0
1311 353 0
1312 353 0
1313 353 0
1315 353 0
1316 353 0
1851 353 0
1852 353 0
1853 353 0
1857 353 0
1858 353 0
1859 353 0
662 354 0
663 354 0
664 354 0
665 354 0
1079 354 0
1080 354 0
1085 354 0
1086 354 0
1087 354 0
1088 354 0
1089 354 0
1090 354 0
1091 354 0
1092 354 0
1093 354 0
1094 354 0
1095 354 0
1096 354 0
1097 354 0
1310 354 0
1311 354 0
1312 354 0
1314 354 0
1315 354 0
1850 354 0
1851 354 0
1852 354 0
1855 354 0
1856 354 0
1857 354 0
1858 354 0
661 355 0
662 355 0
663 355 0
664 355 0
1077 355 0
1078 355 0
1079 355 0
1080 355 0
1082 355 0
1083 355 0
1084 355 0
1085 355 0
1086 355 0
1308 355 0
1309 355 0
1310 355 0
1313 355 0
1314 355 0
1848 355 0
1849 355 0
1850 355 0
1854 355 0
1855 355 0
1856 355 0
660 356 0
661 356 0
662 356 0
663 356 0
1076 356 0
1077 356 0
1078 356 0
1079 356 0
1080 356 0
1081 356 0
1082 356 0
1083 356 0
1084 356 0
1305 356 0
1306 356 0
1307 356 0
1308 356 0
1309 356 0
1312 356 0
1313 356 0
1847 356 0
1848 356 0
1849 356 0
1852 356 0
1853 356 0
1854 356 0
660 357 0
661 357 0
662 357 0
1076 357 0
1077 357 0
1078 357 0
1079 357 0
1081 357 0
1304 357 0
1305 357 0
1306 357 0
1307 357 0
1310 357 0
1311 357 0
1312 357 0
1846 357 0
1847 357 0
1851 357 0
1852 357 0
1853 357 0
659 358 0
660 358 0
661 358 0
662 358 0
1075 358 0
1076 358 0
1077 358 0
1078 358 0
1303 358 0
1304 358 0
1308 358 0
1309 358 0
1310 358 0
1311 358 0
1845 358 0
1846 358 0
1849 358 0
1850 358 0
1851 358 0
658 359 0
659 359 0
660 359 0
661 359 0
1074 359 0
1075 359 0
1076 359 0
1077 359 0
1303 359 0
1304 359 0
1307 359 0
1308 359 0
1309 359 0
1843 359 0
1844 359 0
1845 359 0
1848 359 0
1849 359 0
1850 359 0
657 360 0
658 360 0
659 360 0
660 360 0
1073 360 0
1074 360 0
1075 360 0
1076 360 0
1302 360 0
1303 360 0
1306 360 0
1307 360 0
1842 360 0
1843 360 0
1844 360 0
1846 360 0
1847 360 0
1848 360 0
657 361 0
658 361 0
659 361 0
1067 361 0
1068 361 0
1069 361 0
1070 361 0
1071 361 0
1072 361 0
1073 361 0
1074 361 0
1075 361 0
1301 361 0
1302 361 0
1305 361 0
1306 361 0
1840 361 0
1841 361 0
1842 361 0
1845 361 0
1846 361 0
1847 361 0
656 362 0
657 362 0
658 362 0
659 362 0
1057 362 0
1058 362 0
1059 362 0
1060 362 0
1061 362 0
1062 362 0
1063 362 0
1064 362 0
1065 362 0
1066 362 0
1067 362 0
1068 362 0
1069 362 0
1070 362 0
1071 362 0
1072 362 0
1073 362 0
1074 362 0
1301 362 0
1302 362 0
1304 362 0
1305 362 0
1838 362 0
1839 362 0
1840 362 0
1841 362 0
1844 362 0
1845 362 0
655 363 0
656 363 0
657 363 0
658 363 0
1051 363 0
1052 363 0
1053 363 0
1054 363 0
1055 363 0
1056 363 0
1057 363 0
1058 363 0
1059 363 0
1060 363 0
1061 363 0
1062 363 0
1063 363 0
1064 363 0
1065 363 0
1066 363 0
1071 363 0
1072 363 0
1073 363 0
1300 363 0
1301 363 0
1304 363 0
1305 363 0
1836 363 0
1837 363 0
1838 363 0
1839 363 0
1843 363 0
1844 363 0
655 364 0
656 364 0
657 364 0
1047 364 0
1048 364 0
1049 364 0
1050 364 0
1051 364 0
1052 364 0
1053 364 0
1054 364 0
1055 364 0
1056 364 0
1067 364 0
1068 364 0
1069 364 0
1070 364 0
1071 364 0
1299 364 0
1300 364 0
1303 364 0
1304 364 0
1828 364 0
1829 364 0
1830 364 0
1831 364 0
1832 364 0
1833 364 0
1834 364 0
1835 364 0
1836 364 0
1837 364 0
1840 364 0
1841 364 0
1842 364 0
1843 364 0
654 365 0
655 365 0
656 365 0
657 365 0
1045 365 0
1046 365 0
1047 365 0
1048 365 0
1049 365 0
1050 365 0
1060 365 0
1061 365 0
1062 365 0
1063 365 0
1064 365 0
1065 365 0
1066 365 0
1067 365 0
1068 365 0
1069 365 0
1070 365 0
1298 365 0
1299 365 0
1302 365 0
1303 365 0
1824 365 0
1825 365 0
1826 365 0
1827 365 0
1828 365 0
1829 365 0
1830 365 0
1831 365 0
1832 365 0
1833 365 0
1834 365 0
1835 365 0
1839 365 0
1840 365 0
1841 365 0
1842 365 0
654 366 0
655 366 0
656 366 0
1043 366 0
1044 366 0
1045 366 0
1046 366 0
1056 366 0
1057 366 0
1058 366 0
1059 366 0
1060 366 0
1061 366 0
1062 366 0
1063 366 0
1064 366 0
1065 366 0
1066 366 0
1298 366 0
1299 366 0
1301 366 0
1302 366 0
1823 366 0
1824 366 0
1825 366 0
1826 366 0
1827 366 0
1837 366 0
1838 366 0
1839 366 0
653 367 0
654 367 0
655 367 0
656 367 0
1042 367 0
1043 367 0
1044 367 0
1051 367 0
1052 367 0
1053 367 0
1054 367 0
1055 367 0
1056 367 0
1057 367 0
1058 367 0
1059 367 0
1297 367 0
1298 367 0
1301 367 0
1302 367 0
1822 367 0
1823 367 0
1829 367 0
1830 367 0
1831 367 0
1832 367 0
1833 367 0
1834 367 0
1835 367 0
1836 367 0
1837 367 0
1838 367 0
652 368 0
653 368 0
654 368 0
655 368 0
924 368 0
1041 368 0
1042 368 0
1047 368 0
1048 368 0
1049 368 0
1050 368 0
1051 368 0
1052 368 0
1053 368 0
1054 368 0
1055 368 0
1297 368 0
1298 368 0
1300 368 0
1301 368 0
1821 368 0
1822 368 0
1825 368 0
1826 368 0
1827 368 0
1828 368 0
1829 368 0
1830 368 0
1831 368 0
1832 368 0
1833 368 0
1834 368 0
1835 368 0
1836 368 0
652 369 0
653 369 0
654 369 0
655 369 0
923 369 0
924 369 0
925 369 0
1040 369 0
1041 369 0
1045 369 0
1046 369 0
1047 369 0
1048 369 0
1049 369 0
1050 369 0
1296 369 0
1297 369 0
1300 369 0
1301 369 0
1819 369 0
1820 369 0
1821 369 0
1824 369 0
1825 369 0
1826 369 0
1827 369 0
1828 369 0
651 370 0
652 370 0
653 370 0
654 370 0
859 370 0
860 370 0
861 370 0
922 370 0
923 370 0
924 370 0
925 370 0
1039 370 0
1040 370 0
1042 370 0
1043 370 0
1044 370 0
1045 370 0
1046 370 0
1295 370 0
1296 370 0
1299 370 0
1300 370 0
1817 370 0
1818 370 0
1819 370 0
1820 370 0
1823 370 0
1824 370 0
651 371 0
652 371 0
653 371 0
858 371 0
859 371 0
860 371 0
861 371 0
862 371 0
921 371 0
922 371 0
923 371 0
924 371 0
1038 371 0
1039 371 0
1040 371 0
1041 371 0
1042 371 0
1043 371 0
1044 371 0
1295 371 0
1296 371 0
1298 371 0
1299 371 0
1816 371 0
1817 371 0
1818 371 0
1822 371 0
1823 371 0
650 372 0
651 372 0
652 372 0
653 372 0
856 372 0
857 372 0
858 372 0
859 372 0
860 372 0
861 372 0
921 372 0
922 372 0
923 372 0
924 372 0
991 372 0
992 372 0
1038 372 0
1039 372 0
1040 372 0
1041 372 0
1294 372 0
1295 372 0
1298 372 0
1299 372 0
1814 372 0
1815 372 0
1816 372 0
1820 372 0
1821 372 0
1822 372 0
650 373 0
651 373 0
652 373 0
854 373 0
855 373 0
856 373 0
857 373 0
858 373 0
859 373 0
919 373 0
920 373 0
921 373 0
922 373 0
923 373 0
988 373 0
989 373 0
990 373 0
991 373 0
992 373 0
993 373 0
1038 373 0
1039 373 0
1040 373 0
1293 373 0
1294 373 0
1297 373 0
1298 373 0
1813 373 0
1814 373 0
1815 373 0
1818 373 0
1819 373 0
1820 373 0
1821 373 0
650 374 0
651 374 0
652 374 0
853 374 0
854 374 0
855 374 0
856 374 0
857 374 0
858 374 0
918 374 0
919 374 0
920 374 0
921 374 0
922 374 0
987 374 0
988 374 0
989 374 0
990 374 0
991 374 0
992 374 0
993 374 0
1037 374 0
1038 374 0
1039 374 0
1040 374 0
1293 374 0
1294 374 0
1296 374 0
1297 374 0
1811 374 0
1812 374 0
1813 374 0
1817 374 0
1818 374 0
1819 374 0
649 375 0
650 375 0
651 375 0
652 375 0
852 375 0
853 375 0
854 375 0
855 375 0
856 375 0
857 375 0
917 375 0
918 375 0
919 375 0
920 375 0
986 375 0
987 375 0
988 375 0
989 375 0
990 375 0
991 375 0
992 375 0
1036 375 0
1037 375 0
1038 375 0
1039 375 0
1293 375 0
1294 375 0
1296 375 0
1297 375 0
1810 375 0
1811 375 0
1812 375 0
1815 375 0
1816 375 0
1817 375 0
648 376 0
649 376 0
650 376 0
651 376 0
652 376 0
852 376 0
853 376 0
854 376 0
916 376 0
917 376 0
918 376 0
919 376 0
985 376 0
986 376 0
987 376 0
988 376 0
1036 376 0
1037 376 0
1038 376 0
1292 376 0
1293 376 0
1296 376 0
1297 376 0
1808 376 0
1809 376 0
1810 376 0
1814 376 0
1815 376 0
1816 376 0
647 377 0
648 377 0
649 377 0
651 377 0
652 377 0
851 377 0
852 377 0
853 377 0
854 377 0
915 377 0
916 377 0
917 377 0
918 377 0
984 377 0
985 377 0
986 377 0
987 377 0
1035 377 0
1036 377 0
1037 377 0
1038 377 0
1291 377 0
1292 377 0
1295 377 0
1296 377 0
1807 377 0
1808 377 0
1809 377 0
1812 377 0
1813 377 0
1814 377 0
646 378 0
647 378 0
652 378 0
653 378 0
851 378 0
852 378 0
853 378 0
914 378 0
915 378 0
916 378 0
917 378 0
983 378 0
984 378 0
986 378 0
987 378 0
1034 378 0
1035 378 0
1036 378 0
1037 378 0
1291 378 0
1292 378 0
1294 378 0
1295 378 0
1805 378 0
1806 378 0
1807 378 0
1811 378 0
1812 378 0
1813 378 0
645 379 0
646 379 0
652 379 0
653 379 0
850 379 0
851 379 0
852 379 0
853 379 0
913 379 0
914 379 0
915 379 0
916 379 0
982 379 0
983 379 0
985 379 0
986 379 0
1031 379 0
1032 379 0
1033 379 0
1034 379 0
1036 379 0
1037 379 0
1291 379 0
1292 379 0
1294 379 0
1295 379 0
1804 379 0
1805 379 0
1806 379 0
1809 379 0
1810 379 0
1811 379 0
644 380 0
645 380 0
646 380 0
652 380 0
653 380 0
850 380 0
851 380 0
852 380 0
912 380 0
913 380 0
914 380 0
915 380 0
981 380 0
982 380 0
984 380 0
985 380 0
1029 380 0
1030 380 0
1031 380 0
1032 380 0
1033 380 0
1034 380 0
1035 380 0
1036 380 0
1290 380 0
1291 380 0
1294 380 0
1295 380 0
1803 380 0
1804 380 0
1808 380 0
1809 380 0
1810 380 0
643 381 0
644 381 0
645 381 0
652 381 0
653 381 0
849 381 0
850 381 0
851 381 0
852 381 0
911 381 0
912 381 0
913 381 0
914 381 0
976 381 0
977 381 0
978 381 0
979 381 0
980 381 0
981 381 0
982 381 0
983 381 0
984 381 0
1027 381 0
1028 381 0
1029 381 0
1030 381 0
1031 381 0
1032 381 0
1033 381 0
1034 381 0
1035 381 0
1290 381 0
1291 381 0
1293 381 0
1294 381 0
1803 381 0
1804 381 0
1807 381 0
1808 381 0
642 382 0
643 382 0
644 382 0
645 382 0
652 382 0
653 382 0
849 382 0
850 382 0
851 382 0
910 382 0
911 382 0
912 382 0
913 382 0
974 382 0
975 382 0
976 382 0
977 382 0
978 382 0
979 382 0
980 382 0
981 382 0
982 382 0
983 382 0
1026 382 0
1027 382 0
1028 382 0
1029 382 0
1030 382 0
1031 382 0
1032 382 0
1289 382 0
1290 382 0
1293 382 0
1294 382 0
1803 382 0
1804 382 0
1806 382 0
1807 382 0
640 383 0
641 383 0
642 383 0
643 383 0
644 383 0
645 383 0
646 383 0
647 383 0
648 383 0
649 383 0
650 383 0
651 383 0
652 383 0
849 383 0
850 383 0
851 383 0
909 383 0
910 383 0
912 383 0
913 383 0
973 383 0
974 383 0
975 383 0
977 383 0
978 383 0
979 383 0
980 383 0
981 383 0
1025 383 0
1026 383 0
1028 383 0
1029 383 0
1030 383 0
1289 383 0
1290 383 0
1292 383 0
1293 383 0
1803 383 0
1804 383 0
1806 383 0
1807 383 0
639 384 0
640 384 0
641 384 0
642 384 0
643 384 0
646 384 0
647 384 0
648 384 0
649 384 0
650 384 0
651 384 0
848 384 0
849 384 0
850 384 0
851 384 0
909 384 0
910 384 0
913 384 0
914 384 0
972 384 0
973 384 0
974 384 0
975 384 0
976 384 0
977 384 0
978 384 0
1024 384 0
1025 384 0
1026 384 0
1027 384 0
1028 384 0
1288 384 0
1289 384 0
1292 384 0
1293 384 0
1803 384 0
1804 384 0
1806 384 0
1807 384 0
637 385 0
638 385 0
639 385 0
640 385 0
641 385 0
642 385 0
848 385 0
849 385 0
850 385 0
908 385 0
909 385 0
913 385 0
914 385 0
971 385 0
972 385 0
974 385 0
975 385 0
976 385 0
1023 385 0
1024 385 0
1025 385 0
1026 385 0
1027 385 0
1287 385 0
1288 385 0
1291 385 0
1292 385 0
1803 385 0
1804 385 0
1806 385 0
1807 385 0
636 386 0
637 386 0
638 386 0
639 386 0
640 386 0
847 386 0
848 386 0
849 386 0
850 386 0
908 386 0
909 386 0
913 386 0
914 386 0
971 386 0
972 386 0
973 386 0
974 386 0
975 386 0
1022 386 0
1023 386 0
1024 386 0
1025 386 0
1286 386 0
1287 386 0
1290 386 0
1291 386 0
1803 386 0
1804 386 0
1806 386 0
1807 386 0
635 387 0
636 387 0
637 387 0
638 387 0
639 387 0
847 387 0
848 387 0
849 387 0
909 387 0
910 387 0
912 387 0
913 387 0
970 387 0
971 387 0
973 387 0
974 387 0
1021 387 0
1022 387 0
1023 387 0
1024 387 0
1285 387 0
1286 387 0
1289 387 0
1290 387 0
1803 387 0
1804 387 0
1806 387 0
1807 387 0
634 388 0
635 388 0
636 388 0
637 388 0
846 388 0
847 388 0
848 388 0
849 388 0
908 388 0
909 388 0
911 388 0
912 388 0
970 388 0
971 388 0
972 388 0
973 388 0
1020 388 0
1021 388 0
1022 388 0
1023 388 0
1285 388 0
1286 388 0
1288 388 0
1289 388 0
1803 388 0
1804 388 0
1806 388 0
1807 388 0
634 389 0
635 389 0
636 389 0
846 389 0
847 389 0
848 389 0
849 389 0
907 389 0
908 389 0
910 389 0
911 389 0
969 389 0
970 389 0
971 389 0
972 389 0
1019 389 0
1020 389 0
1021 389 0
1022 389 0
1284 389 0
1285 389 0
1288 389 0
1289 389 0
1803 389 0
1804 389 0
1806 389 0
1807 389 0
633 390 0
634 390 0
635 390 0
636 390 0
845 390 0
846 390 0
847 390 0
848 390 0
906 390 0
907 390 0
909 390 0
910 390 0
968 390 0
969 390 0
970 390 0
971 390 0
1018 390 0
1019 390 0
1020 390 0
1021 390 0
1283 390 0
1284 390 0
1287 390 0
1288 390 0
1803 390 0
1804 390 0
1806 390 0
1807 390 0
633 391 0
634 391 0
635 391 0
845 391 0
846 391 0
847 391 0
848 391 0
905 391 0
906 391 0
908 391 0
909 391 0
968 391 0
969 391 0
970 391 0
971 391 0
1018 391 0
1019 391 0
1020 391 0
1021 391 0
1282 391 0
1283 391 0
1286 391 0
1287 391 0
1803 391 0
1804 391 0
1806 391 0
1807 391 0
633 392 0
634 392 0
635 392 0
844 392 0
845 392 0
846 392 0
847 392 0
904 392 0
905 392 0
907 392 0
908 392 0
967 392 0
968 392 0
969 392 0
970 392 0
1017 392 0
1018 392 0
1019 392 0
1020 392 0
1281 392 0
1282 392 0
1286 392 0
1287 392 0
1802 392 0
1803 392 0
1806 392 0
1807 392 0
633 393 0
634 393 0
635 393 0
844 393 0
845 393 0
846 393 0
847 393 0
903 393 0
904 393 0
906 393 0
907 393 0
967 393 0
968 393 0
969 393 0
970 393 0
1017 393 0
1018 393 0
1019 393 0
1281 393 0
1282 393 0
1285 393 0
1286 393 0
1801 393 0
1802 393 0
1805 393 0
1806 393 0
632 394 0
633 394 0
634 394 0
635 394 0
843 394 0
844 394 0
845 394 0
846 394 0
902 394 0
903 394 0
905 394 0
906 394 0
966 394 0
967 394 0
968 394 0
969 394 0
1005 394 0
1006 394 0
1007 394 0
1008 394 0
1009 394 0
1010 394 0
1011 394 0
1012 394 0
1013 394 0
1014 394 0
1015 394 0
1016 394 0
1017 394 0
1018 394 0
1019 394 0
1280 394 0
1281 394 0
1284 394 0
1285 394 0
1801 394 0
1802 394 0
1804 394 0
1805 394 0
631 395 0
632 395 0
634 395 0
635 395 0
842 395 0
843 395 0
844 395 0
845 395 0
900 395 0
901 395 0
902 395 0
904 395 0
905 395 0
966 395 0
967 395 0
968 395 0
969 395 0
1004 395 0
1005 395 0
1006 395 0
1007 395 0
1008 395 0
1009 395 0
1010 395 0
1011 395 0
1012 395 0
1013 395 0
1014 395 0
1015 395 0
1016 395 0
1017 395 0
1018 395 0
1279 395 0
1280 395 0
1283 395 0
1284 395 0
1800 395 0
1801 395 0
1803 395 0
1804 395 0
630 396 0
631 396 0
635 396 0
636 396 0
840 396 0
841 396 0
842 396 0
843 396 0
844 396 0
888 396 0
889 396 0
890 396 0
897 396 0
898 396 0
899 396 0
900 396 0
901 396 0
903 396 0
904 396 0
966 396 0
967 396 0
968 396 0
969 396 0
1003 396 0
1004 396 0
1016 396 0
1017 396 0
1278 396 0
1279 396 0
1282 396 0
1283 396 0
1798 396 0
1799 396 0
1800 396 0
1803 396 0
1804 396 0
630 397 0
631 397 0
635 397 0
636 397 0
839 397 0
840 397 0
841 397 0
842 397 0
843 397 0
887 397 0
888 397 0
889 397 0
890 397 0
891 397 0
892 397 0
893 397 0
894 397 0
895 397 0
896 397 0
897 397 0
898 397 0
899 397 0
902 397 0
903 397 0
966 397 0
967 397 0
968 397 0
969 397 0
1003 397 0
1004 397 0
1014 397 0
1016 397 0
1017 397 0
1277 397 0
1278 397 0
1281 397 0
1282 397 0
1797 397 0
1798 397 0
1799 397 0
1802 397 0
1803 397 0
630 398 0
631 398 0
635 398 0
636 398 0
838 398 0
839 398 0
840 398 0
841 398 0
842 398 0
887 398 0
888 398 0
889 398 0
890 398 0
891 398 0
892 398 0
893 398 0
894 398 0
895 398 0
896 398 0
897 398 0
900 398 0
901 398 0
902 398 0
965 398 0
966 398 0
967 398 0
968 398 0
1001 398 0
1002 398 0
1003 398 0
1010 398 0
1011 398 0
1012 398 0
1013 398 0
1014 398 0
1015 398 0
1016 398 0
1276 398 0
1277 398 0
1280 398 0
1281 398 0
1796 398 0
1797 398 0
1800 398 0
1801 398 0
1802 398 0
629 399 0
630 399 0
635 399 0
636 399 0
837 399 0
838 399 0
839 399 0
840 399 0
841 399 0
886 399 0
887 399 0
889 399 0
892 399 0
893 399 0
894 399 0
895 399 0
896 399 0
897 399 0
898 399 0
899 399 0
900 399 0
901 399 0
965 399 0
966 399 0
967 399 0
968 399 0
998 399 0
999 399 0
1000 399 0
1001 399 0
1002 399 0
1007 399 0
1008 399 0
1009 399 0
1010 399 0
1011 399 0
1012 399 0
1013 399 0
1015 399 0
1275 399 0
1276 399 0
1279 399 0
1280 399 0
1794 399 0
1795 399 0
1796 399 0
1799 399 0
1800 399 0
1801 399 0
628 400 0
629 400 0
634 400 0
635 400 0
836 400 0
837 400 0
838 400 0
839 400 0
887 400 0
888 400 0
889 400 0
890 400 0
891 400 0
892 400 0
893 400 0
898 400 0
899 400 0
965 400 0
966 400 0
967 400 0
968 400 0
997 400 0
998 400 0
999 400 0
1000 400 0
1001 400 0
1004 400 0
1005 400 0
1006 400 0
1007 400 0
1008 400 0
1009 400 0
1274 400 0
1275 400 0
1278 400 0
1279 400 0
1793 400 0
1794 400 0
1795 400 0
1798 400 0
1799 400 0
628 401 0
629 401 0
634 401 0
635 401 0
835 401 0
836 401 0
837 401 0
838 401 0
887 401 0
888 401 0
889 401 0
890 401 0
891 401 0
965 401 0
966 401 0
967 401 0
994 401 0
995 401 0
996 401 0
997 401 0
998 401 0
999 401 0
1000 401 0
1001 401 0
1002 401 0
1003 401 0
1004 401 0
1005 401 0
1006 401 0
1273 401 0
1274 401 0
1277 401 0
1278 401 0
1792 401 0
1793 401 0
1796 401 0
1797 401 0
1798 401 0
628 402 0
629 402 0
632 402 0
633 402 0
634 402 0
834 402 0
835 402 0
837 402 0
838 402 0
887 402 0
888 402 0
889 402 0
965 402 0
966 402 0
967 402 0
993 402 0
994 402 0
995 402 0
996 402 0
997 402 0
998 402 0
1002 402 0
1003 402 0
1272 402 0
1273 402 0
1276 402 0
1277 402 0
1792 402 0
1793 402 0
1795 402 0
1796 402 0
1797 402 0
628 403 0
629 403 0
630 403 0
631 403 0
632 403 0
633 403 0
833 403 0
834 403 0
836 403 0
837 403 0
886 403 0
887 403 0
888 403 0
889 403 0
964 403 0
965 403 0
966 403 0
967 403 0
993 403 0
994 403 0
996 403 0
997 403 0
1271 403 0
1272 403 0
1275 403 0
1276 403 0
1791 403 0
1792 403 0
1794 403 0
1795 403 0
627 404 0
628 404 0
629 404 0
630 404 0
631 404 0
832 404 0
833 404 0
835 404 0
836 404 0
886 404 0
887 404 0
888 404 0
963 404 0
964 404 0
965 404 0
966 404 0
992 404 0
993 404 0
995 404 0
996 404 0
1270 404 0
1271 404 0
1274 404 0
1275 404 0
1790 404 0
1791 404 0
1794 404 0
1795 404 0
626 405 0
627 405 0
628 405 0
629 405 0
831 405 0
832 405 0
834 405 0
835 405 0
885 405 0
886 405 0
887 405 0
888 405 0
962 405 0
963 405 0
964 405 0
965 405 0
991 405 0
992 405 0
993 405 0
994 405 0
995 405 0
1269 405 0
1270 405 0
1273 405 0
1274 405 0
1789 405 0
1790 405 0
1793 405 0
1794 405 0
626 406 0
627 406 0
628 406 0
831 406 0
832 406 0
833 406 0
834 406 0
884 406 0
885 406 0
886 406 0
887 406 0
961 406 0
962 406 0
963 406 0
964 406 0
990 406 0
991 406 0
992 406 0
993 406 0
994 406 0
995 406 0
1268 406 0
1269 406 0
1272 406 0
1273 406 0
1789 406 0
1790 406 0
1792 406 0
1793 406 0
625 407 0
626 407 0
627 407 0
628 407 0
831 407 0
832 407 0
833 407 0
883 407 0
884 407 0
886 407 0
887 407 0
959 407 0
960 407 0
961 407 0
962 407 0
963 407 0
989 407 0
990 407 0
993 407 0
994 407 0
1266 407 0
1267 407 0
1268 407 0
1271 407 0
1272 407 0
1788 407 0
1789 407 0
1792 407 0
1793 407 0
625 408 0
626 408 0
627 408 0
628 408 0
830 408 0
831 408 0
832 408 0
833 408 0
882 408 0
883 408 0
884 408 0
885 408 0
886 408 0
958 408 0
959 408 0
960 408 0
961 408 0
962 408 0
988 408 0
989 408 0
992 408 0
993 408 0
1265 408 0
1266 408 0
1267 408 0
1270 408 0
1271 408 0
1788 408 0
1789 408 0
1791 408 0
1792 408 0
624 409 0
625 409 0
626 409 0
627 409 0
829 409 0
830 409 0
831 409 0
832 409 0
881 409 0
882 409 0
883 409 0
884 409 0
885 409 0
957 409 0
958 409 0
959 409 0
960 409 0
961 409 0
988 409 0
989 409 0
992 409 0
993 409 0
1264 409 0
1265 409 0
1268 409 0
1269 409 0
1270 409 0
1787 409 0
1788 409 0
1791 409 0
1792 409 0
623 410 0
624 410 0
626 410 0
627 410 0
829 410 0
830 410 0
831 410 0
881 410 0
882 410 0
883 410 0
884 410 0
956 410 0
957 410 0
958 410 0
959 410 0
988 410 0
989 410 0
991 410 0
992 410 0
1263 410 0
1264 410 0
1267 410 0
1268 410 0
1269 410 0
1786 410 0
1787 410 0
1790 410 0
1791 410 0
623 411 0
624 411 0
625 411 0
626 411 0
828 411 0
829 411 0
830 411 0
831 411 0
880 411 0
881 411 0
882 411 0
883 411 0
955 411 0
956 411 0
957 411 0
958 411 0
987 411 0
988 411 0
991 411 0
992 411 0
1259 411 0
1260 411 0
1261 411 0
1262 411 0
1263 411 0
1266 411 0
1267 411 0
1785 411 0
1786 411 0
1789 411 0
1790 411 0
622 412 0
623 412 0
625 412 0
626 412 0
827 412 0
828 412 0
829 412 0
830 412 0
879 412 0
880 412 0
881 412 0
882 412 0
954 412 0
955 412 0
956 412 0
957 412 0
987 412 0
988 412 0
990 412 0
991 412 0
1257 412 0
1258 412 0
1259 412 0
1260 412 0
1261 412 0
1262 412 0
1265 412 0
1266 412 0
1784 412 0
1785 412 0
1788 412 0
1789 412 0
621 413 0
622 413 0
624 413 0
625 413 0
827 413 0
828 413 0
829 413 0
830 413 0
878 413 0
879 413 0
880 413 0
881 413 0
953 413 0
954 413 0
955 413 0
956 413 0
987 413 0
988 413 0
989 413 0
990 413 0
1254 413 0
1255 413 0
1256 413 0
1257 413 0
1258 413 0
1264 413 0
1265 413 0
1784 413 0
1785 413 0
1787 413 0
1788 413 0
621 414 0
622 414 0
623 414 0
624 414 0
826 414 0
827 414 0
828 414 0
829 414 0
877 414 0
878 414 0
880 414 0
881 414 0
952 414 0
953 414 0
954 414 0
955 414 0
986 414 0
987 414 0
988 414 0
989 414 0
1251 414 0
1252 414 0
1253 414 0
1254 414 0
1255 414 0
1256 414 0
1263 414 0
1264 414 0
1783 414 0
1784 414 0
1786 414 0
1787 414 0
620 415 0
621 415 0
622 415 0
623 415 0
826 415 0
827 415 0
828 415 0
829 415 0
876 415 0
877 415 0
879 415 0
880 415 0
951 415 0
952 415 0
953 415 0
954 415 0
986 415 0
987 415 0
988 415 0
989 415 0
1249 415 0
1250 415 0
1251 415 0
1252 415 0
1253 415 0
1263 415 0
1264 415 0
1782 415 0
1783 415 0
1786 415 0
1787 415 0
618 416 0
619 416 0
620 416 0
621 416 0
622 416 0
825 416 0
826 416 0
827 416 0
828 416 0
876 416 0
877 416 0
878 416 0
879 416 0
951 416 0
952 416 0
953 416 0
985 416 0
986 416 0
987 416 0
988 416 0
1247 416 0
1248 416 0
1249 416 0
1250 416 0
1254 416 0
1255 416 0
1261 416 0
1262 416 0
1263 416 0
1782 416 0
1783 416 0
1785 416 0
1786 416 0
617 417 0
618 417 0
619 417 0
620 417 0
621 417 0
825 417 0
826 417 0
827 417 0
828 417 0
875 417 0
876 417 0
877 417 0
878 417 0
950 417 0
951 417 0
952 417 0
953 417 0
985 417 0
986 417 0
987 417 0
1246 417 0
1247 417 0
1248 417 0
1251 417 0
1252 417 0
1253 417 0
1254 417 0
1255 417 0
1256 417 0
1260 417 0
1261 417 0
1262 417 0
1782 417 0
1783 417 0
1785 417 0
1786 417 0
615 418 0
616 418 0
617 418 0
619 418 0
620 418 0
824 418 0
825 418 0
826 418 0
827 418 0
874 418 0
875 418 0
876 418 0
877 418 0
950 418 0
951 418 0
952 418 0
984 418 0
985 418 0
986 418 0
987 418 0
1245 418 0
1246 418 0
1249 418 0
1250 418 0
1251 418 0
1252 418 0
1253 418 0
1256 418 0
1257 418 0
1258 418 0
1259 418 0
1260 418 0
1782 418 0
1783 418 0
1785 418 0
1786 418 0
614 419 0
615 419 0
616 419 0
618 419 0
619 419 0
824 419 0
825 419 0
826 419 0
827 419 0
873 419 0
874 419 0
875 419 0
876 419 0
949 419 0
950 419 0
951 419 0
952 419 0
984 419 0
985 419 0
986 419 0
1244 419 0
1245 419 0
1248 419 0
1249 419 0
1250 419 0
1257 419 0
1258 419 0
1259 419 0
1782 419 0
1783 419 0
1785 419 0
1786 419 0
614 420 0
615 420 0
616 420 0
617 420 0
618 420 0
823 420 0
824 420 0
825 420 0
826 420 0
872 420 0
873 420 0
874 420 0
875 420 0
948 420 0
949 420 0
950 420 0
951 420 0
983 420 0
984 420 0
985 420 0
986 420 0
1243 420 0
1244 420 0
1247 420 0
1248 420 0
1249 420 0
1782 420 0
1783 420 0
1785 420 0
1786 420 0
613 421 0
614 421 0
615 421 0
616 421 0
617 421 0
823 421 0
824 421 0
825 421 0
826 421 0
872 421 0
873 421 0
874 421 0
875 421 0
948 421 0
949 421 0
950 421 0
982 421 0
983 421 0
984 421 0
985 421 0
1242 421 0
1243 421 0
1248 421 0
1249 421 0
1250 421 0
1782 421 0
1783 421 0
1785 421 0
1786 421 0
613 422 0
614 422 0
615 422 0
822 422 0
823 422 0
824 422 0
825 422 0
871 422 0
872 422 0
873 422 0
874 422 0
947 422 0
948 422 0
949 422 0
950 422 0
981 422 0
982 422 0
983 422 0
984 422 0
1242 422 0
1243 422 0
1250 422 0
1251 422 0
1782 422 0
1783 422 0
1785 422 0
1786 422 0
612 423 0
613 423 0
614 423 0
615 423 0
822 423 0
823 423 0
824 423 0
825 423 0
869 423 0
870 423 0
871 423 0
872 423 0
873 423 0
947 423 0
948 423 0
949 423 0
981 423 0
982 423 0
983 423 0
1242 423 0
1243 423 0
1249 423 0
1250 423 0
1781 423 0
1782 423 0
1783 423 0
1785 423 0
1786 423 0
612 424 0
613 424 0
614 424 0
615 424 0
822 424 0
823 424 0
824 424 0
868 424 0
869 424 0
870 424 0
871 424 0
872 424 0
946 424 0
947 424 0
948 424 0
949 424 0
980 424 0
981 424 0
982 424 0
983 424 0
1242 424 0
1243 424 0
1248 424 0
1249 424 0
1778 424 0
1779 424 0
1780 424 0
1781 424 0
1782 424 0
1785 424 0
1786 424 0
612 425 0
613 425 0
614 425 0
615 425 0
821 425 0
822 425 0
823 425 0
824 425 0
867 425 0
868 425 0
869 425 0
870 425 0
871 425 0
945 425 0
946 425 0
948 425 0
949 425 0
979 425 0
980 425 0
981 425 0
982 425 0
1241 425 0
1242 425 0
1247 425 0
1248 425 0
1776 425 0
1777 425 0
1778 425 0
1779 425 0
1780 425 0
1784 425 0
1785 425 0
612 426 0
613 426 0
614 426 0
821 426 0
822 426 0
823 426 0
865 426 0
866 426 0
867 426 0
868 426 0
869 426 0
945 426 0
946 426 0
947 426 0
948 426 0
979 426 0
980 426 0
981 426 0
1241 426 0
1242 426 0
1247 426 0
1248 426 0
1775 426 0
1776 426 0
1777 426 0
1781 426 0
1782 426 0
1783 426 0
1784 426 0
611 427 0
612 427 0
613 427 0
614 427 0
821 427 0
822 427 0
823 427 0
864 427 0
865 427 0
866 427 0
867 427 0
868 427 0
944 427 0
945 427 0
947 427 0
948 427 0
978 427 0
979 427 0
980 427 0
981 427 0
1241 427 0
1242 427 0
1246 427 0
1247 427 0
1774 427 0
1775 427 0
1778 427 0
1779 427 0
1780 427 0
1781 427 0
1782 427 0
1783 427 0
611 428 0
612 428 0
613 428 0
614 428 0
820 428 0
821 428 0
822 428 0
823 428 0
862 428 0
863 428 0
864 428 0
866 428 0
867 428 0
944 428 0
945 428 0
946 428 0
947 428 0
977 428 0
978 428 0
979 428 0
980 428 0
1241 428 0
1242 428 0
1245 428 0
1246 428 0
1774 428 0
1775 428 0
1777 428 0
1778 428 0
1779 428 0
1780 428 0
611 429 0
612 429 0
613 429 0
820 429 0
821 429 0
822 429 0
860 429 0
861 429 0
862 429 0
863 429 0
864 429 0
865 429 0
866 429 0
943 429 0
944 429 0
946 429 0
947 429 0
976 429 0
977 429 0
978 429 0
979 429 0
1241 429 0
1242 429 0
1244 429 0
1245 429 0
1773 429 0
1774 429 0
1777 429 0
1778 429 0
610 430 0
611 430 0
612 430 0
613 430 0
819 430 0
820 430 0
821 430 0
822 430 0
857 430 0
858 430 0
859 430 0
860 430 0
861 430 0
862 430 0
863 430 0
864 430 0
865 430 0
943 430 0
944 430 0
945 430 0
946 430 0
975 430 0
976 430 0
977 430 0
978 430 0
1241 430 0
1242 430 0
1244 430 0
1245 430 0
1772 430 0
1773 430 0
1776 430 0
1777 430 0
609 431 0
610 431 0
611 431 0
612 431 0
819 431 0
820 431 0
821 431 0
822 431 0
856 431 0
857 431 0
858 431 0
859 431 0
860 431 0
861 431 0
862 431 0
863 431 0
942 431 0
943 431 0
945 431 0
946 431 0
975 431 0
976 431 0
977 431 0
978 431 0
1241 431 0
1242 431 0
1244 431 0
1245 431 0
1771 431 0
1772 431 0
1775 431 0
1776 431 0
609 432 0
610 432 0
611 432 0
818 432 0
819 432 0
820 432 0
821 432 0
855 432 0
856 432 0
857 432 0
858 432 0
859 432 0
860 432 0
942 432 0
943 432 0
944 432 0
945 432 0
975 432 0
976 432 0
977 432 0
1241 432 0
1242 432 0
1244 432 0
1245 432 0
1771 432 0
1772 432 0
1774 432 0
1775 432 0
608 433 0
609 433 0
610 433 0
611 433 0
818 433 0
819 433 0
820 433 0
821 433 0
855 433 0
856 433 0
857 433 0
858 433 0
941 433 0
942 433 0
943 433 0
944 433 0
975 433 0
976 433 0
977 433 0
1241 433 0
1242 433 0
1244 433 0
1245 433 0
1770 433 0
1771 433 0
1773 433 0
1774 433 0
608 434 0
609 434 0
610 434 0
611 434 0
817 434 0
818 434 0
820 434 0
821 434 0
854 434 0
855 434 0
856 434 0
857 434 0
941 434 0
942 434 0
943 434 0
944 434 0
974 434 0
975 434 0
977 434 0
978 434 0
1241 434 0
1242 434 0
1244 434 0
1245 434 0
1769 434 0
1770 434 0
1773 434 0
1774 434 0
608 435 0
609 435 0
610 435 0
817 435 0
818 435 0
819 435 0
820 435 0
853 435 0
854 435 0
855 435 0
856 435 0
939 435 0
940 435 0
941 435 0
942 435 0
943 435 0
974 435 0
975 435 0
977 435 0
978 435 0
1241 435 0
1242 435 0
1244 435 0
1245 435 0
1768 435 0
1769 435 0
1772 435 0
1773 435 0
607 436 0
608 436 0
609 436 0
610 436 0
816 436 0
817 436 0
818 436 0
819 436 0
853 436 0
854 436 0
855 436 0
938 436 0
939 436 0
940 436 0
942 436 0
943 436 0
974 436 0
975 436 0
977 436 0
978 436 0
1241 436 0
1242 436 0
1244 436 0
1245 436 0
1767 436 0
1768 436 0
1771 436 0
1772 436 0
607 437 0
608 437 0
609 437 0
610 437 0
816 437 0
817 437 0
818 437 0
819 437 0
852 437 0
853 437 0
854 437 0
855 437 0
936 437 0
937 437 0
938 437 0
942 437 0
943 437 0
973 437 0
974 437 0
975 437 0
976 437 0
977 437 0
1240 437 0
1241 437 0
1244 437 0
1245 437 0
1766 437 0
1767 437 0
1770 437 0
1771 437 0
607 438 0
608 438 0
609 438 0
610 438 0
815 438 0
816 438 0
818 438 0
819 438 0
852 438 0
853 438 0
854 438 0
935 438 0
936 438 0
937 438 0
941 438 0
942 438 0
973 438 0
974 438 0
975 438 0
976 438 0
1240 438 0
1241 438 0
1244 438 0
1245 438 0
1766 438 0
1767 438 0
1769 438 0
1770 438 0
607 439 0
608 439 0
609 439 0
610 439 0
814 439 0
815 439 0
816 439 0
817 439 0
818 439 0
851 439 0
852 439 0
853 439 0
854 439 0
934 439 0
935 439 0
941 439 0
942 439 0
973 439 0
974 439 0
975 439 0
1240 439 0
1241 439 0
1244 439 0
1245 439 0
1766 439 0
1767 439 0
1769 439 0
1770 439 0
607 440 0
608 440 0
609 440 0
812 440 0
813 440 0
814 440 0
815 440 0
817 440 0
818 440 0
850 440 0
851 440 0
852 440 0
853 440 0
933 440 0
934 440 0
941 440 0
942 440 0
973 440 0
974 440 0
975 440 0
1240 440 0
1241 440 0
1245 440 0
1246 440 0
1766 440 0
1767 440 0
1769 440 0
1770 440 0
606 441 0
607 441 0
608 441 0
609 441 0
808 441 0
809 441 0
810 441 0
811 441 0
812 441 0
813 441 0
815 441 0
816 441 0
817 441 0
850 441 0
851 441 0
852 441 0
932 441 0
933 441 0
937 441 0
941 441 0
942 441 0
972 441 0
973 441 0
974 441 0
975 441 0
1239 441 0
1240 441 0
1245 441 0
1246 441 0
1766 441 0
1767 441 0
1769 441 0
1770 441 0
605 442 0
606 442 0
607 442 0
608 442 0
609 442 0
807 442 0
808 442 0
809 442 0
810 442 0
811 442 0
812 442 0
813 442 0
814 442 0
815 442 0
816 442 0
849 442 0
850 442 0
851 442 0
852 442 0
932 442 0
933 442 0
936 442 0
937 442 0
938 442 0
942 442 0
943 442 0
972 442 0
973 442 0
974 442 0
1237 442 0
1238 442 0
1239 442 0
1242 442 0
1243 442 0
1244 442 0
1245 442 0
1766 442 0
1767 442 0
1769 442 0
1770 442 0
605 443 0
606 443 0
608 443 0
609 443 0
806 443 0
807 443 0
808 443 0
809 443 0
810 443 0
811 443 0
812 443 0
813 443 0
814 443 0
848 443 0
849 443 0
850 443 0
851 443 0
931 443 0
932 443 0
935 443 0
936 443 0
938 443 0
939 443 0
940 443 0
941 443 0
942 443 0
972 443 0
973 443 0
974 443 0
1236 443 0
1237 443 0
1238 443 0
1241 443 0
1242 443 0
1243 443 0
1244 443 0
1766 443 0
1767 443 0
1769 443 0
1770 443 0
604 444 0
605 444 0
608 444 0
609 444 0
806 444 0
807 444 0
808 444 0
809 444 0
810 444 0
847 444 0
848 444 0
850 444 0
851 444 0
931 444 0
932 444 0
934 444 0
935 444 0
939 444 0
940 444 0
941 444 0
972 444 0
973 444 0
974 444 0
1234 444 0
1235 444 0
1236 444 0
1239 444 0
1240 444 0
1241 444 0
1766 444 0
1767 444 0
1769 444 0
1770 444 0
603 445 0
604 445 0
607 445 0
608 445 0
805 445 0
806 445 0
807 445 0
808 445 0
846 445 0
847 445 0
849 445 0
850 445 0
930 445 0
931 445 0
933 445 0
934 445 0
972 445 0
973 445 0
974 445 0
1233 445 0
1234 445 0
1235 445 0
1238 445 0
1239 445 0
1240 445 0
1766 445 0
1767 445 0
1769 445 0
1770 445 0
602 446 0
603 446 0
606 446 0
607 446 0
803 446 0
804 446 0
805 446 0
806 446 0
807 446 0
808 446 0
845 446 0
846 446 0
848 446 0
849 446 0
929 446 0
930 446 0
931 446 0
932 446 0
933 446 0
970 446 0
971 446 0
972 446 0
973 446 0
974 446 0
1233 446 0
1234 446 0
1237 446 0
1238 446 0
1766 446 0
1767 446 0
1769 446 0
1770 446 0
601 447 0
602 447 0
603 447 0
604 447 0
605 447 0
606 447 0
801 447 0
802 447 0
803 447 0
804 447 0
805 447 0
806 447 0
807 447 0
844 447 0
845 447 0
847 447 0
848 447 0
927 447 0
928 447 0
929 447 0
930 447 0
931 447 0
932 447 0
933 447 0
969 447 0
970 447 0
971 447 0
973 447 0
974 447 0
1232 447 0
1233 447 0
1236 447 0
1237 447 0
1766 447 0
1767 447 0
1769 447 0
1770 447 0
600 448 0
601 448 0
602 448 0
603 448 0
604 448 0
605 448 0
800 448 0
801 448 0
802 448 0
803 448 0
804 448 0
805 448 0
806 448 0
844 448 0
845 448 0
846 448 0
847 448 0
919 448 0
920 448 0
921 448 0
922 448 0
923 448 0
924 448 0
925 448 0
926 448 0
927 448 0
928 448 0
929 448 0
930 448 0
931 448 0
932 448 0
969 448 0
970 448 0
972 448 0
973 448 0
1231 448 0
1232 448 0
1235 448 0
1236 448 0
1766 448 0
1767 448 0
1769 448 0
1770 448 0
599 449 0
600 449 0
601 449 0
602 449 0
799 449 0
800 449 0
801 449 0
802 449 0
803 449 0
843 449 0
844 449 0
845 449 0
846 449 0
917 449 0
918 449 0
919 449 0
920 449 0
921 449 0
922 449 0
923 449 0
924 449 0
925 449 0
926 449 0
927 449 0
928 449 0
929 449 0
930 449 0
931 449 0
969 449 0
970 449 0
972 449 0
973 449 0
1231 449 0
1232 449 0
1234 449 0
1235 449 0
1766 449 0
1767 449 0
1769 449 0
1770 449 0
599 450 0
600 450 0
601 450 0
799 450 0
800 450 0
801 450 0
842 450 0
843 450 0
844 450 0
845 450 0
915 450 0
916 450 0
917 450 0
918 450 0
919 450 0
920 450 0
921 450 0
922 450 0
923 450 0
924 450 0
925 450 0
926 450 0
927 450 0
928 450 0
929 450 0
930 450 0
968 450 0
969 450 0
972 450 0
973 450 0
1230 450 0
1231 450 0
1234 450 0
1235 450 0
1766 450 0
1767 450 0
1769 450 0
1770 450 0
598 451 0
599 451 0
600 451 0
601 451 0
798 451 0
799 451 0
800 451 0
801 451 0
841 451 0
842 451 0
843 451 0
844 451 0
914 451 0
915 451 0
916 451 0
917 451 0
918 451 0
919 451 0
924 451 0
925 451 0
968 451 0
969 451 0
972 451 0
973 451 0
1230 451 0
1231 451 0
1233 451 0
1234 451 0
1765 451 0
1766 451 0
1768 451 0
1769 451 0
598 452 0
599 452 0
600 452 0
601 452 0
795 452 0
796 452 0
797 452 0
798 452 0
799 452 0
800 452 0
840 452 0
841 452 0
842 452 0
843 452 0
912 452 0
913 452 0
914 452 0
916 452 0
917 452 0
968 452 0
969 452 0
972 452 0
973 452 0
1229 452 0
1230 452 0
1233 452 0
1234 452 0
1765 452 0
1766 452 0
1768 452 0
1769 452 0
597 453 0
598 453 0
599 453 0
600 453 0
793 453 0
794 453 0
795 453 0
796 453 0
797 453 0
798 453 0
799 453 0
839 453 0
840 453 0
841 453 0
842 453 0
911 453 0
912 453 0
913 453 0
915 453 0
916 453 0
966 453 0
967 453 0
968 453 0
969 453 0
972 453 0
973 453 0
1229 453 0
1230 453 0
1232 453 0
1233 453 0
1765 453 0
1766 453 0
1768 453 0
1769 453 0
597 454 0
598 454 0
599 454 0
600 454 0
792 454 0
793 454 0
794 454 0
798 454 0
799 454 0
838 454 0
839 454 0
840 454 0
841 454 0
911 454 0
912 454 0
914 454 0
915 454 0
965 454 0
966 454 0
967 454 0
968 454 0
971 454 0
972 454 0
1228 454 0
1229 454 0
1232 454 0
1233 454 0
1764 454 0
1765 454 0
1768 454 0
1769 454 0
597 455 0
598 455 0
599 455 0
600 455 0
792 455 0
793 455 0
797 455 0
798 455 0
837 455 0
838 455 0
839 455 0
840 455 0
911 455 0
912 455 0
914 455 0
915 455 0
965 455 0
966 455 0
969 455 0
970 455 0
971 455 0
1228 455 0
1229 455 0
1231 455 0
1232 455 0
1764 455 0
1765 455 0
1767 455 0
1768 455 0
596 456 0
597 456 0
598 456 0
599 456 0
791 456 0
792 456 0
797 456 0
798 456 0
836 456 0
837 456 0
838 456 0
839 456 0
911 456 0
912 456 0
914 456 0
915 456 0
965 456 0
966 456 0
968 456 0
969 456 0
970 456 0
1227 456 0
1228 456 0
1231 456 0
1232 456 0
1763 456 0
1764 456 0
1767 456 0
1768 456 0
596 457 0
597 457 0
598 457 0
599 457 0
791 457 0
792 457 0
796 457 0
797 457 0
836 457 0
837 457 0
838 457 0
910 457 0
911 457 0
912 457 0
913 457 0
914 457 0
965 457 0
966 457 0
967 457 0
968 457 0
1227 457 0
1228 457 0
1230 457 0
1231 457 0
1763 457 0
1764 457 0
1766 457 0
1767 457 0
595 458 0
596 458 0
597 458 0
598 458 0
791 458 0
792 458 0
796 458 0
797 458 0
835 458 0
836 458 0
837 458 0
838 458 0
910 458 0
911 458 0
912 458 0
913 458 0
964 458 0
965 458 0
966 458 0
967 458 0
1227 458 0
1228 458 0
1230 458 0
1231 458 0
1763 458 0
1764 458 0
1766 458 0
1767 458 0
595 459 0
596 459 0
597 459 0
791 459 0
792 459 0
796 459 0
797 459 0
834 459 0
835 459 0
836 459 0
837 459 0
909 459 0
910 459 0
911 459 0
912 459 0
964 459 0
965 459 0
966 459 0
1226 459 0
1227 459 0
1229 459 0
1230 459 0
1762 459 0
1763 459 0
1766 459 0
1767 459 0
595 460 0
596 460 0
597 460 0
598 460 0
790 460 0
791 460 0
795 460 0
796 460 0
831 460 0
832 460 0
833 460 0
834 460 0
835 460 0
836 460 0
909 460 0
910 460 0
911 460 0
963 460 0
964 460 0
965 460 0
966 460 0
1226 460 0
1227 460 0
1229 460 0
1230 460 0
1761 460 0
1762 460 0
1765 460 0
1766 460 0
595 461 0
596 461 0
597 461 0
598 461 0
790 461 0
791 461 0
795 461 0
796 461 0
829 461 0
830 461 0
831 461 0
832 461 0
833 461 0
834 461 0
835 461 0
908 461 0
909 461 0
910 461 0
911 461 0
963 461 0
964 461 0
965 461 0
966 461 0
1225 461 0
1226 461 0
1228 461 0
1229 461 0
1761 461 0
1762 461 0
1764 461 0
1765 461 0
594 462 0
595 462 0
597 462 0
598 462 0
791 462 0
792 462 0
795 462 0
796 462 0
828 462 0
829 462 0
830 462 0
831 462 0
832 462 0
833 462 0
834 462 0
908 462 0
909 462 0
910 462 0
963 462 0
964 462 0
965 462 0
966 462 0
1225 462 0
1226 462 0
1228 462 0
1229 462 0
1761 462 0
1762 462 0
1764 462 0
1765 462 0
594 463 0
595 463 0
597 463 0
598 463 0
787 463 0
788 463 0
789 463 0
790 463 0
791 463 0
795 463 0
796 463 0
826 463 0
827 463 0
828 463 0
829 463 0
830 463 0
831 463 0
832 463 0
907 463 0
908 463 0
909 463 0
910 463 0
962 463 0
963 463 0
965 463 0
966 463 0
1225 463 0
1226 463 0
1228 463 0
1229 463 0
1760 463 0
1761 463 0
1764 463 0
1765 463 0
593 464 0
594 464 0
596 464 0
597 464 0
784 464 0
785 464 0
786 464 0
787 464 0
788 464 0
789 464 0
790 464 0
791 464 0
792 464 0
793 464 0
794 464 0
795 464 0
825 464 0
826 464 0
827 464 0
828 464 0
829 464 0
830 464 0
906 464 0
907 464 0
908 464 0
909 464 0
962 464 0
963 464 0
965 464 0
966 464 0
1225 464 0
1226 464 0
1228 464 0
1229 464 0
1759 464 0
1760 464 0
1763 464 0
1764 464 0
592 465 0
593 465 0
596 465 0
597 465 0
778 465 0
779 465 0
780 465 0
781 465 0
782 465 0
783 465 0
784 465 0
785 465 0
786 465 0
787 465 0
788 465 0
789 465 0
790 465 0
791 465 0
792 465 0
793 465 0
794 465 0
824 465 0
825 465 0
827 465 0
828 465 0
906 465 0
907 465 0
908 465 0
909 465 0
962 465 0
963 465 0
965 465 0
966 465 0
1224 465 0
1225 465 0
1228 465 0
1229 465 0
1759 465 0
1760 465 0
1762 465 0
1763 465 0
592 466 0
593 466 0
595 466 0
596 466 0
775 466 0
776 466 0
777 466 0
778 466 0
779 466 0
780 466 0
781 466 0
782 466 0
783 466 0
784 466 0
785 466 0
786 466 0
787 466 0
788 466 0
789 466 0
823 466 0
824 466 0
825 466 0
826 466 0
827 466 0
905 466 0
906 466 0
908 466 0
909 466 0
962 466 0
963 466 0
966 466 0
967 466 0
1224 466 0
1225 466 0
1227 466 0
1228 466 0
1758 466 0
1759 466 0
1762 466 0
1763 466 0
591 467 0
592 467 0
594 467 0
595 467 0
772 467 0
773 467 0
774 467 0
775 467 0
776 467 0
777 467 0
778 467 0
779 467 0
780 467 0
781 467 0
782 467 0
783 467 0
784 467 0
822 467 0
823 467 0
824 467 0
825 467 0
826 467 0
904 467 0
905 467 0
907 467 0
908 467 0
963 467 0
964 467 0
967 467 0
968 467 0
1224 467 0
1225 467 0
1227 467 0
1228 467 0
1758 467 0
1759 467 0
1761 467 0
1762 467 0
591 468 0
592 468 0
594 468 0
595 468 0
770 468 0
771 468 0
772 468 0
773 468 0
774 468 0
775 468 0
776 468 0
777 468 0
778 468 0
779 468 0
780 468 0
822 468 0
823 468 0
824 468 0
904 468 0
905 468 0
906 468 0
907 468 0
962 468 0
963 468 0
965 468 0
966 468 0
967 468 0
1223 468 0
1224 468 0
1227 468 0
1228 468 0
1757 468 0
1758 468 0
1761 468 0
1762 468 0
590 469 0
591 469 0
593 469 0
594 469 0
769 469 0
770 469 0
771 469 0
772 469 0
773 469 0
774 469 0
775 469 0
821 469 0
822 469 0
823 469 0
824 469 0
903 469 0
904 469 0
905 469 0
906 469 0
962 469 0
963 469 0
964 469 0
965 469 0
966 469 0
1222 469 0
1223 469 0
1226 469 0
1227 469 0
1757 469 0
1758 469 0
1760 469 0
1761 469 0
590 470 0
591 470 0
593 470 0
594 470 0
767 470 0
768 470 0
769 470 0
770 470 0
771 470 0
772 470 0
773 470 0
820 470 0
821 470 0
822 470 0
823 470 0
903 470 0
904 470 0
905 470 0
906 470 0
960 470 0
961 470 0
962 470 0
963 470 0
964 470 0
1221 470 0
1222 470 0
1225 470 0
1226 470 0
1756 470 0
1757 470 0
1759 470 0
1760 470 0
590 471 0
591 471 0
592 471 0
593 471 0
766 471 0
767 471 0
768 471 0
769 471 0
770 471 0
771 471 0
820 471 0
821 471 0
822 471 0
902 471 0
903 471 0
904 471 0
905 471 0
959 471 0
960 471 0
961 471 0
962 471 0
963 471 0
1220 471 0
1221 471 0
1224 471 0
1225 471 0
1755 471 0
1756 471 0
1759 471 0
1760 471 0
590 472 0
591 472 0
592 472 0
593 472 0
764 472 0
765 472 0
766 472 0
767 472 0
768 472 0
769 472 0
770 472 0
819 472 0
820 472 0
821 472 0
822 472 0
901 472 0
902 472 0
903 472 0
904 472 0
958 472 0
959 472 0
960 472 0
961 472 0
962 472 0
1219 472 0
1220 472 0
1223 472 0
1224 472 0
1754 472 0
1755 472 0
1758 472 0
1759 472 0
590 473 0
591 473 0
592 473 0
593 473 0
762 473 0
763 473 0
764 473 0
765 473 0
766 473 0
767 473 0
768 473 0
819 473 0
820 473 0
821 473 0
900 473 0
901 473 0
903 473 0
904 473 0
956 473 0
957 473 0
958 473 0
959 473 0
960 473 0
1219 473 0
1220 473 0
1222 473 0
1223 473 0
1753 473 0
1754 473 0
1755 473 0
1757 473 0
1758 473 0
590 474 0
591 474 0
592 474 0
593 474 0
759 474 0
760 474 0
761 474 0
762 474 0
763 474 0
764 474 0
765 474 0
766 474 0
767 474 0
818 474 0
819 474 0
820 474 0
821 474 0
899 474 0
900 474 0
902 474 0
903 474 0
955 474 0
956 474 0
957 474 0
958 474 0
959 474 0
1218 474 0
1219 474 0
1222 474 0
1223 474 0
1752 474 0
1753 474 0
1754 474 0
1756 474 0
1757 474 0
588 475 0
589 475 0
590 475 0
592 475 0
593 475 0
754 475 0
755 475 0
756 475 0
757 475 0
758 475 0
759 475 0
760 475 0
761 475 0
762 475 0
763 475 0
764 475 0
817 475 0
818 475 0
819 475 0
820 475 0
897 475 0
898 475 0
899 475 0
901 475 0
902 475 0
954 475 0
955 475 0
956 475 0
957 475 0
958 475 0
1217 475 0
1218 475 0
1221 475 0
1222 475 0
1751 475 0
1752 475 0
1755 475 0
1756 475 0
587 476 0
588 476 0
589 476 0
592 476 0
593 476 0
745 476 0
746 476 0
747 476 0
748 476 0
749 476 0
750 476 0
751 476 0
752 476 0
753 476 0
754 476 0
755 476 0
756 476 0
757 476 0
758 476 0
759 476 0
760 476 0
761 476 0
762 476 0
817 476 0
818 476 0
819 476 0
820 476 0
896 476 0
897 476 0
898 476 0
900 476 0
901 476 0
953 476 0
954 476 0
955 476 0
956 476 0
1216 476 0
1217 476 0
1220 476 0
1221 476 0
1750 476 0
1751 476 0
1754 476 0
1755 476 0
586 477 0
587 477 0
592 477 0
593 477 0
740 477 0
741 477 0
742 477 0
743 477 0
744 477 0
745 477 0
746 477 0
747 477 0
748 477 0
749 477 0
750 477 0
751 477 0
752 477 0
753 477 0
754 477 0
755 477 0
756 477 0
757 477 0
758 477 0
759 477 0
817 477 0
818 477 0
819 477 0
894 477 0
895 477 0
896 477 0
898 477 0
899 477 0
900 477 0
952 477 0
953 477 0
954 477 0
955 477 0
1215 477 0
1216 477 0
1219 477 0
1220 477 0
1749 477 0
1750 477 0
1753 477 0
1754 477 0
585 478 0
586 478 0
592 478 0
593 478 0
737 478 0
738 478 0
739 478 0
740 478 0
741 478 0
742 478 0
743 478 0
744 478 0
745 478 0
746 478 0
747 478 0
748 478 0
749 478 0
750 478 0
751 478 0
752 478 0
753 478 0
754 478 0
817 478 0
818 478 0
819 478 0
893 478 0
894 478 0
895 478 0
897 478 0
898 478 0
899 478 0
952 478 0
953 478 0
954 478 0
955 478 0
1214 478 0
1215 478 0
1218 478 0
1219 478 0
1749 478 0
1750 478 0
1752 478 0
1753 478 0
585 479 0
586 479 0
592 479 0
593 479 0
735 479 0
736 479 0
737 479 0
738 479 0
739 479 0
740 479 0
741 479 0
742 479 0
743 479 0
744 479 0
745 479 0
746 479 0
816 479 0
817 479 0
818 479 0
819 479 0
892 479 0
893 479 0
895 479 0
896 479 0
897 479 0
951 479 0
952 479 0
953 479 0
954 479 0
1213 479 0
1214 479 0
1217 479 0
1218 479 0
1748 479 0
1749 479 0
1752 479 0
1753 479 0
585 480 0
586 480 0
587 480 0
591 480 0
592 480 0
734 480 0
735 480 0
736 480 0
738 480 0
739 480 0
740 480 0
741 480 0
742 480 0
816 480 0
817 480 0
818 480 0
891 480 0
892 480 0
893 480 0
894 480 0
895 480 0
896 480 0
950 480 0
951 480 0
952 480 0
953 480 0
1213 480 0
1214 480 0
1216 480 0
1217 480 0
1747 480 0
1748 480 0
1751 480 0
1752 480 0
586 481 0
587 481 0
588 481 0
591 481 0
592 481 0
732 481 0
733 481 0
734 481 0
736 481 0
737 481 0
738 481 0
739 481 0
816 481 0
817 481 0
818 481 0
889 481 0
890 481 0
891 481 0
892 481 0
893 481 0
894 481 0
950 481 0
951 481 0
952 481 0
953 481 0
1212 481 0
1213 481 0
1216 481 0
1217 481 0
1747 481 0
1748 481 0
1750 481 0
1751 481 0
588 482 0
589 482 0
592 482 0
593 482 0
594 482 0
730 482 0
731 482 0
732 482 0
733 482 0
734 482 0
735 482 0
736 482 0
737 482 0
815 482 0
816 482 0
817 482 0
818 482 0
888 482 0
889 482 0
890 482 0
891 482 0
892 482 0
950 482 0
951 482 0
952 482 0
1212 482 0
1213 482 0
1215 482 0
1216 482 0
1746 482 0
1747 482 0
1750 482 0
1751 482 0
589 483 0
590 483 0
593 483 0
594 483 0
595 483 0
729 483 0
730 483 0
731 483 0
732 483 0
733 483 0
734 483 0
735 483 0
814 483 0
815 483 0
816 483 0
817 483 0
887 483 0
888 483 0
891 483 0
892 483 0
949 483 0
950 483 0
951 483 0
952 483 0
1211 483 0
1212 483 0
1214 483 0
1215 483 0
1746 483 0
1747 483 0
1749 483 0
1750 483 0
590 484 0
591 484 0
595 484 0
596 484 0
728 484 0
729 484 0
730 484 0
731 484 0
732 484 0
813 484 0
814 484 0
815 484 0
816 484 0
817 484 0
887 484 0
888 484 0
890 484 0
891 484 0
949 484 0
950 484 0
951 484 0
1211 484 0
1212 484 0
1214 484 0
1215 484 0
1745 484 0
1746 484 0
1749 484 0
1750 484 0
591 485 0
592 485 0
595 485 0
596 485 0
727 485 0
728 485 0
729 485 0
730 485 0
813 485 0
814 485 0
815 485 0
816 485 0
886 485 0
887 485 0
889 485 0
890 485 0
949 485 0
950 485 0
951 485 0
1211 485 0
1212 485 0
1214 485 0
1215 485 0
1745 485 0
1746 485 0
1748 485 0
1749 485 0
592 486 0
593 486 0
595 486 0
596 486 0
726 486 0
727 486 0
728 486 0
729 486 0
812 486 0
813 486 0
814 486 0
815 486 0
886 486 0
887 486 0
888 486 0
889 486 0
949 486 0
950 486 0
951 486 0
1210 486 0
1211 486 0
1214 486 0
1215 486 0
1745 486 0
1746 486 0
1748 486 0
1749 486 0
593 487 0
594 487 0
595 487 0
596 487 0
725 487 0
726 487 0
727 487 0
728 487 0
812 487 0
813 487 0
814 487 0
885 487 0
886 487 0
887 487 0
888 487 0
949 487 0
950 487 0
951 487 0
1209 487 0
1210 487 0
1213 487 0
1214 487 0
1744 487 0
1745 487 0
1748 487 0
1749 487 0
594 488 0
595 488 0
596 488 0
724 488 0
725 488 0
726 488 0
727 488 0
812 488 0
813 488 0
814 488 0
885 488 0
886 488 0
888 488 0
889 488 0
949 488 0
950 488 0
951 488 0
1209 488 0
1210 488 0
1213 488 0
1214 488 0
1744 488 0
1745 488 0
1747 488 0
1748 488 0
594 489 0
595 489 0
596 489 0
720 489 0
721 489 0
722 489 0
723 489 0
724 489 0
725 489 0
726 489 0
812 489 0
813 489 0
814 489 0
815 489 0
884 489 0
885 489 0
889 489 0
890 489 0
949 489 0
950 489 0
951 489 0
1209 489 0
1210 489 0
1213 489 0
1214 489 0
1743 489 0
1744 489 0
1747 489 0
1748 489 0
594 490 0
595 490 0
596 490 0
718 490 0
719 490 0
720 490 0
721 490 0
722 490 0
723 490 0
724 490 0
725 490 0
813 490 0
814 490 0
815 490 0
884 490 0
885 490 0
889 490 0
890 490 0
948 490 0
949 490 0
950 490 0
951 490 0
1209 490 0
1210 490 0
1213 490 0
1214 490 0
1743 490 0
1744 490 0
1746 490 0
1747 490 0
594 491 0
595 491 0
596 491 0
597 491 0
717 491 0
718 491 0
719 491 0
720 491 0
721 491 0
722 491 0
723 491 0
724 491 0
725 491 0
726 491 0
813 491 0
814 491 0
815 491 0
884 491 0
885 491 0
888 491 0
889 491 0
947 491 0
948 491 0
950 491 0
951 491 0
1209 491 0
1210 491 0
1213 491 0
1214 491 0
1742 491 0
1743 491 0
1746 491 0
1747 491 0
594 492 0
595 492 0
596 492 0
597 492 0
718 492 0
719 492 0
720 492 0
721 492 0
722 492 0
723 492 0
724 492 0
725 492 0
726 492 0
813 492 0
814 492 0
815 492 0
884 492 0
885 492 0
888 492 0
889 492 0
947 492 0
948 492 0
950 492 0
951 492 0
1209 492 0
1210 492 0
1213 492 0
1214 492 0
1741 492 0
1742 492 0
1745 492 0
1746 492 0
594 493 0
595 493 0
596 493 0
597 493 0
723 493 0
724 493 0
725 493 0
726 493 0
813 493 0
814 493 0
815 493 0
884 493 0
885 493 0
887 493 0
888 493 0
947 493 0
948 493 0
949 493 0
950 493 0
1209 493 0
1210 493 0
1213 493 0
1214 493 0
1741 493 0
1742 493 0
1744 493 0
1745 493 0
594 494 0
595 494 0
596 494 0
597 494 0
723 494 0
724 494 0
725 494 0
726 494 0
813 494 0
814 494 0
815 494 0
884 494 0
885 494 0
887 494 0
888 494 0
947 494 0
948 494 0
949 494 0
950 494 0
951 494 0
1209 494 0
1210 494 0
1213 494 0
1214 494 0
1741 494 0
1742 494 0
1744 494 0
1745 494 0
594 495 0
595 495 0
596 495 0
597 495 0
723 495 0
724 495 0
725 495 0
726 495 0
813 495 0
814 495 0
815 495 0
885 495 0
886 495 0
887 495 0
888 495 0
947 495 0
948 495 0
950 495 0
951 495 0
952 495 0
1210 495 0
1211 495 0
1213 495 0
1214 495 0
1741 495 0
1742 495 0
1744 495 0
1745 495 0
593 496 0
594 496 0
596 496 0
597 496 0
723 496 0
724 496 0
725 496 0
726 496 0
813 496 0
814 496 0
815 496 0
885 496 0
886 496 0
887 496 0
888 496 0
947 496 0
948 496 0
951 496 0
952 496 0
1210 496 0
1211 496 0
1213 496 0
1214 496 0
1741 496 0
1742 496 0
1744 496 0
1745 496 0
593 497 0
594 497 0
596 497 0
597 497 0
724 497 0
725 497 0
726 497 0
813 497 0
814 497 0
815 497 0
885 497 0
886 497 0
887 497 0
947 497 0
948 497 0
950 497 0
951 497 0
1210 497 0
1211 497 0
1213 497 0
1214 497 0
1741 497 0
1742 497 0
1744 497 0
1745 497 0
593 498 0
594 498 0
596 498 0
597 498 0
725 498 0
813 498 0
814 498 0
815 498 0
885 498 0
886 498 0
887 498 0
947 498 0
948 498 0
949 498 0
950 498 0
1210 498 0
1211 498 0
1213 498 0
1214 498 0
1741 498 0
1742 498 0
1744 498 0
1745 498 0
593 499 0
594 499 0
595 499 0
596 499 0
813 499 0
814 499 0
815 499 0
885 499 0
886 499 0
887 499 0
947 499 0
948 499 0
949 499 0
950 499 0
1210 499 0
1211 499 0
1213 499 0
1214 499 0
1741 499 0
1742 499 0
1744 499 0
1745 499 0
593 500 0
594 500 0
595 500 0
596 500 0
813 500 0
814 500 0
815 500 0
885 500 0
886 500 0
887 500 0
946 500 0
947 500 0
948 500 0
949 500 0
1210 500 0
1211 500 0
1213 500 0
1214 500 0
1741 500 0
1742 500 0
1744 500 0
1745 500 0
593 501 0
594 501 0
595 501 0
596 501 0
813 501 0
814 501 0
815 501 0
816 501 0
885 501 0
886 501 0
887 501 0
946 501 0
947 501 0
948 501 0
949 501 0
1210 501 0
1211 501 0
1213 501 0
1214 501 0
1741 501 0
1742 501 0
1744 501 0
1745 501 0
593 502 0
594 502 0
595 502 0
596 502 0
813 502 0
814 502 0
815 502 0
816 502 0
885 502 0
886 502 0
887 502 0
946 502 0
947 502 0
948 502 0
949 502 0
1210 502 0
1211 502 0
1213 502 0
1214 502 0
1741 502 0
1742 502 0
1744 502 0
1745 502 0
593 503 0
594 503 0
595 503 0
813 503 0
814 503 0
815 503 0
816 503 0
884 503 0
885 503 0
886 503 0
887 503 0
946 503 0
947 503 0
948 503 0
949 503 0
1210 503 0
1211 503 0
1213 503 0
1214 503 0
1741 503 0
1742 503 0
1744 503 0
1745 503 0
592 504 0
593 504 0
594 504 0
595 504 0
812 504 0
813 504 0
814 504 0
815 504 0
884 504 0
885 504 0
886 504 0
946 504 0
947 504 0
948 504 0
1210 504 0
1211 504 0
1213 504 0
1214 504 0
1741 504 0
1742 504 0
1744 504 0
1745 504 0
592 505 0
593 505 0
594 505 0
595 505 0
812 505 0
813 505 0
814 505 0
883 505 0
884 505 0
885 505 0
886 505 0
946 505 0
947 505 0
948 505 0
1210 505 0
1211 505 0
1213 505 0
1214 505 0
1741 505 0
1742 505 0
1744 505 0
1745 505 0
592 506 0
593 506 0
594 506 0
595 506 0
811 506 0
812 506 0
813 506 0
814 506 0
882 506 0
883 506 0
884 506 0
885 506 0
945 506 0
946 506 0
947 506 0
948 506 0
1210 506 0
1211 506 0
1213 506 0
1214 506 0
1741 506 0
1742 506 0
1744 506 0
1745 506 0
591 507 0
592 507 0
593 507 0
594 507 0
811 507 0
812 507 0
813 507 0
882 507 0
883 507 0
884 507 0
945 507 0
946 507 0
947 507 0
948 507 0
1210 507 0
1211 507 0
1213 507 0
1214 507 0
1741 507 0
1742 507 0
1744 507 0
1745 507 0
591 508 0
592 508 0
593 508 0
594 508 0
810 508 0
811 508 0
812 508 0
813 508 0
881 508 0
882 508 0
883 508 0
884 508 0
945 508 0
946 508 0
947 508 0
948 508 0
1210 508 0
1211 508 0
1213 508 0
1214 508 0
1741 508 0
1742 508 0
1744 508 0
1745 508 0
591 509 0
592 509 0
593 509 0
594 509 0
809 509 0
810 509 0
811 509 0
812 509 0
881 509 0
882 509 0
883 509 0
945 509 0
946 509 0
947 509 0
1210 509 0
1211 509 0
1213 509 0
1214 509 0
1741 509 0
1742 509 0
1744 509 0
1745 509 0
591 510 0
592 510 0
593 510 0
809 510 0
810 510 0
811 510 0
880 510 0
881 510 0
882 510 0
883 510 0
945 510 0
946 510 0
947 510 0
1210 510 0
1211 510 0
1213 510 0
1214 510 0
1741 510 0
1742 510 0
1744 510 0
1745 510 0
590 511 0
591 511 0
592 511 0
593 511 0
808 511 0
809 511 0
810 511 0
811 511 0
879 511 0
880 511 0
881 511 0
882 511 0
945 511 0
946 511 0
947 511 0
1210 511 0
1211 511 0
1213 511 0
1214 511 0
1741 511 0
1742 511 0
1745 511 0
1746 511 0
590 512 0
591 512 0
592 512 0
593 512 0
808 512 0
809 512 0
810 512 0
878 512 0
879 512 0
880 512 0
881 512 0
882 512 0
945 512 0
946 512 0
947 512 0
1209 512 0
1210 512 0
1212 512 0
1213 512 0
1742 512 0
1743 512 0
1745 512 0
1746 512 0
590 513 0
591 513 0
592 513 0
593 513 0
807 513 0
808 513 0
809 513 0
810 513 0
877 513 0
878 513 0
880 513 0
881 513 0
945 513 0
946 513 0
947 513 0
1208 513 0
1209 513 0
1211 513 0
1212 513 0
1742 513 0
1743 513 0
1745 513 0
1746 513 0
590 514 0
591 514 0
592 514 0
593 514 0
807 514 0
808 514 0
809 514 0
877 514 0
878 514 0
880 514 0
881 514 0
944 514 0
945 514 0
946 514 0
947 514 0
1208 514 0
1209 514 0
1211 514 0
1212 514 0
1742 514 0
1743 514 0
1745 514 0
1746 514 0
590 515 0
591 515 0
592 515 0
593 515 0
806 515 0
807 515 0
808 515 0
876 515 0
877 515 0
880 515 0
881 515 0
944 515 0
945 515 0
946 515 0
947 515 0
1206 515 0
1207 515 0
1208 515 0
1210 515 0
1211 515 0
1742 515 0
1743 515 0
1746 515 0
1747 515 0
590 516 0
591 516 0
592 516 0
593 516 0
805 516 0
806 516 0
807 516 0
808 516 0
876 516 0
877 516 0
880 516 0
881 516 0
944 516 0
945 516 0
946 516 0
947 516 0
1205 516 0
1206 516 0
1207 516 0
1209 516 0
1210 516 0
1743 516 0
1744 516 0
1746 516 0
1747 516 0
590 517 0
591 517 0
592 517 0
593 517 0
804 517 0
805 517 0
806 517 0
807 517 0
876 517 0
877 517 0
880 517 0
881 517 0
944 517 0
945 517 0
946 517 0
947 517 0
1203 517 0
1204 517 0
1205 517 0
1208 517 0
1209 517 0
1743 517 0
1744 517 0
1747 517 0
1748 517 0
590 518 0
591 518 0
592 518 0
804 518 0
805 518 0
806 518 0
807 518 0
877 518 0
878 518 0
880 518 0
881 518 0
944 518 0
945 518 0
946 518 0
947 518 0
1202 518 0
1203 518 0
1204 518 0
1206 518 0
1207 518 0
1208 518 0
1744 518 0
1745 518 0
1747 518 0
1748 518 0
1749 518 0
1750 518 0
1751 518 0
590 519 0
591 519 0
592 519 0
804 519 0
805 519 0
806 519 0
807 519 0
876 519 0
877 519 0
880 519 0
881 519 0
944 519 0
945 519 0
946 519 0
947 519 0
1201 519 0
1202 519 0
1205 519 0
1206 519 0
1207 519 0
1744 519 0
1745 519 0
1748 519 0
1749 519 0
1750 519 0
1751 519 0
1752 519 0
1753 519 0
590 520 0
591 520 0
592 520 0
803 520 0
804 520 0
805 520 0
806 520 0
875 520 0
876 520 0
878 520 0
879 520 0
880 520 0
944 520 0
945 520 0
946 520 0
1200 520 0
1201 520 0
1203 520 0
1204 520 0
1205 520 0
1745 520 0
1746 520 0
1752 520 0
1753 520 0
1754 520 0
590 521 0
591 521 0
592 521 0
803 521 0
804 521 0
805 521 0
806 521 0
874 521 0
875 521 0
876 521 0
877 521 0
878 521 0
879 521 0
944 521 0
945 521 0
946 521 0
1199 521 0
1200 521 0
1202 521 0
1203 521 0
1204 521 0
1745 521 0
1746 521 0
1753 521 0
1754 521 0
590 522 0
591 522 0
592 522 0
803 522 0
804 522 0
805 522 0
873 522 0
874 522 0
875 522 0
876 522 0
877 522 0
944 522 0
945 522 0
946 522 0
1199 522 0
1200 522 0
1202 522 0
1203 522 0
1746 522 0
1747 522 0
1754 522 0
1755 522 0
590 523 0
591 523 0
592 523 0
802 523 0
803 523 0
804 523 0
805 523 0
873 523 0
874 523 0
875 523 0
944 523 0
945 523 0
946 523 0
1199 523 0
1200 523 0
1202 523 0
1203 523 0
1747 523 0
1748 523 0
1755 523 0
1756 523 0
590 524 0
591 524 0
592 524 0
801 524 0
802 524 0
803 524 0
804 524 0
872 524 0
873 524 0
874 524 0
875 524 0
943 524 0
944 524 0
945 524 0
946 524 0
1198 524 0
1199 524 0
1201 524 0
1202 524 0
1747 524 0
1748 524 0
1755 524 0
1756 524 0
590 525 0
591 525 0
592 525 0
801 525 0
802 525 0
803 525 0
871 525 0
872 525 0
873 525 0
874 525 0
943 525 0
944 525 0
945 525 0
946 525 0
1198 525 0
1199 525 0
1201 525 0
1202 525 0
1747 525 0
1748 525 0
1756 525 0
1757 525 0
590 526 0
591 526 0
592 526 0
593 526 0
594 526 0
595 526 0
604 526 0
605 526 0
606 526 0
800 526 0
801 526 0
802 526 0
803 526 0
871 526 0
872 526 0
873 526 0
874 526 0
943 526 0
944 526 0
945 526 0
946 526 0
1198 526 0
1199 526 0
1202 526 0
1203 526 0
1747 526 0
1748 526 0
1756 526 0
1757 526 0
590 527 0
591 527 0
592 527 0
593 527 0
594 527 0
595 527 0
596 527 0
597 527 0
598 527 0
599 527 0
600 527 0
601 527 0
602 527 0
603 527 0
604 527 0
605 527 0
606 527 0
607 527 0
800 527 0
801 527 0
802 527 0
871 527 0
872 527 0
873 527 0
874 527 0
943 527 0
944 527 0
945 527 0
946 527 0
1198 527 0
1199 527 0
1203 527 0
1204 527 0
1205 527 0
1747 527 0
1748 527 0
1756 527 0
1757 527 0
590 528 0
591 528 0
592 528 0
596 528 0
597 528 0
598 528 0
599 528 0
600 528 0
601 528 0
602 528 0
603 528 0
606 528 0
607 528 0
799 528 0
800 528 0
801 528 0
802 528 0
870 528 0
871 528 0
872 528 0
873 528 0
874 528 0
942 528 0
943 528 0
945 528 0
946 528 0
1197 528 0
1198 528 0
1204 528 0
1205 528 0
1206 528 0
1747 528 0
1748 528 0
1756 528 0
1757 528 0
591 529 0
592 529 0
606 529 0
607 529 0
799 529 0
800 529 0
801 529 0
870 529 0
871 529 0
872 529 0
873 529 0
942 529 0
943 529 0
945 529 0
946 529 0
1197 529 0
1198 529 0
1202 529 0
1203 529 0
1204 529 0
1205 529 0
1747 529 0
1748 529 0
1756 529 0
1757 529 0
590 530 0
591 530 0
605 530 0
606 530 0
798 530 0
799 530 0
800 530 0
801 530 0
870 530 0
871 530 0
872 530 0
873 530 0
942 530 0
943 530 0
945 530 0
946 530 0
1197 530 0
1198 530 0
1201 530 0
1202 530 0
1203 530 0
1204 530 0
1747 530 0
1748 530 0
1757 530 0
1758 530 0
589 531 0
590 531 0
605 531 0
606 531 0
798 531 0
799 531 0
800 531 0
870 531 0
871 531 0
872 531 0
873 531 0
942 531 0
943 531 0
945 531 0
946 531 0
1196 531 0
1197 531 0
1201 531 0
1202 531 0
1747 531 0
1748 531 0
1757 531 0
1758 531 0
589 532 0
590 532 0
605 532 0
606 532 0
797 532 0
798 532 0
799 532 0
800 532 0
870 532 0
871 532 0
872 532 0
873 532 0
942 532 0
943 532 0
945 532 0
946 532 0
1196 532 0
1197 532 0
1201 532 0
1202 532 0
1747 532 0
1748 532 0
1757 532 0
1758 532 0
589 533 0
590 533 0
593 533 0
594 533 0
595 533 0
596 533 0
597 533 0
598 533 0
599 533 0
600 533 0
601 533 0
605 533 0
606 533 0
796 533 0
797 533 0
798 533 0
799 533 0
870 533 0
871 533 0
872 533 0
873 533 0
942 533 0
943 533 0
945 533 0
946 533 0
1195 533 0
1196 533 0
1201 533 0
1202 533 0
1747 533 0
1748 533 0
1757 533 0
1758 533 0
589 534 0
590 534 0
591 534 0
592 534 0
593 534 0
594 534 0
595 534 0
596 534 0
597 534 0
598 534 0
599 534 0
600 534 0
601 534 0
602 534 0
603 534 0
604 534 0
605 534 0
796 534 0
797 534 0
798 534 0
870 534 0
871 534 0
872 534 0
873 534 0
942 534 0
943 534 0
945 534 0
946 534 0
1195 534 0
1196 534 0
1200 534 0
1201 534 0
1746 534 0
1747 534 0
1757 534 0
1758 534 0
589 535 0
590 535 0
591 535 0
592 535 0
602 535 0
603 535 0
604 535 0
795 535 0
796 535 0
797 535 0
798 535 0
871 535 0
872 535 0
873 535 0
942 535 0
943 535 0
945 535 0
946 535 0
1195 535 0
1196 535 0
1200 535 0
1201 535 0
1202 535 0
1746 535 0
1747 535 0
1757 535 0
1758 535 0
589 536 0
590 536 0
591 536 0
794 536 0
795 536 0
796 536 0
797 536 0
871 536 0
872 536 0
873 536 0
942 536 0
943 536 0
944 536 0
945 536 0
1194 536 0
1195 536 0
1201 536 0
1202 536 0
1203 536 0
1746 536 0
1747 536 0
1756 536 0
1757 536 0
588 537 0
589 537 0
590 537 0
591 537 0
794 537 0
795 537 0
796 537 0
797 537 0
871 537 0
872 537 0
873 537 0
942 537 0
943 537 0
944 537 0
945 537 0
1194 537 0
1195 537 0
1202 537 0
1203 537 0
1745 537 0
1746 537 0
1755 537 0
1756 537 0
588 538 0
589 538 0
590 538 0
793 538 0
794 538 0
795 538 0
796 538 0
871 538 0
872 538 0
873 538 0
942 538 0
943 538 0
944 538 0
945 538 0
1194 538 0
1195 538 0
1203 538 0
1204 538 0
1745 538 0
1746 538 0
1755 538 0
1756 538 0
588 539 0
589 539 0
590 539 0
793 539 0
794 539 0
795 539 0
871 539 0
872 539 0
873 539 0
942 539 0
943 539 0
944 539 0
945 539 0
1194 539 0
1195 539 0
1203 539 0
1204 539 0
1744 539 0
1745 539 0
1755 539 0
1756 539 0
588 540 0
589 540 0
590 540 0
792 540 0
793 540 0
794 540 0
795 540 0
871 540 0
872 540 0
873 540 0
943 540 0
944 540 0
945 540 0
1194 540 0
1195 540 0
1203 540 0
1204 540 0
1743 540 0
1744 540 0
1755 540 0
1756 540 0
588 541 0
589 541 0
590 541 0
792 541 0
793 541 0
794 541 0
870 541 0
871 541 0
872 541 0
873 541 0
943 541 0
944 541 0
945 541 0
1193 541 0
1194 541 0
1203 541 0
1204 541 0
1743 541 0
1744 541 0
1755 541 0
1756 541 0
588 542 0
589 542 0
590 542 0
791 542 0
792 542 0
793 542 0
794 542 0
870 542 0
871 542 0
872 542 0
943 542 0
944 542 0
945 542 0
1193 542 0
1194 542 0
1203 542 0
1204 542 0
1742 542 0
1743 542 0
1755 542 0
1756 542 0
588 543 0
589 543 0
590 543 0
791 543 0
792 543 0
793 543 0
870 543 0
871 543 0
872 543 0
873 543 0
943 543 0
944 543 0
945 543 0
946 543 0
1193 543 0
1194 543 0
1203 543 0
1204 543 0
1741 543 0
1742 543 0
1755 543 0
1756 543 0
587 544 0
588 544 0
589 544 0
590 544 0
790 544 0
791 544 0
792 544 0
793 544 0
870 544 0
871 544 0
872 544 0
873 544 0
944 544 0
945 544 0
946 544 0
1193 544 0
1194 544 0
1203 544 0
1204 544 0
1740 544 0
1741 544 0
1754 544 0
1755 544 0
587 545 0
588 545 0
589 545 0
790 545 0
791 545 0
792 545 0
870 545 0
871 545 0
872 545 0
873 545 0
944 545 0
945 545 0
946 545 0
1193 545 0
1194 545 0
1203 545 0
1204 545 0
1739 545 0
1740 545 0
1753 545 0
1754 545 0
587 546 0
588 546 0
589 546 0
789 546 0
790 546 0
791 546 0
792 546 0
868 546 0
869 546 0
870 546 0
871 546 0
872 546 0
873 546 0
944 546 0
945 546 0
946 546 0
1193 546 0
1194 546 0
1203 546 0
1204 546 0
1738 546 0
1739 546 0
1752 546 0
1753 546 0
587 547 0
588 547 0
589 547 0
788 547 0
789 547 0
790 547 0
791 547 0
867 547 0
868 547 0
869 547 0
870 547 0
871 547 0
872 547 0
944 547 0
945 547 0
946 547 0
947 547 0
1193 547 0
1194 547 0
1203 547 0
1204 547 0
1738 547 0
1739 547 0
1751 547 0
1752 547 0
587 548 0
588 548 0
589 548 0
788 548 0
789 548 0
790 548 0
866 548 0
867 548 0
868 548 0
871 548 0
872 548 0
944 548 0
945 548 0
946 548 0
947 548 0
1194 548 0
1195 548 0
1203 548 0
1204 548 0
1737 548 0
1738 548 0
1750 548 0
1751 548 0
587 549 0
588 549 0
589 549 0
787 549 0
788 549 0
789 549 0
790 549 0
865 549 0
866 549 0
867 549 0
868 549 0
871 549 0
872 549 0
944 549 0
945 549 0
946 549 0
947 549 0
1195 549 0
1196 549 0
1204 549 0
1205 549 0
1206 549 0
1736 549 0
1737 549 0
1750 549 0
1751 549 0
587 550 0
588 550 0
589 550 0
786 550 0
787 550 0
788 550 0
789 550 0
865 550 0
866 550 0
867 550 0
868 550 0
869 550 0
870 550 0
871 550 0
944 550 0
945 550 0
946 550 0
947 550 0
1195 550 0
1196 550 0
1199 550 0
1205 550 0
1206 550 0
1207 550 0
1737 550 0
1738 550 0
1739 550 0
1740 550 0
1749 550 0
1750 550 0
587 551 0
588 551 0
589 551 0
786 551 0
787 551 0
788 551 0
866 551 0
867 551 0
868 551 0
869 551 0
870 551 0
945 551 0
946 551 0
947 551 0
948 551 0
1195 551 0
1196 551 0
1198 551 0
1199 551 0
1200 551 0
1201 551 0
1202 551 0
1203 551 0
1204 551 0
1205 551 0
1206 551 0
1738 551 0
1739 551 0
1740 551 0
1741 551 0
1747 551 0
1748 551 0
1749 551 0
587 552 0
588 552 0
589 552 0
785 552 0
786 552 0
787 552 0
788 552 0
864 552 0
865 552 0
866 552 0
867 552 0
868 552 0
945 552 0
946 552 0
947 552 0
948 552 0
1194 552 0
1195 552 0
1197 552 0
1198 552 0
1200 552 0
1201 552 0
1202 552 0
1203 552 0
1204 552 0
1205 552 0
1740 552 0
1741 552 0
1744 552 0
1745 552 0
1746 552 0
1747 552 0
1748 552 0
587 553 0
588 553 0
589 553 0
590 553 0
785 553 0
786 553 0
787 553 0
860 553 0
861 553 0
862 553 0
863 553 0
864 553 0
865 553 0
866 553 0
867 553 0
945 553 0
946 553 0
947 553 0
948 553 0
1194 553 0
1195 553 0
1197 553 0
1198 553 0
1740 553 0
1741 553 0
1743 553 0
1744 553 0
1745 553 0
1746 553 0
587 554 0
588 554 0
589 554 0
590 554 0
784 554 0
785 554 0
786 554 0
787 554 0
852 554 0
853 554 0
854 554 0
855 554 0
856 554 0
857 554 0
858 554 0
859 554 0
860 554 0
861 554 0
862 554 0
863 554 0
864 554 0
865 554 0
866 554 0
945 554 0
946 554 0
947 554 0
948 554 0
1194 554 0
1195 554 0
1197 554 0
1198 554 0
1739 554 0
1740 554 0
1742 554 0
1743 554 0
588 555 0
589 555 0
590 555 0
784 555 0
785 555 0
786 555 0
850 555 0
851 555 0
852 555 0
853 555 0
854 555 0
855 555 0
856 555 0
857 555 0
858 555 0
859 555 0
862 555 0
863 555 0
864 555 0
945 555 0
946 555 0
947 555 0
948 555 0
1194 555 0
1195 555 0
1197 555 0
1198 555 0
1739 555 0
1740 555 0
1742 555 0
1743 555 0
588 556 0
589 556 0
590 556 0
783 556 0
784 556 0
785 556 0
786 556 0
848 556 0
849 556 0
850 556 0
851 556 0
852 556 0
853 556 0
854 556 0
855 556 0
856 556 0
857 556 0
858 556 0
859 556 0
862 556 0
863 556 0
945 556 0
946 556 0
947 556 0
948 556 0
1194 556 0
1195 556 0
1197 556 0
1198 556 0
1738 556 0
1739 556 0
1741 556 0
1742 556 0
588 557 0
589 557 0
590 557 0
591 557 0
783 557 0
784 557 0
785 557 0
847 557 0
848 557 0
849 557 0
850 557 0
851 557 0
852 557 0
853 557 0
858 557 0
859 557 0
860 557 0
861 557 0
862 557 0
946 557 0
947 557 0
948 557 0
1194 557 0
1195 557 0
1197 557 0
1198 557 0
1738 557 0
1739 557 0
1741 557 0
1742 557 0
588 558 0
589 558 0
590 558 0
591 558 0
782 558 0
783 558 0
784 558 0
785 558 0
846 558 0
847 558 0
848 558 0
849 558 0
850 558 0
851 558 0
859 558 0
860 558 0
861 558 0
946 558 0
947 558 0
948 558 0
1193 558 0
1194 558 0
1196 558 0
1197 558 0
1737 558 0
1738 558 0
1740 558 0
1741 558 0
588 559 0
589 559 0
590 559 0
591 559 0
775 559 0
776 559 0
777 559 0
778 559 0
779 559 0
781 559 0
782 559 0
783 559 0
784 559 0
845 559 0
846 559 0
847 559 0
848 559 0
849 559 0
946 559 0
947 559 0
948 559 0
1193 559 0
1194 559 0
1196 559 0
1197 559 0
1737 559 0
1738 559 0
1740 559 0
1741 559 0
588 560 0
589 560 0
590 560 0
773 560 0
774 560 0
775 560 0
776 560 0
777 560 0
778 560 0
779 560 0
780 560 0
781 560 0
782 560 0
783 560 0
784 560 0
844 560 0
845 560 0
846 560 0
847 560 0
946 560 0
947 560 0
948 560 0
949 560 0
1193 560 0
1194 560 0
1196 560 0
1197 560 0
1736 560 0
1737 560 0
1739 560 0
1740 560 0
588 561 0
589 561 0
590 561 0
772 561 0
773 561 0
774 561 0
780 561 0
781 561 0
782 561 0
783 561 0
843 561 0
844 561 0
845 561 0
846 561 0
946 561 0
947 561 0
948 561 0
949 561 0
1193 561 0
1194 561 0
1196 561 0
1197 561 0
1736 561 0
1737 561 0
1739 561 0
1740 561 0
588 562 0
589 562 0
590 562 0
772 562 0
773 562 0
780 562 0
781 562 0
782 562 0
783 562 0
843 562 0
844 562 0
845 562 0
946 562 0
947 562 0
948 562 0
949 562 0
1192 562 0
1193 562 0
1195 562 0
1196 562 0
1735 562 0
1736 562 0
1738 562 0
1739 562 0
588 563 0
589 563 0
590 563 0
771 563 0
772 563 0
779 563 0
780 563 0
782 563 0
842 563 0
843 563 0
844 563 0
845 563 0
947 563 0
948 563 0
949 563 0
1192 563 0
1193 563 0
1195 563 0
1196 563 0
1735 563 0
1736 563 0
1738 563 0
1739 563 0
588 564 0
589 564 0
590 564 0
772 564 0
773 564 0
780 564 0
781 564 0
842 564 0
843 564 0
844 564 0
947 564 0
948 564 0
949 564 0
1192 564 0
1193 564 0
1195 564 0
1196 564 0
1734 564 0
1735 564 0
1737 564 0
1738 564 0
587 565 0
588 565 0
589 565 0
590 565 0
771 565 0
772 565 0
773 565 0
778 565 0
779 565 0
780 565 0
841 565 0
842 565 0
843 565 0
844 565 0
947 565 0
948 565 0
949 565 0
1192 565 0
1193 565 0
1195 565 0
1196 565 0
1734 565 0
1735 565 0
1737 565 0
1738 565 0
587 566 0
588 566 0
589 566 0
767 566 0
768 566 0
769 566 0
770 566 0
771 566 0
772 566 0
777 566 0
778 566 0
779 566 0
841 566 0
842 566 0
843 566 0
947 566 0
948 566 0
949 566 0
1192 566 0
1193 566 0
1195 566 0
1196 566 0
1733 566 0
1734 566 0
1736 566 0
1737 566 0
587 567 0
588 567 0
589 567 0
765 567 0
766 567 0
767 567 0
768 567 0
769 567 0
770 567 0
776 567 0
777 567 0
840 567 0
841 567 0
842 567 0
843 567 0
947 567 0
948 567 0
949 567 0
1192 567 0
1193 567 0
1195 567 0
1196 567 0
1732 567 0
1733 567 0
1735 567 0
1736 567 0
586 568 0
587 568 0
588 568 0
589 568 0
764 568 0
765 568 0
766 568 0
775 568 0
776 568 0
840 568 0
841 568 0
842 568 0
947 568 0
948 568 0
949 568 0
1192 568 0
1193 568 0
1195 568 0
1196 568 0
1732 568 0
1733 568 0
1735 568 0
1736 568 0
586 569 0
587 569 0
588 569 0
763 569 0
764 569 0
775 569 0
776 569 0
840 569 0
841 569 0
842 569 0
947 569 0
948 569 0
949 569 0
1192 569 0
1193 569 0
1195 569 0
1196 569 0
1731 569 0
1732 569 0
1734 569 0
1735 569 0
586 570 0
587 570 0
588 570 0
763 570 0
764 570 0
773 570 0
774 570 0
775 570 0
840 570 0
841 570 0
842 570 0
947 570 0
948 570 0
949 570 0
1191 570 0
1192 570 0
1194 570 0
1195 570 0
1731 570 0
1732 570 0
1734 570 0
1735 570 0
585 571 0
586 571 0
587 571 0
588 571 0
763 571 0
764 571 0
771 571 0
772 571 0
773 571 0
774 571 0
840 571 0
841 571 0
842 571 0
947 571 0
948 571 0
949 571 0
1190 571 0
1191 571 0
1194 571 0
1195 571 0
1730 571 0
1731 571 0
1733 571 0
1734 571 0
584 572 0
585 572 0
586 572 0
587 572 0
762 572 0
763 572 0
770 572 0
771 572 0
772 572 0
839 572 0
840 572 0
841 572 0
842 572 0
947 572 0
948 572 0
949 572 0
1189 572 0
1190 572 0
1193 572 0
1194 572 0
1730 572 0
1731 572 0
1733 572 0
1734 572 0
584 573 0
585 573 0
586 573 0
749 573 0
750 573 0
751 573 0
752 573 0
753 573 0
754 573 0
755 573 0
756 573 0
757 573 0
758 573 0
759 573 0
760 573 0
761 573 0
762 573 0
763 573 0
768 573 0
769 573 0
770 573 0
839 573 0
840 573 0
841 573 0
842 573 0
947 573 0
948 573 0
949 573 0
1188 573 0
1189 573 0
1192 573 0
1193 573 0
1729 573 0
1730 573 0
1732 573 0
1733 573 0
583 574 0
584 574 0
585 574 0
586 574 0
748 574 0
749 574 0
750 574 0
751 574 0
752 574 0
753 574 0
754 574 0
755 574 0
756 574 0
757 574 0
758 574 0
759 574 0
760 574 0
761 574 0
762 574 0
766 574 0
767 574 0
768 574 0
769 574 0
839 574 0
840 574 0
841 574 0
947 574 0
948 574 0
949 574 0
1188 574 0
1189 574 0
1191 574 0
1192 574 0
1729 574 0
1730 574 0
1732 574 0
1733 574 0
582 575 0
583 575 0
584 575 0
585 575 0
749 575 0
750 575 0
751 575 0
752 575 0
753 575 0
754 575 0
755 575 0
756 575 0
757 575 0
758 575 0
759 575 0
760 575 0
761 575 0
762 575 0
763 575 0
764 575 0
765 575 0
766 575 0
767 575 0
838 575 0
839 575 0
840 575 0
841 575 0
947 575 0
948 575 0
949 575 0
1187 575 0
1188 575 0
1190 575 0
1191 575 0
1728 575 0
1729 575 0
1731 575 0
1732 575 0
582 576 0
583 576 0
584 576 0
585 576 0
756 576 0
757 576 0
758 576 0
759 576 0
760 576 0
761 576 0
762 576 0
763 576 0
764 576 0
765 576 0
815 576 0
816 576 0
817 576 0
837 576 0
838 576 0
840 576 0
841 576 0
947 576 0
948 576 0
949 576 0
1186 576 0
1187 576 0
1189 576 0
1190 576 0
1725 576 0
1726 576 0
1727 576 0
1728 576 0
1731 576 0
1732 576 0
581 577 0
582 577 0
583 577 0
584 577 0
814 577 0
815 577 0
816 577 0
817 577 0
818 577 0
819 577 0
820 577 0
821 577 0
822 577 0
823 577 0
824 577 0
825 577 0
826 577 0
827 577 0
828 577 0
829 577 0
830 577 0
831 577 0
832 577 0
833 577 0
834 577 0
835 577 0
836 577 0
837 577 0
840 577 0
841 577 0
947 577 0
948 577 0
949 577 0
1186 577 0
1187 577 0
1189 577 0
1190 577 0
1724 577 0
1725 577 0
1726 577 0
1727 577 0
1730 577 0
1731 577 0
581 578 0
582 578 0
583 578 0
584 578 0
813 578 0
814 578 0
818 578 0
819 578 0
820 578 0
821 578 0
822 578 0
823 578 0
824 578 0
825 578 0
826 578 0
827 578 0
828 578 0
829 578 0
830 578 0
831 578 0
832 578 0
833 578 0
834 578 0
835 578 0
836 578 0
840 578 0
841 578 0
947 578 0
948 578 0
949 578 0
1185 578 0
1186 578 0
1188 578 0
1189 578 0
1724 578 0
1725 578 0
1729 578 0
1730 578 0
580 579 0
581 579 0
582 579 0
583 579 0
812 579 0
813 579 0
815 579 0
816 579 0
817 579 0
818 579 0
819 579 0
820 579 0
821 579 0
824 579 0
825 579 0
826 579 0
827 579 0
828 579 0
829 579 0
830 579 0
831 579 0
832 579 0
833 579 0
834 579 0
838 579 0
839 579 0
840 579 0
947 579 0
948 579 0
949 579 0
1184 579 0
1185 579 0
1187 579 0
1188 579 0
1723 579 0
1724 579 0
1729 579 0
1730 579 0
579 580 0
580 580 0
581 580 0
582 580 0
813 580 0
814 580 0
815 580 0
816 580 0
817 580 0
821 580 0
822 580 0
824 580 0
825 580 0
828 580 0
829 580 0
830 580 0
831 580 0
832 580 0
833 580 0
834 580 0
835 580 0
836 580 0
837 580 0
838 580 0
839 580 0
947 580 0
948 580 0
949 580 0
1184 580 0
1185 580 0
1187 580 0
1188 580 0
1723 580 0
1724 580 0
1728 580 0
1729 580 0
579 581 0
580 581 0
581 581 0
582 581 0
814 581 0
822 581 0
823 581 0
824 581 0
835 581 0
836 581 0
837 581 0
947 581 0
948 581 0
949 581 0
1183 581 0
1184 581 0
1186 581 0
1187 581 0
1722 581 0
1723 581 0
1728 581 0
1729 581 0
579 582 0
580 582 0
581 582 0
823 582 0
947 582 0
948 582 0
949 582 0
1182 582 0
1183 582 0
1185 582 0
1186 582 0
1721 582 0
1722 582 0
1727 582 0
1728 582 0
579 583 0
580 583 0
581 583 0
946 583 0
947 583 0
948 583 0
949 583 0
1182 583 0
1183 583 0
1185 583 0
1186 583 0
1720 583 0
1721 583 0
1727 583 0
1728 583 0
579 584 0
580 584 0
581 584 0
946 584 0
947 584 0
948 584 0
949 584 0
1181 584 0
1182 584 0
1184 584 0
1185 584 0
1719 584 0
1720 584 0
1726 584 0
1727 584 0
579 585 0
580 585 0
581 585 0
946 585 0
947 585 0
948 585 0
949 585 0
1181 585 0
1182 585 0
1184 585 0
1185 585 0
1718 585 0
1719 585 0
1725 585 0
1726 585 0
578 586 0
579 586 0
580 586 0
581 586 0
946 586 0
947 586 0
948 586 0
949 586 0
1180 586 0
1181 586 0
1183 586 0
1184 586 0
1717 586 0
1718 586 0
1725 586 0
1726 586 0
578 587 0
579 587 0
580 587 0
581 587 0
946 587 0
947 587 0
948 587 0
949 587 0
1180 587 0
1181 587 0
1183 587 0
1184 587 0
1716 587 0
1717 587 0
1724 587 0
1725 587 0
578 588 0
579 588 0
580 588 0
946 588 0
947 588 0
948 588 0
1180 588 0
1181 588 0
1183 588 0
1184 588 0
1715 588 0
1716 588 0
1723 588 0
1724 588 0
578 589 0
579 589 0
580 589 0
946 589 0
947 589 0
948 589 0
1180 589 0
1181 589 0
1183 589 0
1184 589 0
1714 589 0
1715 589 0
1722 589 0
1723 589 0
578 590 0
579 590 0
580 590 0
945 590 0
946 590 0
947 590 0
948 590 0
1180 590 0
1181 590 0
1183 590 0
1184 590 0
1713 590 0
1714 590 0
1715 590 0
1721 590 0
1722 590 0
578 591 0
579 591 0
580 591 0
945 591 0
946 591 0
947 591 0
948 591 0
1180 591 0
1181 591 0
1183 591 0
1184 591 0
1712 591 0
1713 591 0
1714 591 0
1721 591 0
1722 591 0
577 592 0
578 592 0
579 592 0
580 592 0
945 592 0
946 592 0
947 592 0
948 592 0
1179 592 0
1180 592 0
1182 592 0
1183 592 0
1712 592 0
1713 592 0
1720 592 0
1721 592 0
577 593 0
578 593 0
579 593 0
945 593 0
946 593 0
947 593 0
948 593 0
1179 593 0
1180 593 0
1182 593 0
1183 593 0
1711 593 0
1712 593 0
1719 593 0
1720 593 0
576 594 0
577 594 0
578 594 0
579 594 0
945 594 0
946 594 0
947 594 0
948 594 0
1179 594 0
1180 594 0
1182 594 0
1183 594 0
1710 594 0
1711 594 0
1718 594 0
1719 594 0
576 595 0
577 595 0
578 595 0
945 595 0
946 595 0
947 595 0
1179 595 0
1180 595 0
1182 595 0
1183 595 0
1709 595 0
1710 595 0
1717 595 0
1718 595 0
575 596 0
576 596 0
577 596 0
578 596 0
945 596 0
946 596 0
947 596 0
1178 596 0
1179 596 0
1182 596 0
1183 596 0
1709 596 0
1710 596 0
1716 596 0
1717 596 0
575 597 0
576 597 0
577 597 0
945 597 0
946 597 0
947 597 0
1178 597 0
1179 597 0
1182 597 0
1183 597 0
1708 597 0
1709 597 0
1715 597 0
1716 597 0
574 598 0
575 598 0
576 598 0
577 598 0
945 598 0
946 598 0
947 598 0
1178 598 0
1179 598 0
1182 598 0
1183 598 0
1708 598 0
1709 598 0
1714 598 0
1715 598 0
574 599 0
575 599 0
576 599 0
945 599 0
946 599 0
947 599 0
1177 599 0
1178 599 0
1182 599 0
1183 599 0
1707 599 0
1708 599 0
1714 599 0
1715 599 0
573 600 0
574 600 0
575 600 0
576 600 0
945 600 0
946 600 0
947 600 0
1177 600 0
1178 600 0
1182 600 0
1183 600 0
1707 600 0
1708 600 0
1713 600 0
1714 600 0
572 601 0
573 601 0
574 601 0
575 601 0
945 601 0
946 601 0
947 601 0
1176 601 0
1177 601 0
1182 601 0
1183 601 0
1707 601 0
1708 601 0
1711 601 0
1712 601 0
1713 601 0
572 602 0
573 602 0
574 602 0
945 602 0
946 602 0
947 602 0
1176 602 0
1177 602 0
1182 602 0
1183 602 0
1706 602 0
1707 602 0
1710 602 0
1711 602 0
1712 602 0
571 603 0
572 603 0
573 603 0
574 603 0
945 603 0
946 603 0
947 603 0
1176 603 0
1177 603 0
1182 603 0
1183 603 0
1705 603 0
1706 603 0
1709 603 0
1710 603 0
570 604 0
571 604 0
572 604 0
573 604 0
945 604 0
946 604 0
947 604 0
1175 604 0
1176 604 0
1179 604 0
1182 604 0
1183 604 0
1703 604 0
1704 604 0
1705 604 0
1708 604 0
1709 604 0
569 605 0
570 605 0
571 605 0
572 605 0
945 605 0
946 605 0
947 605 0
1174 605 0
1175 605 0
1178 605 0
1179 605 0
1180 605 0
1181 605 0
1182 605 0
1701 605 0
1702 605 0
1703 605 0
1704 605 0
1707 605 0
1708 605 0
569 606 0
570 606 0
571 606 0
944 606 0
945 606 0
946 606 0
947 606 0
1173 606 0
1174 606 0
1176 606 0
1177 606 0
1178 606 0
1180 606 0
1181 606 0
1699 606 0
1700 606 0
1701 606 0
1702 606 0
1705 606 0
1706 606 0
1707 606 0
568 607 0
569 607 0
570 607 0
571 607 0
944 607 0
945 607 0
946 607 0
947 607 0
1172 607 0
1173 607 0
1175 607 0
1176 607 0
1177 607 0
1698 607 0
1699 607 0
1700 607 0
1704 607 0
1705 607 0
1706 607 0
567 608 0
568 608 0
569 608 0
570 608 0
944 608 0
945 608 0
946 608 0
947 608 0
1171 608 0
1172 608 0
1174 608 0
1175 608 0
1694 608 0
1695 608 0
1696 608 0
1697 608 0
1698 608 0
1701 608 0
1702 608 0
1703 608 0
1704 608 0
567 609 0
568 609 0
569 609 0
944 609 0
945 609 0
946 609 0
1170 609 0
1171 609 0
1173 609 0
1174 609 0
1692 609 0
1693 609 0
1694 609 0
1695 609 0
1696 609 0
1697 609 0
1700 609 0
1701 609 0
1702 609 0
1703 609 0
566 610 0
567 610 0
568 610 0
569 610 0
944 610 0
945 610 0
946 610 0
1169 610 0
1170 610 0
1172 610 0
1173 610 0
1691 610 0
1692 610 0
1693 610 0
1698 610 0
1699 610 0
1700 610 0
565 611 0
566 611 0
567 611 0
568 611 0
944 611 0
945 611 0
946 611 0
1169 611 0
1170 611 0
1172 611 0
1173 611 0
1690 611 0
1691 611 0
1696 611 0
1697 611 0
1698 611 0
1699 611 0
564 612 0
565 612 0
566 612 0
567 612 0
944 612 0
945 612 0
946 612 0
1168 612 0
1169 612 0
1171 612 0
1172 612 0
1689 612 0
1690 612 0
1695 612 0
1696 612 0
1697 612 0
562 613 0
563 613 0
564 613 0
565 613 0
566 613 0
944 613 0
945 613 0
946 613 0
1168 613 0
1169 613 0
1171 613 0
1172 613 0
1688 613 0
1689 613 0
1694 613 0
1695 613 0
561 614 0
562 614 0
563 614 0
564 614 0
565 614 0
944 614 0
945 614 0
946 614 0
1167 614 0
1168 614 0
1170 614 0
1171 614 0
1687 614 0
1688 614 0
1693 614 0
1694 614 0
560 615 0
561 615 0
562 615 0
563 615 0
564 615 0
944 615 0
945 615 0
946 615 0
1166 615 0
1167 615 0
1168 615 0
1170 615 0
1171 615 0
1686 615 0
1687 615 0
1692 615 0
1693 615 0
559 616 0
560 616 0
561 616 0
562 616 0
944 616 0
945 616 0
946 616 0
1165 616 0
1166 616 0
1167 616 0
1169 616 0
1170 616 0
1686 616 0
1687 616 0
1690 616 0
1691 616 0
1692 616 0
558 617 0
559 617 0
560 617 0
561 617 0
943 617 0
944 617 0
945 617 0
946 617 0
1164 617 0
1165 617 0
1168 617 0
1169 617 0
1685 617 0
1686 617 0
1689 617 0
1690 617 0
1691 617 0
557 618 0
558 618 0
559 618 0
560 618 0
561 618 0
943 618 0
944 618 0
945 618 0
946 618 0
1159 618 0
1160 618 0
1163 618 0
1164 618 0
1167 618 0
1168 618 0
1684 618 0
1685 618 0
1688 618 0
1689 618 0
556 619 0
557 619 0
560 619 0
561 619 0
943 619 0
944 619 0
945 619 0
946 619 0
1157 619 0
1158 619 0
1159 619 0
1160 619 0
1161 619 0
1162 619 0
1163 619 0
1166 619 0
1167 619 0
1683 619 0
1684 619 0
1687 619 0
1688 619 0
556 620 0
557 620 0
559 620 0
560 620 0
943 620 0
944 620 0
945 620 0
946 620 0
1156 620 0
1157 620 0
1158 620 0
1161 620 0
1162 620 0
1165 620 0
1166 620 0
1682 620 0
1683 620 0
1686 620 0
1687 620 0
555 621 0
556 621 0
560 621 0
561 621 0
943 621 0
944 621 0
945 621 0
1136 621 0
1137 621 0
1138 621 0
1155 621 0
1156 621 0
1164 621 0
1165 621 0
1662 621 0
1663 621 0
1664 621 0
1665 621 0
1671 621 0
1672 621 0
1673 621 0
1674 621 0
1675 621 0
1676 621 0
1677 621 0
1678 621 0
1679 621 0
1680 621 0
1681 621 0
1682 621 0
1685 621 0
1686 621 0
555 622 0
556 622 0
559 622 0
560 622 0
943 622 0
944 622 0
945 622 0
1132 622 0
1133 622 0
1134 622 0
1135 622 0
1136 622 0
1137 622 0
1138 622 0
1139 622 0
1155 622 0
1156 622 0
1164 622 0
1165 622 0
1661 622 0
1662 622 0
1663 622 0
1664 622 0
1665 622 0
1666 622 0
1667 622 0
1668 622 0
1669 622 0
1670 622 0
1671 622 0
1672 622 0
1673 622 0
1674 622 0
1675 622 0
1676 622 0
1677 622 0
1678 622 0
1679 622 0
1680 622 0
1681 622 0
1684 622 0
1685 622 0
554 623 0
555 623 0
556 623 0
557 623 0
558 623 0
559 623 0
942 623 0
943 623 0
944 623 0
945 623 0
1131 623 0
1132 623 0
1133 623 0
1134 623 0
1135 623 0
1138 623 0
1139 623 0
1155 623 0
1156 623 0
1164 623 0
1165 623 0
1661 623 0
1662 623 0
1664 623 0
1665 623 0
1666 623 0
1667 623 0
1668 623 0
1669 623 0
1670 623 0
1682 623 0
1683 623 0
1684 623 0
553 624 0
554 624 0
555 624 0
556 624 0
557 624 0
558 624 0
942 624 0
943 624 0
944 624 0
1130 624 0
1131 624 0
1138 624 0
1139 624 0
1151 624 0
1152 624 0
1153 624 0
1155 624 0
1156 624 0
1162 624 0
1163 624 0
1164 624 0
1658 624 0
1659 624 0
1660 624 0
1661 624 0
1665 624 0
1666 624 0
1671 624 0
1672 624 0
1673 624 0
1674 624 0
1675 624 0
1676 624 0
1677 624 0
1678 624 0
1679 624 0
1680 624 0
1681 624 0
1682 624 0
1683 624 0
552 625 0
553 625 0
554 625 0
555 625 0
941 625 0
942 625 0
943 625 0
944 625 0
1130 625 0
1131 625 0
1139 625 0
1140 625 0
1149 625 0
1150 625 0
1151 625 0
1152 625 0
1153 625 0
1154 625 0
1155 625 0
1156 625 0
1161 625 0
1162 625 0
1163 625 0
1656 625 0
1657 625 0
1658 625 0
1659 625 0
1660 625 0
1667 625 0
1668 625 0
1669 625 0
1670 625 0
1671 625 0
1672 625 0
1673 625 0
1674 625 0
1675 625 0
1676 625 0
1677 625 0
1678 625 0
1679 625 0
1680 625 0
1681 625 0
552 626 0
553 626 0
554 626 0
555 626 0
941 626 0
942 626 0
943 626 0
1131 626 0
1132 626 0
1139 626 0
1140 626 0
1148 626 0
1149 626 0
1150 626 0
1154 626 0
1155 626 0
1160 626 0
1161 626 0
1654 626 0
1655 626 0
1656 626 0
1657 626 0
1664 626 0
1665 626 0
1666 626 0
1667 626 0
1668 626 0
1669 626 0
1670 626 0
551 627 0
552 627 0
553 627 0
554 627 0
940 627 0
941 627 0
942 627 0
943 627 0
1131 627 0
1132 627 0
1140 627 0
1141 627 0
1148 627 0
1149 627 0
1159 627 0
1160 627 0
1652 627 0
1653 627 0
1654 627 0
1655 627 0
1659 627 0
1660 627 0
1661 627 0
1662 627 0
1663 627 0
1664 627 0
1665 627 0
1666 627 0
551 628 0
552 628 0
553 628 0
554 628 0
940 628 0
941 628 0
942 628 0
943 628 0
1131 628 0
1132 628 0
1140 628 0
1141 628 0
1147 628 0
1148 628 0
1158 628 0
1159 628 0
1649 628 0
1650 628 0
1651 628 0
1652 628 0
1653 628 0
1658 628 0
1659 628 0
1660 628 0
1661 628 0
1662 628 0
1663 628 0
550 629 0
551 629 0
552 629 0
553 629 0
940 629 0
941 629 0
942 629 0
943 629 0
1132 629 0
1133 629 0
1140 629 0
1141 629 0
1142 629 0
1143 629 0
1144 629 0
1145 629 0
1146 629 0
1147 629 0
1148 629 0
1149 629 0
1158 629 0
1159 629 0
1648 629 0
1649 629 0
1650 629 0
1651 629 0
1657 629 0
1658 629 0
550 630 0
551 630 0
552 630 0
938 630 0
939 630 0
940 630 0
941 630 0
942 630 0
1132 630 0
1133 630 0
1141 630 0
1142 630 0
1143 630 0
1144 630 0
1145 630 0
1146 630 0
1147 630 0
1148 630 0
1153 630 0
1154 630 0
1155 630 0
1156 630 0
1157 630 0
1158 630 0
1647 630 0
1648 630 0
1656 630 0
1657 630 0
549 631 0
550 631 0
551 631 0
552 631 0
937 631 0
938 631 0
939 631 0
941 631 0
942 631 0
1132 631 0
1133 631 0
1150 631 0
1151 631 0
1152 631 0
1153 631 0
1154 631 0
1155 631 0
1156 631 0
1157 631 0
1646 631 0
1647 631 0
1650 631 0
1656 631 0
1657 631 0
548 632 0
549 632 0
550 632 0
551 632 0
936 632 0
937 632 0
940 632 0
941 632 0
1132 632 0
1133 632 0
1143 632 0
1144 632 0
1145 632 0
1146 632 0
1147 632 0
1148 632 0
1149 632 0
1150 632 0
1151 632 0
1152 632 0
1645 632 0
1646 632 0
1649 632 0
1650 632 0
1651 632 0
1655 632 0
1656 632 0
547 633 0
548 633 0
549 633 0
550 633 0
936 633 0
937 633 0
941 633 0
942 633 0
1133 633 0
1134 633 0
1142 633 0
1143 633 0
1144 633 0
1145 633 0
1146 633 0
1147 633 0
1148 633 0
1149 633 0
1643 633 0
1644 633 0
1645 633 0
1648 633 0
1649 633 0
1650 633 0
1651 633 0
1652 633 0
1653 633 0
1654 633 0
1655 633 0
546 634 0
547 634 0
548 634 0
549 634 0
935 634 0
936 634 0
939 634 0
940 634 0
941 634 0
1133 634 0
1134 634 0
1142 634 0
1143 634 0
1641 634 0
1642 634 0
1643 634 0
1644 634 0
1647 634 0
1648 634 0
1651 634 0
1652 634 0
1653 634 0
1654 634 0
546 635 0
547 635 0
548 635 0
935 635 0
936 635 0
938 635 0
939 635 0
940 635 0
1133 635 0
1134 635 0
1142 635 0
1143 635 0
1640 635 0
1641 635 0
1642 635 0
1646 635 0
1647 635 0
537 636 0
538 636 0
539 636 0
540 636 0
545 636 0
546 636 0
547 636 0
548 636 0
934 636 0
935 636 0
937 636 0
938 636 0
1133 636 0
1134 636 0
1137 636 0
1138 636 0
1139 636 0
1140 636 0
1141 636 0
1142 636 0
1638 636 0
1639 636 0
1640 636 0
1645 636 0
1646 636 0
536 637 0
537 637 0
538 637 0
539 637 0
540 637 0
541 637 0
543 637 0
544 637 0
545 637 0
546 637 0
547 637 0
934 637 0
935 637 0
937 637 0
938 637 0
1134 637 0
1135 637 0
1136 637 0
1137 637 0
1138 637 0
1139 637 0
1140 637 0
1141 637 0
1637 637 0
1638 637 0
1639 637 0
1642 637 0
1643 637 0
1644 637 0
1645 637 0
535 638 0
536 638 0
540 638 0
541 638 0
542 638 0
543 638 0
544 638 0
545 638 0
546 638 0
934 638 0
935 638 0
936 638 0
937 638 0
1135 638 0
1136 638 0
1636 638 0
1637 638 0
1640 638 0
1641 638 0
1642 638 0
1643 638 0
1644 638 0
535 639 0
536 639 0
541 639 0
542 639 0
543 639 0
544 639 0
545 639 0
933 639 0
934 639 0
936 639 0
937 639 0
1637 639 0
1638 639 0
1639 639 0
1640 639 0
1641 639 0
536 640 0
537 640 0
540 640 0
541 640 0
542 640 0
543 640 0
544 640 0
933 640 0
934 640 0
935 640 0
936 640 0
1638 640 0
1639 640 0
537 641 0
538 641 0
539 641 0
540 641 0
541 641 0
542 641 0
933 641 0
934 641 0
935 641 0
936 641 0
538 642 0
539 642 0
933 642 0
934 642 0
935 642 0
936 642 0
933 643 0
934 643 0
935 643 0
933 644 0
934 644 0
935 644 0
932 645 0
933 645 0
934 645 0
935 645 0
932 646 0
933 646 0
934 646 0
935 646 0
932 647 0
933 647 0
934 647 0
935 647 0
932 648 0
933 648 0
934 648 0
935 648 0
932 649 0
933 649 0
934 649 0
935 649 0
932 650 0
933 650 0
934 650 0
935 650 0
932 651 0
933 651 0
934 651 0
935 651 0
932 652 0
933 652 0
934 652 0
935 652 0
932 653 0
933 653 0
934 653 0
935 653 0
931 654 0
932 654 0
934 654 0
935 654 0
872 655 0
895 655 0
896 655 0
897 655 0
898 655 0
899 655 0
900 655 0
901 655 0
902 655 0
903 655 0
904 655 0
931 655 0
932 655 0
934 655 0
935 655 0
870 656 0
871 656 0
872 656 0
873 656 0
874 656 0
888 656 0
889 656 0
890 656 0
891 656 0
893 656 0
894 656 0
895 656 0
896 656 0
897 656 0
898 656 0
899 656 0
900 656 0
901 656 0
902 656 0
903 656 0
904 656 0
905 656 0
931 656 0
932 656 0
934 656 0
935 656 0
869 657 0
870 657 0
871 657 0
873 657 0
874 657 0
875 657 0
887 657 0
888 657 0
889 657 0
890 657 0
891 657 0
892 657 0
893 657 0
894 657 0
895 657 0
896 657 0
897 657 0
898 657 0
899 657 0
900 657 0
901 657 0
902 657 0
903 657 0
904 657 0
905 657 0
906 657 0
931 657 0
932 657 0
934 657 0
935 657 0
870 658 0
871 658 0
874 658 0
875 658 0
879 658 0
880 658 0
881 658 0
882 658 0
883 658 0
884 658 0
885 658 0
886 658 0
887 658 0
888 658 0
892 658 0
893 658 0
894 658 0
895 658 0
904 658 0
905 658 0
906 658 0
907 658 0
908 658 0
931 658 0
932 658 0
934 658 0
935 658 0
871 659 0
872 659 0
873 659 0
874 659 0
875 659 0
876 659 0
877 659 0
878 659 0
879 659 0
880 659 0
881 659 0
882 659 0
883 659 0
884 659 0
885 659 0
886 659 0
887 659 0
892 659 0
893 659 0
905 659 0
906 659 0
907 659 0
908 659 0
909 659 0
910 659 0
931 659 0
932 659 0
933 659 0
934 659 0
872 660 0
873 660 0
874 660 0
875 660 0
876 660 0
877 660 0
878 660 0
879 660 0
880 660 0
881 660 0
882 660 0
883 660 0
884 660 0
885 660 0
886 660 0
887 660 0
888 660 0
889 660 0
890 660 0
891 660 0
892 660 0
906 660 0
907 660 0
908 660 0
909 660 0
910 660 0
911 660 0
912 660 0
913 660 0
914 660 0
915 660 0
931 660 0
932 660 0
933 660 0
934 660 0
873 661 0
874 661 0
875 661 0
876 661 0
877 661 0
878 661 0
879 661 0
880 661 0
881 661 0
888 661 0
889 661 0
890 661 0
891 661 0
908 661 0
909 661 0
910 661 0
911 661 0
912 661 0
913 661 0
914 661 0
915 661 0
916 661 0
917 661 0
918 661 0
919 661 0
920 661 0
921 661 0
922 661 0
929 661 0
930 661 0
931 661 0
933 661 0
934 661 0
874 662 0
875 662 0
876 662 0
877 662 0
878 662 0
910 662 0
911 662 0
912 662 0
913 662 0
914 662 0
915 662 0
916 662 0
917 662 0
918 662 0
919 662 0
920 662 0
921 662 0
922 662 0
923 662 0
924 662 0
925 662 0
926 662 0
927 662 0
928 662 0
929 662 0
930 662 0
931 662 0
932 662 0
933 662 0
914 663 0
915 663 0
916 663 0
917 663 0
918 663 0
919 663 0
920 663 0
921 663 0
922 663 0
923 663 0
924 663 0
925 663 0
926 663 0
927 663 0
928 663 0
929 663 0
930 663 0
931 663 0
932 663 0
921 664 0
922 664 0
923 664 0
924 664 0
925 664 0
926 664 0
927 664 0
928 664 0
929 664 0
930 664 0
