1909 370 60
1908 371 60
1909 371 60
1910 371 60
1907 372 60
1908 372 60
1910 372 60
1911 372 60
1907 373 60
1908 373 60
1909 373 60
1910 373 60
1906 374 60
1907 374 60
1909 374 60
1910 374 60
1905 375 60
1906 375 60
1908 375 60
1909 375 60
1905 376 60
1906 376 60
1907 376 60
1908 376 60
1904 377 60
1905 377 60
1907 377 60
1908 377 60
1904 378 60
1905 378 60
1906 378 60
1907 378 60
1903 379 60
1904 379 60
1906 379 60
1907 379 60
1903 380 60
1904 380 60
1905 380 60
1906 380 60
1903 381 60
1904 381 60
1905 381 60
1906 381 60
1902 382 60
1903 382 60
1905 382 60
1906 382 60
1902 383 60
1903 383 60
1904 383 60
1905 383 60
1901 384 60
1902 384 60
1904 384 60
1905 384 60
1901 385 60
1902 385 60
1903 385 60
1904 385 60
1900 386 60
1901 386 60
1903 386 60
1904 386 60
1900 387 60
1901 387 60
1902 387 60
1903 387 60
1900 388 60
1901 388 60
1902 388 60
1903 388 60
1900 389 60
1901 389 60
1902 389 60
1903 389 60
1900 390 60
1901 390 60
1902 390 60
1903 390 60
1899 391 60
1900 391 60
1902 391 60
1903 391 60
1899 392 60
1900 392 60
1901 392 60
1902 392 60
1899 393 60
1900 393 60
1901 393 60
1902 393 60
1899 394 60
1900 394 60
1901 394 60
1902 394 60
1899 395 60
1900 395 60
1901 395 60
1902 395 60
1899 396 60
1900 396 60
1901 396 60
1902 396 60
1899 397 60
1900 397 60
1901 397 60
1902 397 60
1899 398 60
1900 398 60
1901 398 60
1902 398 60
1899 399 60
1900 399 60
1901 399 60
1902 399 60
1899 400 60
1900 400 60
1901 400 60
1902 400 60
1899 401 60
1900 401 60
1901 401 60
1902 401 60
1898 402 60
1899 402 60
1901 402 60
1902 402 60
1898 403 60
1899 403 60
1900 403 60
1901 403 60
1898 404 60
1899 404 60
1900 404 60
1901 404 60
1898 405 60
1899 405 60
1900 405 60
1901 405 60
1898 406 60
1899 406 60
1900 406 60
1901 406 60
1898 407 60
1899 407 60
1900 407 60
1901 407 60
1897 408 60
1898 408 60
1900 408 60
1901 408 60
1897 409 60
1898 409 60
1899 409 60
1900 409 60
1896 410 60
1897 410 60
1899 410 60
1900 410 60
1896 411 60
1897 411 60
1898 411 60
1899 411 60
1895 412 60
1896 412 60
1898 412 60
1899 412 60
1894 413 60
1895 413 60
1897 413 60
1898 413 60
1894 414 60
1895 414 60
1896 414 60
1897 414 60
1893 415 60
1894 415 60
1896 415 60
1897 415 60
1893 416 60
1894 416 60
1895 416 60
1896 416 60
1893 417 60
1894 417 60
1895 417 60
1896 417 60
1892 418 60
1893 418 60
1895 418 60
1896 418 60
1892 419 60
1893 419 60
1894 419 60
1895 419 60
1892 420 60
1893 420 60
1894 420 60
1895 420 60
1891 421 60
1892 421 60
1894 421 60
1895 421 60
1891 422 60
1892 422 60
1893 422 60
1894 422 60
1890 423 60
1891 423 60
1893 423 60
1894 423 60
1890 424 60
1891 424 60
1892 424 60
1893 424 60
1889 425 60
1890 425 60
1892 425 60
1893 425 60
1889 426 60
1890 426 60
1891 426 60
1892 426 60
1888 427 60
1889 427 60
1891 427 60
1892 427 60
1113 428 60
1888 428 60
1889 428 60
1890 428 60
1891 428 60
1112 429 60
1113 429 60
1114 429 60
1888 429 60
1889 429 60
1890 429 60
1891 429 60
1111 430 60
1112 430 60
1113 430 60
1114 430 60
1887 430 60
1888 430 60
1890 430 60
1891 430 60
1110 431 60
1111 431 60
1113 431 60
1114 431 60
1887 431 60
1888 431 60
1889 431 60
1890 431 60
738 432 60
739 432 60
1110 432 60
1111 432 60
1113 432 60
1114 432 60
1886 432 60
1887 432 60
1889 432 60
1890 432 60
737 433 60
738 433 60
739 433 60
740 433 60
1110 433 60
1111 433 60
1112 433 60
1113 433 60
1886 433 60
1887 433 60
1888 433 60
1889 433 60
737 434 60
738 434 60
739 434 60
740 434 60
1110 434 60
1111 434 60
1112 434 60
1113 434 60
1886 434 60
1887 434 60
1888 434 60
1889 434 60
737 435 60
738 435 60
739 435 60
740 435 60
1110 435 60
1111 435 60
1112 435 60
1113 435 60
1885 435 60
1886 435 60
1888 435 60
1889 435 60
737 436 60
738 436 60
739 436 60
740 436 60
1110 436 60
1111 436 60
1112 436 60
1113 436 60
1885 436 60
1886 436 60
1887 436 60
1888 436 60
737 437 60
738 437 60
739 437 60
740 437 60
1110 437 60
1111 437 60
1112 437 60
1113 437 60
1885 437 60
1886 437 60
1887 437 60
1888 437 60
737 438 60
738 438 60
739 438 60
740 438 60
1110 438 60
1111 438 60
1112 438 60
1113 438 60
1885 438 60
1886 438 60
1887 438 60
1888 438 60
737 439 60
738 439 60
740 439 60
741 439 60
1109 439 60
1110 439 60
1112 439 60
1113 439 60
1884 439 60
1885 439 60
1887 439 60
1888 439 60
737 440 60
738 440 60
740 440 60
741 440 60
1109 440 60
1110 440 60
1111 440 60
1112 440 60
1884 440 60
1885 440 60
1886 440 60
1887 440 60
737 441 60
738 441 60
740 441 60
741 441 60
1109 441 60
1110 441 60
1111 441 60
1112 441 60
1883 441 60
1884 441 60
1886 441 60
1887 441 60
737 442 60
738 442 60
740 442 60
741 442 60
1108 442 60
1109 442 60
1111 442 60
1112 442 60
1883 442 60
1884 442 60
1885 442 60
1886 442 60
737 443 60
738 443 60
740 443 60
741 443 60
1108 443 60
1109 443 60
1110 443 60
1111 443 60
1882 443 60
1883 443 60
1885 443 60
1886 443 60
738 444 60
739 444 60
740 444 60
741 444 60
1108 444 60
1109 444 60
1110 444 60
1111 444 60
1882 444 60
1883 444 60
1884 444 60
1885 444 60
738 445 60
739 445 60
740 445 60
741 445 60
1107 445 60
1108 445 60
1110 445 60
1111 445 60
1882 445 60
1883 445 60
1884 445 60
1885 445 60
738 446 60
739 446 60
740 446 60
741 446 60
1107 446 60
1108 446 60
1109 446 60
1110 446 60
1881 446 60
1882 446 60
1884 446 60
1885 446 60
738 447 60
739 447 60
741 447 60
742 447 60
1106 447 60
1107 447 60
1109 447 60
1110 447 60
1881 447 60
1882 447 60
1883 447 60
1884 447 60
738 448 60
739 448 60
741 448 60
742 448 60
1106 448 60
1107 448 60
1108 448 60
1109 448 60
1880 448 60
1881 448 60
1883 448 60
1884 448 60
738 449 60
739 449 60
741 449 60
742 449 60
1106 449 60
1107 449 60
1108 449 60
1109 449 60
1880 449 60
1881 449 60
1882 449 60
1883 449 60
738 450 60
739 450 60
741 450 60
742 450 60
1105 450 60
1106 450 60
1108 450 60
1109 450 60
1880 450 60
1881 450 60
1882 450 60
1883 450 60
738 451 60
739 451 60
741 451 60
742 451 60
1105 451 60
1106 451 60
1107 451 60
1108 451 60
1880 451 60
1881 451 60
1882 451 60
1883 451 60
738 452 60
739 452 60
741 452 60
742 452 60
1104 452 60
1105 452 60
1107 452 60
1108 452 60
1879 452 60
1880 452 60
1882 452 60
1883 452 60
738 453 60
739 453 60
741 453 60
742 453 60
1104 453 60
1105 453 60
1106 453 60
1107 453 60
1879 453 60
1880 453 60
1881 453 60
1882 453 60
738 454 60
739 454 60
741 454 60
742 454 60
1103 454 60
1104 454 60
1106 454 60
1107 454 60
1879 454 60
1880 454 60
1881 454 60
1882 454 60
738 455 60
739 455 60
741 455 60
742 455 60
1103 455 60
1104 455 60
1105 455 60
1106 455 60
1878 455 60
1879 455 60
1881 455 60
1882 455 60
738 456 60
739 456 60
741 456 60
742 456 60
1102 456 60
1103 456 60
1105 456 60
1106 456 60
1878 456 60
1879 456 60
1880 456 60
1881 456 60
738 457 60
739 457 60
741 457 60
742 457 60
1102 457 60
1103 457 60
1105 457 60
1106 457 60
1878 457 60
1879 457 60
1880 457 60
1881 457 60
738 458 60
739 458 60
740 458 60
741 458 60
742 458 60
1101 458 60
1102 458 60
1104 458 60
1105 458 60
1878 458 60
1879 458 60
1880 458 60
1881 458 60
738 459 60
739 459 60
740 459 60
741 459 60
742 459 60
743 459 60
1101 459 60
1102 459 60
1103 459 60
1104 459 60
1878 459 60
1879 459 60
1880 459 60
1881 459 60
733 460 60
738 460 60
739 460 60
740 460 60
741 460 60
742 460 60
743 460 60
1100 460 60
1101 460 60
1103 460 60
1104 460 60
1877 460 60
1878 460 60
1880 460 60
1881 460 60
732 461 60
733 461 60
734 461 60
738 461 60
739 461 60
740 461 60
741 461 60
742 461 60
743 461 60
1100 461 60
1101 461 60
1103 461 60
1104 461 60
1877 461 60
1878 461 60
1879 461 60
1880 461 60
731 462 60
732 462 60
733 462 60
738 462 60
739 462 60
740 462 60
741 462 60
742 462 60
1099 462 60
1100 462 60
1102 462 60
1103 462 60
1877 462 60
1878 462 60
1879 462 60
1880 462 60
730 463 60
731 463 60
733 463 60
734 463 60
738 463 60
739 463 60
741 463 60
742 463 60
1099 463 60
1100 463 60
1101 463 60
1102 463 60
1877 463 60
1878 463 60
1879 463 60
1880 463 60
730 464 60
731 464 60
732 464 60
733 464 60
738 464 60
739 464 60
741 464 60
742 464 60
1098 464 60
1099 464 60
1101 464 60
1102 464 60
1877 464 60
1878 464 60
1879 464 60
1880 464 60
730 465 60
731 465 60
732 465 60
733 465 60
738 465 60
739 465 60
741 465 60
742 465 60
1098 465 60
1099 465 60
1101 465 60
1102 465 60
1876 465 60
1877 465 60
1879 465 60
1880 465 60
730 466 60
731 466 60
732 466 60
733 466 60
738 466 60
739 466 60
741 466 60
742 466 60
1098 466 60
1099 466 60
1100 466 60
1101 466 60
1876 466 60
1877 466 60
1878 466 60
1879 466 60
730 467 60
731 467 60
732 467 60
733 467 60
738 467 60
739 467 60
741 467 60
742 467 60
1097 467 60
1098 467 60
1100 467 60
1101 467 60
1875 467 60
1876 467 60
1878 467 60
1879 467 60
730 468 60
731 468 60
732 468 60
733 468 60
738 468 60
739 468 60
741 468 60
742 468 60
1097 468 60
1098 468 60
1099 468 60
1100 468 60
1874 468 60
1875 468 60
1877 468 60
1878 468 60
730 469 60
731 469 60
732 469 60
733 469 60
738 469 60
739 469 60
740 469 60
741 469 60
1097 469 60
1098 469 60
1099 469 60
1100 469 60
1874 469 60
1875 469 60
1876 469 60
1877 469 60
730 470 60
731 470 60
732 470 60
733 470 60
738 470 60
739 470 60
740 470 60
741 470 60
1097 470 60
1098 470 60
1099 470 60
1100 470 60
1873 470 60
1874 470 60
1876 470 60
1877 470 60
730 471 60
731 471 60
732 471 60
733 471 60
738 471 60
739 471 60
740 471 60
741 471 60
1097 471 60
1098 471 60
1099 471 60
1100 471 60
1873 471 60
1874 471 60
1875 471 60
1876 471 60
730 472 60
731 472 60
732 472 60
733 472 60
738 472 60
739 472 60
740 472 60
741 472 60
1097 472 60
1098 472 60
1099 472 60
1100 472 60
1872 472 60
1873 472 60
1875 472 60
1876 472 60
729 473 60
730 473 60
732 473 60
733 473 60
738 473 60
739 473 60
740 473 60
741 473 60
1097 473 60
1098 473 60
1099 473 60
1100 473 60
1872 473 60
1873 473 60
1874 473 60
1875 473 60
729 474 60
730 474 60
731 474 60
732 474 60
738 474 60
739 474 60
740 474 60
741 474 60
1097 474 60
1098 474 60
1099 474 60
1100 474 60
1872 474 60
1873 474 60
1874 474 60
1875 474 60
729 475 60
730 475 60
731 475 60
732 475 60
738 475 60
739 475 60
740 475 60
741 475 60
1097 475 60
1098 475 60
1099 475 60
1100 475 60
1871 475 60
1872 475 60
1874 475 60
1875 475 60
729 476 60
730 476 60
731 476 60
732 476 60
738 476 60
739 476 60
740 476 60
741 476 60
1097 476 60
1098 476 60
1099 476 60
1100 476 60
1871 476 60
1872 476 60
1873 476 60
1874 476 60
729 477 60
730 477 60
731 477 60
732 477 60
738 477 60
739 477 60
740 477 60
741 477 60
1096 477 60
1097 477 60
1099 477 60
1100 477 60
1871 477 60
1872 477 60
1873 477 60
1874 477 60
729 478 60
730 478 60
731 478 60
732 478 60
738 478 60
739 478 60
740 478 60
741 478 60
1096 478 60
1097 478 60
1100 478 60
1101 478 60
1870 478 60
1871 478 60
1873 478 60
1874 478 60
728 479 60
729 479 60
731 479 60
732 479 60
738 479 60
739 479 60
740 479 60
741 479 60
1096 479 60
1097 479 60
1099 479 60
1100 479 60
1870 479 60
1871 479 60
1872 479 60
1873 479 60
728 480 60
729 480 60
730 480 60
731 480 60
738 480 60
739 480 60
740 480 60
741 480 60
1096 480 60
1097 480 60
1099 480 60
1100 480 60
1870 480 60
1871 480 60
1872 480 60
1873 480 60
728 481 60
729 481 60
730 481 60
731 481 60
739 481 60
740 481 60
1096 481 60
1097 481 60
1099 481 60
1100 481 60
1870 481 60
1871 481 60
1872 481 60
1873 481 60
728 482 60
729 482 60
730 482 60
731 482 60
1095 482 60
1096 482 60
1098 482 60
1099 482 60
1869 482 60
1870 482 60
1872 482 60
1873 482 60
1876 482 60
1877 482 60
727 483 60
728 483 60
730 483 60
731 483 60
1095 483 60
1096 483 60
1098 483 60
1099 483 60
1869 483 60
1870 483 60
1871 483 60
1872 483 60
1873 483 60
1874 483 60
1875 483 60
1876 483 60
1877 483 60
1878 483 60
727 484 60
728 484 60
729 484 60
730 484 60
1095 484 60
1096 484 60
1098 484 60
1099 484 60
1869 484 60
1870 484 60
1872 484 60
1873 484 60
1874 484 60
1875 484 60
1878 484 60
1879 484 60
727 485 60
728 485 60
729 485 60
730 485 60
1095 485 60
1096 485 60
1098 485 60
1099 485 60
1868 485 60
1869 485 60
1870 485 60
1878 485 60
1879 485 60
727 486 60
728 486 60
729 486 60
730 486 60
1094 486 60
1095 486 60
1097 486 60
1098 486 60
1867 486 60
1868 486 60
1869 486 60
1877 486 60
1878 486 60
1879 486 60
727 487 60
728 487 60
729 487 60
730 487 60
1094 487 60
1095 487 60
1097 487 60
1098 487 60
1866 487 60
1867 487 60
1876 487 60
1877 487 60
1878 487 60
727 488 60
728 488 60
729 488 60
730 488 60
1093 488 60
1094 488 60
1096 488 60
1097 488 60
1866 488 60
1867 488 60
1876 488 60
1877 488 60
727 489 60
728 489 60
729 489 60
730 489 60
1093 489 60
1094 489 60
1096 489 60
1097 489 60
1865 489 60
1866 489 60
1876 489 60
1877 489 60
726 490 60
727 490 60
729 490 60
730 490 60
1093 490 60
1094 490 60
1096 490 60
1097 490 60
1865 490 60
1866 490 60
1876 490 60
1877 490 60
726 491 60
727 491 60
728 491 60
729 491 60
1092 491 60
1093 491 60
1095 491 60
1096 491 60
1864 491 60
1865 491 60
1876 491 60
1877 491 60
726 492 60
727 492 60
728 492 60
729 492 60
1092 492 60
1093 492 60
1095 492 60
1096 492 60
1864 492 60
1865 492 60
1876 492 60
1877 492 60
726 493 60
727 493 60
728 493 60
729 493 60
1091 493 60
1092 493 60
1094 493 60
1095 493 60
1863 493 60
1864 493 60
1876 493 60
1877 493 60
726 494 60
727 494 60
728 494 60
729 494 60
1091 494 60
1092 494 60
1094 494 60
1095 494 60
1863 494 60
1864 494 60
1875 494 60
1876 494 60
725 495 60
726 495 60
728 495 60
729 495 60
1091 495 60
1092 495 60
1094 495 60
1095 495 60
1863 495 60
1864 495 60
1875 495 60
1876 495 60
725 496 60
726 496 60
728 496 60
729 496 60
1090 496 60
1091 496 60
1093 496 60
1094 496 60
1862 496 60
1863 496 60
1875 496 60
1876 496 60
725 497 60
726 497 60
728 497 60
729 497 60
1090 497 60
1091 497 60
1093 497 60
1094 497 60
1862 497 60
1863 497 60
1874 497 60
1875 497 60
725 498 60
726 498 60
728 498 60
729 498 60
1089 498 60
1090 498 60
1093 498 60
1094 498 60
1862 498 60
1863 498 60
1873 498 60
1874 498 60
724 499 60
725 499 60
727 499 60
728 499 60
1089 499 60
1090 499 60
1092 499 60
1093 499 60
1862 499 60
1863 499 60
1873 499 60
1874 499 60
724 500 60
725 500 60
727 500 60
728 500 60
1088 500 60
1089 500 60
1092 500 60
1093 500 60
1862 500 60
1863 500 60
1872 500 60
1873 500 60
724 501 60
725 501 60
727 501 60
728 501 60
1088 501 60
1089 501 60
1091 501 60
1092 501 60
1862 501 60
1863 501 60
1871 501 60
1872 501 60
724 502 60
725 502 60
727 502 60
728 502 60
1088 502 60
1089 502 60
1091 502 60
1092 502 60
1862 502 60
1863 502 60
1871 502 60
1872 502 60
724 503 60
725 503 60
727 503 60
728 503 60
1087 503 60
1088 503 60
1091 503 60
1092 503 60
1863 503 60
1864 503 60
1869 503 60
1870 503 60
1871 503 60
1872 503 60
724 504 60
725 504 60
726 504 60
727 504 60
1087 504 60
1088 504 60
1090 504 60
1091 504 60
1862 504 60
1863 504 60
1868 504 60
1869 504 60
1870 504 60
1871 504 60
724 505 60
725 505 60
726 505 60
727 505 60
1087 505 60
1088 505 60
1090 505 60
1091 505 60
1862 505 60
1863 505 60
1868 505 60
1869 505 60
723 506 60
724 506 60
726 506 60
727 506 60
1086 506 60
1087 506 60
1089 506 60
1090 506 60
1862 506 60
1863 506 60
1867 506 60
1868 506 60
723 507 60
724 507 60
726 507 60
727 507 60
1086 507 60
1087 507 60
1089 507 60
1090 507 60
1862 507 60
1863 507 60
1867 507 60
1868 507 60
723 508 60
724 508 60
726 508 60
727 508 60
1086 508 60
1087 508 60
1089 508 60
1090 508 60
1862 508 60
1863 508 60
1866 508 60
1867 508 60
723 509 60
724 509 60
726 509 60
727 509 60
1086 509 60
1087 509 60
1088 509 60
1089 509 60
1863 509 60
1864 509 60
1865 509 60
1866 509 60
723 510 60
724 510 60
726 510 60
727 510 60
1085 510 60
1086 510 60
1088 510 60
1089 510 60
1864 510 60
1865 510 60
723 511 60
724 511 60
726 511 60
727 511 60
1084 511 60
1085 511 60
1088 511 60
1089 511 60
723 512 60
724 512 60
726 512 60
727 512 60
1084 512 60
1085 512 60
1088 512 60
1089 512 60
723 513 60
724 513 60
725 513 60
726 513 60
1084 513 60
1085 513 60
1087 513 60
1088 513 60
723 514 60
724 514 60
725 514 60
726 514 60
727 514 60
1084 514 60
1085 514 60
1087 514 60
1088 514 60
724 515 60
725 515 60
726 515 60
1084 515 60
1085 515 60
1087 515 60
1088 515 60
1084 516 60
1085 516 60
1088 516 60
1089 516 60
1084 517 60
1085 517 60
1088 517 60
1089 517 60
1083 518 60
1084 518 60
1088 518 60
1089 518 60
1082 519 60
1083 519 60
1087 519 60
1088 519 60
1082 520 60
1083 520 60
1087 520 60
1088 520 60
1083 521 60
1084 521 60
1088 521 60
1089 521 60
1084 522 60
1085 522 60
1088 522 60
1089 522 60
1084 523 60
1085 523 60
1088 523 60
1089 523 60
1085 524 60
1086 524 60
1088 524 60
1089 524 60
1085 525 60
1086 525 60
1089 525 60
1090 525 60
1086 526 60
1087 526 60
1089 526 60
1090 526 60
1086 527 60
1087 527 60
1089 527 60
1090 527 60
1086 528 60
1087 528 60
1089 528 60
1090 528 60
1086 529 60
1087 529 60
1089 529 60
1090 529 60
1086 530 60
1087 530 60
1090 530 60
1091 530 60
1087 531 60
1088 531 60
1090 531 60
1091 531 60
1087 532 60
1088 532 60
1090 532 60
1091 532 60
1087 533 60
1088 533 60
1090 533 60
1091 533 60
1087 534 60
1088 534 60
1090 534 60
1091 534 60
1087 535 60
1088 535 60
1090 535 60
1091 535 60
1086 536 60
1087 536 60
1089 536 60
1090 536 60
1086 537 60
1087 537 60
1089 537 60
1090 537 60
1085 538 60
1086 538 60
1089 538 60
1090 538 60
1085 539 60
1086 539 60
1088 539 60
1089 539 60
1085 540 60
1086 540 60
1088 540 60
1089 540 60
1084 541 60
1085 541 60
1087 541 60
1088 541 60
1084 542 60
1085 542 60
1087 542 60
1088 542 60
1084 543 60
1085 543 60
1086 543 60
1087 543 60
1085 544 60
1086 544 60
