1906 326 40
1907 326 40
1904 327 40
1905 327 40
1906 327 40
1907 327 40
1908 327 40
1903 328 40
1904 328 40
1905 328 40
1908 328 40
1909 328 40
1901 329 40
1902 329 40
1903 329 40
1907 329 40
1908 329 40
701 330 40
703 330 40
1900 330 40
1901 330 40
1902 330 40
1905 330 40
1906 330 40
1907 330 40
700 331 40
701 331 40
702 331 40
703 331 40
704 331 40
1899 331 40
1900 331 40
1904 331 40
1905 331 40
1906 331 40
700 332 40
701 332 40
702 332 40
703 332 40
1897 332 40
1898 332 40
1899 332 40
1902 332 40
1903 332 40
1904 332 40
699 333 40
700 333 40
701 333 40
702 333 40
703 333 40
1896 333 40
1897 333 40
1898 333 40
1901 333 40
1902 333 40
1903 333 40
699 334 40
700 334 40
701 334 40
702 334 40
703 334 40
1895 334 40
1896 334 40
1900 334 40
1901 334 40
699 335 40
700 335 40
701 335 40
702 335 40
1894 335 40
1895 335 40
1898 335 40
1899 335 40
1900 335 40
699 336 40
700 336 40
701 336 40
702 336 40
1893 336 40
1894 336 40
1897 336 40
1898 336 40
1899 336 40
698 337 40
699 337 40
700 337 40
701 337 40
1892 337 40
1893 337 40
1896 337 40
1897 337 40
698 338 40
699 338 40
700 338 40
1891 338 40
1892 338 40
1895 338 40
1896 338 40
698 339 40
699 339 40
700 339 40
1890 339 40
1891 339 40
1894 339 40
1895 339 40
697 340 40
698 340 40
699 340 40
1889 340 40
1890 340 40
1893 340 40
1894 340 40
697 341 40
698 341 40
699 341 40
1888 341 40
1889 341 40
1892 341 40
1893 341 40
697 342 40
698 342 40
699 342 40
1887 342 40
1888 342 40
1891 342 40
1892 342 40
696 343 40
697 343 40
698 343 40
699 343 40
1886 343 40
1887 343 40
1890 343 40
1891 343 40
695 344 40
696 344 40
697 344 40
698 344 40
1066 344 40
1885 344 40
1886 344 40
1889 344 40
1890 344 40
695 345 40
696 345 40
697 345 40
698 345 40
1063 345 40
1064 345 40
1065 345 40
1066 345 40
1067 345 40
1884 345 40
1885 345 40
1888 345 40
1889 345 40
695 346 40
696 346 40
697 346 40
698 346 40
1062 346 40
1063 346 40
1064 346 40
1065 346 40
1066 346 40
1883 346 40
1884 346 40
1888 346 40
1889 346 40
694 347 40
695 347 40
696 347 40
697 347 40
1061 347 40
1062 347 40
1065 347 40
1066 347 40
1882 347 40
1883 347 40
1887 347 40
1888 347 40
694 348 40
695 348 40
696 348 40
697 348 40
1060 348 40
1061 348 40
1064 348 40
1065 348 40
1881 348 40
1882 348 40
1886 348 40
1887 348 40
694 349 40
695 349 40
696 349 40
697 349 40
1060 349 40
1061 349 40
1063 349 40
1064 349 40
1881 349 40
1882 349 40
1885 349 40
1886 349 40
694 350 40
695 350 40
696 350 40
697 350 40
1059 350 40
1060 350 40
1062 350 40
1063 350 40
1880 350 40
1881 350 40
1884 350 40
1885 350 40
694 351 40
695 351 40
696 351 40
1058 351 40
1059 351 40
1062 351 40
1063 351 40
1879 351 40
1880 351 40
1883 351 40
1884 351 40
694 352 40
695 352 40
696 352 40
1057 352 40
1058 352 40
1061 352 40
1062 352 40
1879 352 40
1880 352 40
1882 352 40
1883 352 40
694 353 40
695 353 40
696 353 40
1057 353 40
1058 353 40
1061 353 40
1062 353 40
1878 353 40
1879 353 40
1882 353 40
1883 353 40
693 354 40
694 354 40
695 354 40
696 354 40
1056 354 40
1057 354 40
1060 354 40
1061 354 40
1877 354 40
1878 354 40
1881 354 40
1882 354 40
693 355 40
694 355 40
695 355 40
696 355 40
1056 355 40
1057 355 40
1060 355 40
1061 355 40
1876 355 40
1877 355 40
1880 355 40
1881 355 40
693 356 40
694 356 40
695 356 40
696 356 40
1056 356 40
1057 356 40
1059 356 40
1060 356 40
1876 356 40
1877 356 40
1879 356 40
1880 356 40
693 357 40
694 357 40
695 357 40
696 357 40
1056 357 40
1057 357 40
1059 357 40
1060 357 40
1875 357 40
1876 357 40
1879 357 40
1880 357 40
693 358 40
694 358 40
695 358 40
696 358 40
1057 358 40
1058 358 40
1059 358 40
1060 358 40
1875 358 40
1876 358 40
1878 358 40
1879 358 40
693 359 40
694 359 40
695 359 40
696 359 40
1057 359 40
1058 359 40
1059 359 40
1060 359 40
1874 359 40
1875 359 40
1877 359 40
1878 359 40
693 360 40
694 360 40
695 360 40
696 360 40
1057 360 40
1058 360 40
1059 360 40
1060 360 40
1873 360 40
1874 360 40
1877 360 40
1878 360 40
693 361 40
694 361 40
695 361 40
696 361 40
1057 361 40
1058 361 40
1059 361 40
1060 361 40
1334 361 40
1873 361 40
1874 361 40
1876 361 40
1877 361 40
693 362 40
694 362 40
695 362 40
696 362 40
1058 362 40
1059 362 40
1060 362 40
1333 362 40
1334 362 40
1335 362 40
1872 362 40
1873 362 40
1875 362 40
1876 362 40
693 363 40
694 363 40
695 363 40
696 363 40
1058 363 40
1059 363 40
1060 363 40
1061 363 40
1332 363 40
1333 363 40
1334 363 40
1335 363 40
1871 363 40
1872 363 40
1875 363 40
1876 363 40
693 364 40
694 364 40
695 364 40
696 364 40
1058 364 40
1059 364 40
1060 364 40
1061 364 40
1331 364 40
1332 364 40
1333 364 40
1334 364 40
1871 364 40
1872 364 40
1874 364 40
1875 364 40
693 365 40
694 365 40
695 365 40
696 365 40
1058 365 40
1059 365 40
1060 365 40
1061 365 40
1330 365 40
1331 365 40
1332 365 40
1333 365 40
1870 365 40
1871 365 40
1873 365 40
1874 365 40
693 366 40
694 366 40
695 366 40
696 366 40
1058 366 40
1059 366 40
1060 366 40
1061 366 40
1329 366 40
1330 366 40
1331 366 40
1332 366 40
1870 366 40
1871 366 40
1873 366 40
1874 366 40
693 367 40
694 367 40
695 367 40
696 367 40
1058 367 40
1059 367 40
1060 367 40
1061 367 40
1328 367 40
1329 367 40
1330 367 40
1331 367 40
1332 367 40
1869 367 40
1870 367 40
1872 367 40
1873 367 40
693 368 40
694 368 40
695 368 40
696 368 40
1058 368 40
1059 368 40
1060 368 40
1061 368 40
1328 368 40
1329 368 40
1330 368 40
1331 368 40
1868 368 40
1869 368 40
1872 368 40
1873 368 40
693 369 40
694 369 40
695 369 40
696 369 40
1058 369 40
1059 369 40
1060 369 40
1061 369 40
1327 369 40
1328 369 40
1329 369 40
1330 369 40
1868 369 40
1869 369 40
1871 369 40
1872 369 40
693 370 40
694 370 40
695 370 40
696 370 40
1059 370 40
1060 370 40
1061 370 40
1326 370 40
1327 370 40
1328 370 40
1329 370 40
1867 370 40
1869 370 40
1870 370 40
1871 370 40
693 371 40
694 371 40
695 371 40
696 371 40
1059 371 40
1060 371 40
1061 371 40
1325 371 40
1326 371 40
1327 371 40
1328 371 40
1866 371 40
1867 371 40
1868 371 40
1869 371 40
1870 371 40
693 372 40
694 372 40
695 372 40
696 372 40
1059 372 40
1060 372 40
1061 372 40
1325 372 40
1326 372 40
1327 372 40
1866 372 40
1867 372 40
1868 372 40
1869 372 40
1870 372 40
693 373 40
694 373 40
695 373 40
696 373 40
951 373 40
953 373 40
1059 373 40
1060 373 40
1061 373 40
1062 373 40
1324 373 40
1325 373 40
1326 373 40
1327 373 40
1866 373 40
1867 373 40
1868 373 40
1869 373 40
693 374 40
694 374 40
695 374 40
696 374 40
950 374 40
951 374 40
952 374 40
953 374 40
954 374 40
1059 374 40
1060 374 40
1061 374 40
1062 374 40
1323 374 40
1324 374 40
1325 374 40
1326 374 40
1866 374 40
1867 374 40
1868 374 40
1869 374 40
693 375 40
694 375 40
695 375 40
696 375 40
950 375 40
951 375 40
952 375 40
953 375 40
954 375 40
1059 375 40
1060 375 40
1061 375 40
1062 375 40
1322 375 40
1323 375 40
1325 375 40
1326 375 40
1866 375 40
1867 375 40
1868 375 40
1869 375 40
693 376 40
694 376 40
695 376 40
696 376 40
950 376 40
951 376 40
952 376 40
953 376 40
1059 376 40
1060 376 40
1061 376 40
1062 376 40
1322 376 40
1323 376 40
1325 376 40
1326 376 40
1866 376 40
1867 376 40
1868 376 40
693 377 40
694 377 40
695 377 40
696 377 40
949 377 40
950 377 40
951 377 40
952 377 40
1059 377 40
1060 377 40
1061 377 40
1062 377 40
1322 377 40
1323 377 40
1324 377 40
1325 377 40
1865 377 40
1866 377 40
1867 377 40
1868 377 40
693 378 40
694 378 40
695 378 40
696 378 40
949 378 40
950 378 40
951 378 40
952 378 40
1059 378 40
1060 378 40
1061 378 40
1062 378 40
1321 378 40
1322 378 40
1324 378 40
1325 378 40
1865 378 40
1866 378 40
1867 378 40
1868 378 40
693 379 40
694 379 40
695 379 40
696 379 40
949 379 40
950 379 40
951 379 40
952 379 40
1059 379 40
1060 379 40
1061 379 40
1062 379 40
1321 379 40
1322 379 40
1324 379 40
1325 379 40
1865 379 40
1866 379 40
1867 379 40
1868 379 40
693 380 40
694 380 40
695 380 40
696 380 40
948 380 40
949 380 40
950 380 40
951 380 40
952 380 40
1058 380 40
1059 380 40
1061 380 40
1062 380 40
1321 380 40
1322 380 40
1323 380 40
1324 380 40
1864 380 40
1865 380 40
1866 380 40
1867 380 40
694 381 40
695 381 40
696 381 40
948 381 40
949 381 40
950 381 40
951 381 40
952 381 40
1058 381 40
1059 381 40
1061 381 40
1062 381 40
1322 381 40
1323 381 40
1864 381 40
1865 381 40
1866 381 40
1867 381 40
695 382 40
696 382 40
697 382 40
948 382 40
949 382 40
950 382 40
951 382 40
1058 382 40
1059 382 40
1061 382 40
1062 382 40
1321 382 40
1322 382 40
1323 382 40
1324 382 40
1863 382 40
1864 382 40
1866 382 40
1867 382 40
694 383 40
695 383 40
696 383 40
697 383 40
948 383 40
949 383 40
950 383 40
951 383 40
1058 383 40
1059 383 40
1060 383 40
1061 383 40
1321 383 40
1322 383 40
1323 383 40
1324 383 40
1863 383 40
1864 383 40
1866 383 40
1867 383 40
694 384 40
695 384 40
696 384 40
697 384 40
948 384 40
949 384 40
950 384 40
1058 384 40
1059 384 40
1060 384 40
1061 384 40
1321 384 40
1322 384 40
1323 384 40
1324 384 40
1863 384 40
1864 384 40
1865 384 40
1866 384 40
694 385 40
695 385 40
696 385 40
697 385 40
719 385 40
947 385 40
948 385 40
949 385 40
950 385 40
1058 385 40
1059 385 40
1060 385 40
1061 385 40
1321 385 40
1322 385 40
1323 385 40
1324 385 40
1863 385 40
1864 385 40
1865 385 40
1866 385 40
694 386 40
695 386 40
696 386 40
697 386 40
718 386 40
719 386 40
720 386 40
947 386 40
948 386 40
949 386 40
950 386 40
1058 386 40
1059 386 40
1060 386 40
1061 386 40
1321 386 40
1322 386 40
1323 386 40
1324 386 40
1863 386 40
1864 386 40
1865 386 40
1866 386 40
694 387 40
695 387 40
696 387 40
697 387 40
718 387 40
719 387 40
720 387 40
947 387 40
948 387 40
949 387 40
1058 387 40
1059 387 40
1060 387 40
1061 387 40
1321 387 40
1322 387 40
1323 387 40
1324 387 40
1862 387 40
1863 387 40
1865 387 40
1866 387 40
694 388 40
695 388 40
696 388 40
697 388 40
717 388 40
718 388 40
719 388 40
720 388 40
881 388 40
946 388 40
947 388 40
948 388 40
949 388 40
1057 388 40
1058 388 40
1060 388 40
1061 388 40
1321 388 40
1322 388 40
1323 388 40
1324 388 40
1862 388 40
1863 388 40
1864 388 40
1865 388 40
694 389 40
695 389 40
696 389 40
697 389 40
717 389 40
718 389 40
719 389 40
880 389 40
881 389 40
882 389 40
946 389 40
947 389 40
948 389 40
1057 389 40
1058 389 40
1060 389 40
1061 389 40
1321 389 40
1322 389 40
1323 389 40
1324 389 40
1862 389 40
1863 389 40
1864 389 40
1865 389 40
694 390 40
695 390 40
696 390 40
697 390 40
716 390 40
717 390 40
718 390 40
719 390 40
879 390 40
880 390 40
881 390 40
882 390 40
946 390 40
947 390 40
948 390 40
1057 390 40
1058 390 40
1059 390 40
1060 390 40
1321 390 40
1322 390 40
1323 390 40
1324 390 40
1862 390 40
1863 390 40
1864 390 40
694 391 40
695 391 40
696 391 40
697 391 40
716 391 40
717 391 40
718 391 40
879 391 40
880 391 40
881 391 40
882 391 40
945 391 40
946 391 40
947 391 40
948 391 40
1057 391 40
1058 391 40
1059 391 40
1060 391 40
1321 391 40
1322 391 40
1323 391 40
1324 391 40
1862 391 40
1863 391 40
1864 391 40
694 392 40
695 392 40
696 392 40
697 392 40
715 392 40
716 392 40
717 392 40
718 392 40
879 392 40
880 392 40
881 392 40
882 392 40
945 392 40
946 392 40
947 392 40
1057 392 40
1058 392 40
1059 392 40
1060 392 40
1321 392 40
1322 392 40
1323 392 40
1324 392 40
1861 392 40
1862 392 40
1863 392 40
1864 392 40
694 393 40
695 393 40
696 393 40
697 393 40
715 393 40
716 393 40
717 393 40
879 393 40
880 393 40
881 393 40
882 393 40
944 393 40
945 393 40
946 393 40
947 393 40
1057 393 40
1058 393 40
1059 393 40
1060 393 40
1321 393 40
1322 393 40
1323 393 40
1324 393 40
1861 393 40
1862 393 40
1863 393 40
694 394 40
695 394 40
696 394 40
697 394 40
698 394 40
714 394 40
715 394 40
716 394 40
717 394 40
879 394 40
880 394 40
881 394 40
882 394 40
944 394 40
945 394 40
946 394 40
1057 394 40
1058 394 40
1059 394 40
1060 394 40
1321 394 40
1322 394 40
1323 394 40
1324 394 40
1860 394 40
1861 394 40
1862 394 40
1863 394 40
694 395 40
695 395 40
696 395 40
697 395 40
698 395 40
714 395 40
715 395 40
716 395 40
879 395 40
880 395 40
881 395 40
882 395 40
944 395 40
945 395 40
946 395 40
1056 395 40
1057 395 40
1058 395 40
1059 395 40
1060 395 40
1321 395 40
1322 395 40
1323 395 40
1324 395 40
1860 395 40
1861 395 40
1862 395 40
694 396 40
695 396 40
696 396 40
697 396 40
698 396 40
713 396 40
714 396 40
715 396 40
716 396 40
879 396 40
880 396 40
881 396 40
882 396 40
943 396 40
944 396 40
945 396 40
946 396 40
1056 396 40
1057 396 40
1058 396 40
1059 396 40
1321 396 40
1322 396 40
1323 396 40
1324 396 40
1860 396 40
1861 396 40
1862 396 40
695 397 40
696 397 40
697 397 40
698 397 40
713 397 40
714 397 40
715 397 40
879 397 40
880 397 40
881 397 40
882 397 40
943 397 40
944 397 40
945 397 40
1056 397 40
1057 397 40
1058 397 40
1059 397 40
1321 397 40
1322 397 40
1323 397 40
1324 397 40
1859 397 40
1860 397 40
1861 397 40
1862 397 40
695 398 40
696 398 40
697 398 40
698 398 40
712 398 40
713 398 40
714 398 40
715 398 40
879 398 40
880 398 40
881 398 40
943 398 40
944 398 40
945 398 40
1056 398 40
1057 398 40
1058 398 40
1059 398 40
1321 398 40
1322 398 40
1323 398 40
1324 398 40
1858 398 40
1859 398 40
1860 398 40
1861 398 40
695 399 40
696 399 40
697 399 40
698 399 40
712 399 40
713 399 40
714 399 40
879 399 40
880 399 40
881 399 40
943 399 40
944 399 40
945 399 40
1056 399 40
1057 399 40
1058 399 40
1059 399 40
1321 399 40
1322 399 40
1323 399 40
1324 399 40
1858 399 40
1859 399 40
1860 399 40
1861 399 40
695 400 40
696 400 40
697 400 40
698 400 40
712 400 40
713 400 40
714 400 40
879 400 40
880 400 40
881 400 40
942 400 40
943 400 40
944 400 40
945 400 40
1055 400 40
1056 400 40
1057 400 40
1058 400 40
1321 400 40
1322 400 40
1323 400 40
1324 400 40
1858 400 40
1859 400 40
1860 400 40
1861 400 40
695 401 40
696 401 40
697 401 40
698 401 40
711 401 40
712 401 40
713 401 40
879 401 40
880 401 40
881 401 40
942 401 40
943 401 40
944 401 40
945 401 40
1055 401 40
1056 401 40
1057 401 40
1058 401 40
1321 401 40
1322 401 40
1323 401 40
1324 401 40
1857 401 40
1858 401 40
1859 401 40
1860 401 40
695 402 40
696 402 40
697 402 40
698 402 40
710 402 40
711 402 40
712 402 40
713 402 40
878 402 40
879 402 40
880 402 40
881 402 40
941 402 40
942 402 40
943 402 40
944 402 40
1055 402 40
1056 402 40
1057 402 40
1058 402 40
1321 402 40
1322 402 40
1323 402 40
1324 402 40
1856 402 40
1857 402 40
1859 402 40
1860 402 40
695 403 40
696 403 40
697 403 40
698 403 40
710 403 40
711 403 40
712 403 40
878 403 40
879 403 40
880 403 40
881 403 40
941 403 40
942 403 40
943 403 40
1055 403 40
1056 403 40
1057 403 40
1058 403 40
1321 403 40
1322 403 40
1323 403 40
1324 403 40
1856 403 40
1857 403 40
1858 403 40
1859 403 40
695 404 40
696 404 40
697 404 40
698 404 40
709 404 40
710 404 40
711 404 40
712 404 40
878 404 40
879 404 40
880 404 40
881 404 40
941 404 40
942 404 40
943 404 40
1055 404 40
1056 404 40
1057 404 40
1058 404 40
1321 404 40
1322 404 40
1323 404 40
1324 404 40
1856 404 40
1857 404 40
1858 404 40
695 405 40
696 405 40
697 405 40
698 405 40
709 405 40
710 405 40
711 405 40
878 405 40
879 405 40
880 405 40
940 405 40
941 405 40
942 405 40
943 405 40
1055 405 40
1056 405 40
1057 405 40
1321 405 40
1322 405 40
1323 405 40
1324 405 40
1855 405 40
1856 405 40
1857 405 40
1858 405 40
695 406 40
696 406 40
697 406 40
698 406 40
699 406 40
709 406 40
710 406 40
711 406 40
878 406 40
879 406 40
880 406 40
940 406 40
941 406 40
942 406 40
1054 406 40
1055 406 40
1056 406 40
1057 406 40
1321 406 40
1322 406 40
1323 406 40
1324 406 40
1854 406 40
1855 406 40
1856 406 40
1857 406 40
696 407 40
697 407 40
698 407 40
699 407 40
708 407 40
709 407 40
710 407 40
711 407 40
877 407 40
878 407 40
879 407 40
880 407 40
939 407 40
940 407 40
941 407 40
942 407 40
1054 407 40
1055 407 40
1056 407 40
1057 407 40
1321 407 40
1322 407 40
1323 407 40
1324 407 40
1853 407 40
1854 407 40
1855 407 40
1856 407 40
696 408 40
697 408 40
698 408 40
699 408 40
707 408 40
708 408 40
709 408 40
710 408 40
877 408 40
878 408 40
879 408 40
880 408 40
939 408 40
940 408 40
941 408 40
942 408 40
1054 408 40
1055 408 40
1056 408 40
1057 408 40
1321 408 40
1322 408 40
1323 408 40
1324 408 40
1852 408 40
1853 408 40
1854 408 40
1855 408 40
1856 408 40
696 409 40
697 409 40
698 409 40
699 409 40
707 409 40
708 409 40
709 409 40
710 409 40
877 409 40
878 409 40
879 409 40
880 409 40
938 409 40
939 409 40
940 409 40
941 409 40
942 409 40
1054 409 40
1055 409 40
1056 409 40
1057 409 40
1321 409 40
1322 409 40
1323 409 40
1324 409 40
1851 409 40
1853 409 40
1854 409 40
1855 409 40
696 410 40
697 410 40
698 410 40
699 410 40
707 410 40
708 410 40
709 410 40
877 410 40
878 410 40
879 410 40
938 410 40
939 410 40
940 410 40
941 410 40
1054 410 40
1055 410 40
1056 410 40
1321 410 40
1322 410 40
1323 410 40
1324 410 40
1850 410 40
1851 410 40
1852 410 40
1853 410 40
1854 410 40
1855 410 40
696 411 40
697 411 40
698 411 40
699 411 40
706 411 40
707 411 40
708 411 40
709 411 40
877 411 40
878 411 40
879 411 40
938 411 40
939 411 40
940 411 40
941 411 40
1054 411 40
1055 411 40
1056 411 40
1321 411 40
1322 411 40
1323 411 40
1324 411 40
1851 411 40
1852 411 40
1853 411 40
1854 411 40
697 412 40
698 412 40
699 412 40
706 412 40
707 412 40
708 412 40
877 412 40
878 412 40
879 412 40
937 412 40
938 412 40
939 412 40
940 412 40
941 412 40
1054 412 40
1055 412 40
1056 412 40
1321 412 40
1322 412 40
1324 412 40
1325 412 40
1849 412 40
1850 412 40
1851 412 40
1852 412 40
1853 412 40
697 413 40
698 413 40
699 413 40
706 413 40
707 413 40
708 413 40
876 413 40
877 413 40
878 413 40
879 413 40
937 413 40
938 413 40
939 413 40
940 413 40
1054 413 40
1055 413 40
1056 413 40
1321 413 40
1322 413 40
1324 413 40
1325 413 40
1326 413 40
1848 413 40
1849 413 40
1850 413 40
1851 413 40
1852 413 40
697 414 40
698 414 40
699 414 40
705 414 40
706 414 40
707 414 40
876 414 40
877 414 40
878 414 40
879 414 40
937 414 40
938 414 40
939 414 40
940 414 40
1054 414 40
1055 414 40
1056 414 40
1322 414 40
1323 414 40
1325 414 40
1326 414 40
1327 414 40
1328 414 40
1848 414 40
1849 414 40
1850 414 40
1851 414 40
697 415 40
698 415 40
699 415 40
705 415 40
706 415 40
707 415 40
876 415 40
877 415 40
878 415 40
936 415 40
937 415 40
938 415 40
939 415 40
940 415 40
1053 415 40
1054 415 40
1055 415 40
1056 415 40
1321 415 40
1322 415 40
1327 415 40
1328 415 40
1329 415 40
1848 415 40
1849 415 40
1850 415 40
697 416 40
698 416 40
699 416 40
704 416 40
705 416 40
706 416 40
876 416 40
877 416 40
878 416 40
936 416 40
937 416 40
938 416 40
939 416 40
1053 416 40
1054 416 40
1055 416 40
1056 416 40
1320 416 40
1321 416 40
1328 416 40
1329 416 40
1848 416 40
1849 416 40
1850 416 40
697 417 40
698 417 40
699 417 40
704 417 40
705 417 40
706 417 40
876 417 40
877 417 40
878 417 40
936 417 40
937 417 40
938 417 40
939 417 40
1053 417 40
1054 417 40
1055 417 40
1056 417 40
1320 417 40
1321 417 40
1328 417 40
1329 417 40
1847 417 40
1848 417 40
1849 417 40
697 418 40
698 418 40
699 418 40
700 418 40
703 418 40
704 418 40
705 418 40
875 418 40
876 418 40
877 418 40
878 418 40
935 418 40
936 418 40
937 418 40
938 418 40
1053 418 40
1054 418 40
1055 418 40
1056 418 40
1320 418 40
1321 418 40
1327 418 40
1328 418 40
1846 418 40
1847 418 40
1848 418 40
1849 418 40
697 419 40
698 419 40
699 419 40
700 419 40
703 419 40
704 419 40
705 419 40
875 419 40
876 419 40
877 419 40
878 419 40
935 419 40
936 419 40
937 419 40
938 419 40
1053 419 40
1054 419 40
1055 419 40
1056 419 40
1320 419 40
1321 419 40
1327 419 40
1328 419 40
1846 419 40
1847 419 40
1848 419 40
1849 419 40
697 420 40
698 420 40
699 420 40
700 420 40
702 420 40
703 420 40
704 420 40
875 420 40
876 420 40
877 420 40
935 420 40
936 420 40
937 420 40
938 420 40
1053 420 40
1054 420 40
1055 420 40
1056 420 40
1320 420 40
1321 420 40
1327 420 40
1328 420 40
1845 420 40
1846 420 40
1847 420 40
1848 420 40
698 421 40
699 421 40
700 421 40
702 421 40
703 421 40
704 421 40
875 421 40
876 421 40
877 421 40
934 421 40
935 421 40
936 421 40
937 421 40
1010 421 40
1053 421 40
1054 421 40
1055 421 40
1056 421 40
1320 421 40
1321 421 40
1327 421 40
1328 421 40
1845 421 40
1846 421 40
1847 421 40
1848 421 40
698 422 40
699 422 40
700 422 40
701 422 40
702 422 40
703 422 40
875 422 40
876 422 40
877 422 40
934 422 40
935 422 40
936 422 40
937 422 40
1009 422 40
1010 422 40
1011 422 40
1052 422 40
1053 422 40
1054 422 40
1055 422 40
1056 422 40
1320 422 40
1321 422 40
1326 422 40
1327 422 40
1844 422 40
1845 422 40
1846 422 40
1847 422 40
1848 422 40
698 423 40
699 423 40
700 423 40
701 423 40
702 423 40
703 423 40
875 423 40
876 423 40
877 423 40
934 423 40
935 423 40
936 423 40
937 423 40
1008 423 40
1009 423 40
1010 423 40
1011 423 40
1052 423 40
1053 423 40
1054 423 40
1055 423 40
1320 423 40
1321 423 40
1326 423 40
1327 423 40
1844 423 40
1845 423 40
1846 423 40
1847 423 40
698 424 40
699 424 40
700 424 40
701 424 40
702 424 40
875 424 40
876 424 40
877 424 40
934 424 40
935 424 40
936 424 40
1008 424 40
1009 424 40
1010 424 40
1011 424 40
1052 424 40
1053 424 40
1054 424 40
1055 424 40
1320 424 40
1321 424 40
1326 424 40
1327 424 40
1844 424 40
1845 424 40
1846 424 40
1847 424 40
698 425 40
699 425 40
700 425 40
701 425 40
702 425 40
875 425 40
876 425 40
877 425 40
933 425 40
934 425 40
935 425 40
936 425 40
1008 425 40
1009 425 40
1010 425 40
1052 425 40
1053 425 40
1054 425 40
1055 425 40
1320 425 40
1321 425 40
1326 425 40
1327 425 40
1844 425 40
1845 425 40
1846 425 40
1847 425 40
696 426 40
697 426 40
698 426 40
699 426 40
700 426 40
701 426 40
875 426 40
876 426 40
877 426 40
933 426 40
934 426 40
935 426 40
1008 426 40
1009 426 40
1010 426 40
1052 426 40
1053 426 40
1054 426 40
1055 426 40
1320 426 40
1321 426 40
1325 426 40
1326 426 40
1844 426 40
1845 426 40
1846 426 40
1847 426 40
695 427 40
696 427 40
697 427 40
698 427 40
699 427 40
700 427 40
701 427 40
875 427 40
876 427 40
877 427 40
933 427 40
934 427 40
935 427 40
1007 427 40
1008 427 40
1009 427 40
1010 427 40
1052 427 40
1053 427 40
1054 427 40
1055 427 40
1321 427 40
1322 427 40
1325 427 40
1326 427 40
1844 427 40
1845 427 40
1846 427 40
1847 427 40
695 428 40
696 428 40
697 428 40
698 428 40
699 428 40
700 428 40
875 428 40
876 428 40
877 428 40
933 428 40
934 428 40
935 428 40
1007 428 40
1008 428 40
1009 428 40
1010 428 40
1052 428 40
1053 428 40
1054 428 40
1055 428 40
1322 428 40
1323 428 40
1325 428 40
1326 428 40
1844 428 40
1845 428 40
1846 428 40
1847 428 40
695 429 40
696 429 40
697 429 40
698 429 40
699 429 40
875 429 40
876 429 40
877 429 40
932 429 40
933 429 40
934 429 40
935 429 40
1007 429 40
1008 429 40
1009 429 40
1010 429 40
1052 429 40
1053 429 40
1054 429 40
1055 429 40
1323 429 40
1324 429 40
1325 429 40
1326 429 40
1844 429 40
1845 429 40
1846 429 40
1847 429 40
695 430 40
696 430 40
697 430 40
698 430 40
875 430 40
876 430 40
877 430 40
932 430 40
933 430 40
934 430 40
935 430 40
1007 430 40
1008 430 40
1009 430 40
1052 430 40
1053 430 40
1054 430 40
1055 430 40
1323 430 40
1324 430 40
1325 430 40
1326 430 40
1844 430 40
1845 430 40
1846 430 40
1847 430 40
695 431 40
696 431 40
697 431 40
698 431 40
875 431 40
876 431 40
877 431 40
932 431 40
933 431 40
934 431 40
1007 431 40
1008 431 40
1009 431 40
1052 431 40
1053 431 40
1054 431 40
1055 431 40
1323 431 40
1324 431 40
1326 431 40
1327 431 40
1844 431 40
1845 431 40
1846 431 40
1847 431 40
695 432 40
696 432 40
697 432 40
698 432 40
875 432 40
876 432 40
877 432 40
932 432 40
933 432 40
934 432 40
1006 432 40
1007 432 40
1008 432 40
1009 432 40
1053 432 40
1054 432 40
1055 432 40
1323 432 40
1324 432 40
1326 432 40
1327 432 40
1844 432 40
1845 432 40
1846 432 40
1847 432 40
695 433 40
696 433 40
697 433 40
698 433 40
875 433 40
876 433 40
877 433 40
931 433 40
932 433 40
933 433 40
934 433 40
1006 433 40
1007 433 40
1008 433 40
1009 433 40
1053 433 40
1054 433 40
1055 433 40
1323 433 40
1324 433 40
1326 433 40
1327 433 40
1844 433 40
1845 433 40
1846 433 40
1847 433 40
695 434 40
696 434 40
697 434 40
698 434 40
875 434 40
876 434 40
877 434 40
931 434 40
932 434 40
933 434 40
1006 434 40
1007 434 40
1008 434 40
1009 434 40
1053 434 40
1054 434 40
1055 434 40
1323 434 40
1324 434 40
1326 434 40
1327 434 40
1844 434 40
1845 434 40
1846 434 40
1847 434 40
695 435 40
696 435 40
697 435 40
698 435 40
875 435 40
876 435 40
877 435 40
931 435 40
932 435 40
933 435 40
1006 435 40
1007 435 40
1008 435 40
1009 435 40
1053 435 40
1054 435 40
1055 435 40
1323 435 40
1324 435 40
1326 435 40
1327 435 40
1844 435 40
1845 435 40
1846 435 40
1847 435 40
695 436 40
696 436 40
697 436 40
698 436 40
875 436 40
876 436 40
877 436 40
931 436 40
932 436 40
933 436 40
1006 436 40
1007 436 40
1008 436 40
1053 436 40
1054 436 40
1055 436 40
1323 436 40
1324 436 40
1326 436 40
1327 436 40
1844 436 40
1845 436 40
1846 436 40
1847 436 40
695 437 40
696 437 40
697 437 40
698 437 40
875 437 40
876 437 40
877 437 40
930 437 40
931 437 40
932 437 40
933 437 40
1006 437 40
1007 437 40
1008 437 40
1053 437 40
1054 437 40
1055 437 40
1056 437 40
1323 437 40
1324 437 40
1326 437 40
1327 437 40
1844 437 40
1845 437 40
1846 437 40
1847 437 40
695 438 40
696 438 40
697 438 40
698 438 40
875 438 40
876 438 40
877 438 40
930 438 40
931 438 40
932 438 40
933 438 40
1006 438 40
1007 438 40
1008 438 40
1053 438 40
1054 438 40
1055 438 40
1056 438 40
1323 438 40
1324 438 40
1326 438 40
1327 438 40
1844 438 40
1845 438 40
1846 438 40
1847 438 40
694 439 40
695 439 40
696 439 40
697 439 40
698 439 40
875 439 40
876 439 40
877 439 40
930 439 40
931 439 40
932 439 40
1005 439 40
1006 439 40
1007 439 40
1008 439 40
1053 439 40
1054 439 40
1055 439 40
1056 439 40
1323 439 40
1324 439 40
1326 439 40
1327 439 40
1844 439 40
1845 439 40
1846 439 40
1847 439 40
694 440 40
695 440 40
696 440 40
697 440 40
698 440 40
875 440 40
876 440 40
877 440 40
930 440 40
931 440 40
932 440 40
1005 440 40
1006 440 40
1007 440 40
1054 440 40
1055 440 40
1056 440 40
1057 440 40
1322 440 40
1323 440 40
1326 440 40
1327 440 40
1844 440 40
1845 440 40
1846 440 40
1847 440 40
694 441 40
695 441 40
696 441 40
697 441 40
698 441 40
875 441 40
876 441 40
877 441 40
930 441 40
931 441 40
932 441 40
1005 441 40
1006 441 40
1007 441 40
1054 441 40
1055 441 40
1056 441 40
1057 441 40
1322 441 40
1323 441 40
1326 441 40
1327 441 40
1844 441 40
1845 441 40
1846 441 40
1847 441 40
695 442 40
696 442 40
697 442 40
698 442 40
875 442 40
876 442 40
877 442 40
929 442 40
930 442 40
931 442 40
932 442 40
1005 442 40
1006 442 40
1007 442 40
1054 442 40
1055 442 40
1056 442 40
1057 442 40
1322 442 40
1323 442 40
1326 442 40
1327 442 40
1844 442 40
1845 442 40
1846 442 40
1847 442 40
696 443 40
697 443 40
698 443 40
875 443 40
876 443 40
877 443 40
929 443 40
930 443 40
931 443 40
1004 443 40
1005 443 40
1006 443 40
1007 443 40
1055 443 40
1056 443 40
1057 443 40
1322 443 40
1323 443 40
1325 443 40
1326 443 40
1844 443 40
1845 443 40
1846 443 40
1847 443 40
696 444 40
697 444 40
698 444 40
699 444 40
874 444 40
875 444 40
876 444 40
877 444 40
929 444 40
930 444 40
931 444 40
1004 444 40
1005 444 40
1006 444 40
1055 444 40
1056 444 40
1057 444 40
1058 444 40
1321 444 40
1322 444 40
1325 444 40
1326 444 40
1844 444 40
1845 444 40
1846 444 40
1847 444 40
696 445 40
697 445 40
698 445 40
699 445 40
874 445 40
875 445 40
876 445 40
877 445 40
929 445 40
930 445 40
931 445 40
1004 445 40
1005 445 40
1006 445 40
1056 445 40
1057 445 40
1058 445 40
1059 445 40
1320 445 40
1321 445 40
1325 445 40
1326 445 40
1844 445 40
1845 445 40
1846 445 40
1847 445 40
696 446 40
697 446 40
698 446 40
699 446 40
874 446 40
875 446 40
876 446 40
928 446 40
929 446 40
930 446 40
931 446 40
1003 446 40
1004 446 40
1005 446 40
1006 446 40
1056 446 40
1057 446 40
1058 446 40
1059 446 40
1320 446 40
1321 446 40
1325 446 40
1326 446 40
1844 446 40
1845 446 40
1846 446 40
1847 446 40
697 447 40
698 447 40
699 447 40
874 447 40
875 447 40
876 447 40
928 447 40
929 447 40
930 447 40
1002 447 40
1003 447 40
1004 447 40
1005 447 40
1057 447 40
1058 447 40
1059 447 40
1320 447 40
1321 447 40
1325 447 40
1326 447 40
1845 447 40
1846 447 40
1847 447 40
697 448 40
698 448 40
699 448 40
874 448 40
875 448 40
876 448 40
928 448 40
929 448 40
930 448 40
1001 448 40
1002 448 40
1003 448 40
1004 448 40
1057 448 40
1058 448 40
1059 448 40
1319 448 40
1320 448 40
1325 448 40
1326 448 40
1845 448 40
1846 448 40
1847 448 40
697 449 40
698 449 40
699 449 40
873 449 40
874 449 40
875 449 40
876 449 40
928 449 40
929 449 40
930 449 40
1001 449 40
1002 449 40
1003 449 40
1057 449 40
1058 449 40
1059 449 40
1060 449 40
1318 449 40
1319 449 40
1325 449 40
1326 449 40
1845 449 40
1846 449 40
1847 449 40
697 450 40
698 450 40
699 450 40
873 450 40
874 450 40
875 450 40
876 450 40
927 450 40
928 450 40
929 450 40
930 450 40
1000 450 40
1001 450 40
1002 450 40
1003 450 40
1057 450 40
1058 450 40
1059 450 40
1060 450 40
1318 450 40
1319 450 40
1326 450 40
1327 450 40
1845 450 40
1846 450 40
1847 450 40
697 451 40
698 451 40
699 451 40
873 451 40
874 451 40
875 451 40
876 451 40
927 451 40
928 451 40
929 451 40
930 451 40
999 451 40
1000 451 40
1001 451 40
1002 451 40
1057 451 40
1058 451 40
1059 451 40
1060 451 40
1318 451 40
1319 451 40
1326 451 40
1327 451 40
1845 451 40
1846 451 40
1847 451 40
1848 451 40
696 452 40
697 452 40
698 452 40
699 452 40
873 452 40
874 452 40
875 452 40
927 452 40
928 452 40
929 452 40
930 452 40
999 452 40
1000 452 40
1001 452 40
1057 452 40
1058 452 40
1059 452 40
1060 452 40
1318 452 40
1319 452 40
1327 452 40
1328 452 40
1845 452 40
1846 452 40
1847 452 40
1848 452 40
696 453 40
697 453 40
698 453 40
873 453 40
874 453 40
875 453 40
927 453 40
928 453 40
929 453 40
998 453 40
999 453 40
1000 453 40
1001 453 40
1057 453 40
1058 453 40
1059 453 40
1060 453 40
1317 453 40
1318 453 40
1327 453 40
1328 453 40
1846 453 40
1847 453 40
1848 453 40
1849 453 40
696 454 40
697 454 40
698 454 40
873 454 40
874 454 40
875 454 40
927 454 40
928 454 40
929 454 40
998 454 40
999 454 40
1000 454 40
1058 454 40
1059 454 40
1060 454 40
1317 454 40
1318 454 40
1327 454 40
1328 454 40
1846 454 40
1847 454 40
1848 454 40
1849 454 40
696 455 40
697 455 40
698 455 40
873 455 40
874 455 40
875 455 40
926 455 40
927 455 40
928 455 40
929 455 40
997 455 40
998 455 40
999 455 40
1000 455 40
1058 455 40
1059 455 40
1060 455 40
1318 455 40
1319 455 40
1326 455 40
1327 455 40
1846 455 40
1847 455 40
1848 455 40
1849 455 40
695 456 40
696 456 40
697 456 40
698 456 40
872 456 40
873 456 40
874 456 40
875 456 40
926 456 40
927 456 40
928 456 40
929 456 40
997 456 40
998 456 40
999 456 40
1058 456 40
1059 456 40
1060 456 40
1061 456 40
1319 456 40
1320 456 40
1326 456 40
1327 456 40
1846 456 40
1847 456 40
1848 456 40
1849 456 40
694 457 40
695 457 40
696 457 40
697 457 40
698 457 40
872 457 40
873 457 40
874 457 40
875 457 40
926 457 40
927 457 40
928 457 40
996 457 40
997 457 40
998 457 40
999 457 40
1058 457 40
1059 457 40
1060 457 40
1061 457 40
1319 457 40
1320 457 40
1321 457 40
1323 457 40
1324 457 40
1325 457 40
1326 457 40
1847 457 40
1848 457 40
1849 457 40
694 458 40
695 458 40
696 458 40
697 458 40
698 458 40
872 458 40
873 458 40
874 458 40
875 458 40
926 458 40
927 458 40
928 458 40
995 458 40
996 458 40
997 458 40
998 458 40
1058 458 40
1059 458 40
1060 458 40
1061 458 40
1319 458 40
1320 458 40
1321 458 40
1322 458 40
1323 458 40
1324 458 40
1325 458 40
1847 458 40
1848 458 40
1849 458 40
1850 458 40
694 459 40
695 459 40
696 459 40
697 459 40
872 459 40
873 459 40
874 459 40
875 459 40
925 459 40
926 459 40
927 459 40
928 459 40
995 459 40
996 459 40
997 459 40
1058 459 40
1059 459 40
1060 459 40
1061 459 40
1318 459 40
1319 459 40
1320 459 40
1321 459 40
1322 459 40
1847 459 40
1848 459 40
1849 459 40
1850 459 40
694 460 40
695 460 40
696 460 40
697 460 40
872 460 40
873 460 40
874 460 40
925 460 40
926 460 40
927 460 40
928 460 40
994 460 40
995 460 40
996 460 40
997 460 40
1058 460 40
1059 460 40
1060 460 40
1061 460 40
1317 460 40
1318 460 40
1319 460 40
1320 460 40
1847 460 40
1848 460 40
1849 460 40
1850 460 40
694 461 40
695 461 40
696 461 40
697 461 40
872 461 40
873 461 40
874 461 40
925 461 40
926 461 40
927 461 40
928 461 40
994 461 40
995 461 40
996 461 40
1058 461 40
1059 461 40
1060 461 40
1061 461 40
1317 461 40
1318 461 40
1319 461 40
1847 461 40
1848 461 40
1849 461 40
1850 461 40
694 462 40
695 462 40
696 462 40
697 462 40
871 462 40
872 462 40
873 462 40
874 462 40
925 462 40
926 462 40
927 462 40
928 462 40
993 462 40
994 462 40
995 462 40
996 462 40
1058 462 40
1059 462 40
1060 462 40
1061 462 40
1316 462 40
1317 462 40
1318 462 40
1319 462 40
1848 462 40
1849 462 40
1850 462 40
694 463 40
695 463 40
696 463 40
697 463 40
871 463 40
872 463 40
873 463 40
874 463 40
925 463 40
926 463 40
927 463 40
993 463 40
994 463 40
995 463 40
1058 463 40
1059 463 40
1060 463 40
1061 463 40
1315 463 40
1316 463 40
1317 463 40
1318 463 40
1848 463 40
1849 463 40
1850 463 40
694 464 40
695 464 40
696 464 40
697 464 40
871 464 40
872 464 40
873 464 40
874 464 40
924 464 40
925 464 40
926 464 40
927 464 40
992 464 40
993 464 40
994 464 40
995 464 40
1058 464 40
1059 464 40
1060 464 40
1061 464 40
1315 464 40
1316 464 40
1317 464 40
1848 464 40
1849 464 40
1850 464 40
694 465 40
695 465 40
696 465 40
697 465 40
871 465 40
872 465 40
873 465 40
924 465 40
925 465 40
926 465 40
927 465 40
992 465 40
993 465 40
994 465 40
995 465 40
1058 465 40
1059 465 40
1060 465 40
1061 465 40
1315 465 40
1316 465 40
1317 465 40
1848 465 40
1849 465 40
1850 465 40
694 466 40
695 466 40
696 466 40
697 466 40
871 466 40
872 466 40
873 466 40
924 466 40
925 466 40
926 466 40
927 466 40
992 466 40
993 466 40
994 466 40
1058 466 40
1059 466 40
1060 466 40
1061 466 40
1314 466 40
1315 466 40
1316 466 40
1317 466 40
1848 466 40
1849 466 40
1850 466 40
694 467 40
695 467 40
696 467 40
697 467 40
871 467 40
872 467 40
873 467 40
924 467 40
925 467 40
926 467 40
991 467 40
992 467 40
993 467 40
994 467 40
1057 467 40
1058 467 40
1059 467 40
1060 467 40
1061 467 40
1313 467 40
1314 467 40
1315 467 40
1316 467 40
1847 467 40
1848 467 40
1849 467 40
1850 467 40
694 468 40
695 468 40
696 468 40
697 468 40
871 468 40
872 468 40
873 468 40
923 468 40
924 468 40
925 468 40
926 468 40
991 468 40
992 468 40
993 468 40
1057 468 40
1058 468 40
1059 468 40
1060 468 40
1312 468 40
1313 468 40
1314 468 40
1315 468 40
1847 468 40
1848 468 40
1849 468 40
1850 468 40
694 469 40
695 469 40
696 469 40
697 469 40
871 469 40
872 469 40
873 469 40
923 469 40
924 469 40
925 469 40
926 469 40
991 469 40
992 469 40
993 469 40
1057 469 40
1058 469 40
1059 469 40
1060 469 40
1312 469 40
1313 469 40
1314 469 40
1846 469 40
1847 469 40
1848 469 40
1849 469 40
694 470 40
695 470 40
696 470 40
871 470 40
872 470 40
873 470 40
923 470 40
924 470 40
925 470 40
926 470 40
990 470 40
991 470 40
992 470 40
993 470 40
1057 470 40
1058 470 40
1059 470 40
1060 470 40
1311 470 40
1312 470 40
1313 470 40
1314 470 40
1846 470 40
1847 470 40
1848 470 40
694 471 40
695 471 40
696 471 40
870 471 40
871 471 40
872 471 40
873 471 40
923 471 40
924 471 40
925 471 40
926 471 40
990 471 40
991 471 40
992 471 40
993 471 40
1057 471 40
1058 471 40
1059 471 40
1060 471 40
1311 471 40
1312 471 40
1313 471 40
1845 471 40
1846 471 40
1847 471 40
1848 471 40
693 472 40
694 472 40
695 472 40
696 472 40
870 472 40
871 472 40
872 472 40
922 472 40
923 472 40
924 472 40
925 472 40
990 472 40
991 472 40
992 472 40
993 472 40
1057 472 40
1058 472 40
1059 472 40
1060 472 40
1310 472 40
1311 472 40
1312 472 40
1313 472 40
1844 472 40
1845 472 40
1846 472 40
1847 472 40
693 473 40
694 473 40
695 473 40
696 473 40
870 473 40
871 473 40
872 473 40
922 473 40
923 473 40
924 473 40
925 473 40
990 473 40
991 473 40
992 473 40
1057 473 40
1058 473 40
1059 473 40
1060 473 40
1310 473 40
1311 473 40
1312 473 40
1844 473 40
1845 473 40
1846 473 40
1847 473 40
693 474 40
694 474 40
695 474 40
870 474 40
871 474 40
872 474 40
921 474 40
922 474 40
923 474 40
924 474 40
925 474 40
990 474 40
991 474 40
992 474 40
1057 474 40
1058 474 40
1059 474 40
1060 474 40
1309 474 40
1310 474 40
1311 474 40
1843 474 40
1844 474 40
1845 474 40
1846 474 40
693 475 40
694 475 40
695 475 40
869 475 40
870 475 40
871 475 40
872 475 40
921 475 40
922 475 40
923 475 40
924 475 40
925 475 40
989 475 40
990 475 40
991 475 40
992 475 40
1057 475 40
1058 475 40
1059 475 40
1060 475 40
1308 475 40
1309 475 40
1310 475 40
1311 475 40
1843 475 40
1844 475 40
1845 475 40
1846 475 40
692 476 40
693 476 40
694 476 40
695 476 40
723 476 40
724 476 40
869 476 40
870 476 40
871 476 40
921 476 40
922 476 40
923 476 40
924 476 40
989 476 40
990 476 40
991 476 40
992 476 40
1057 476 40
1058 476 40
1059 476 40
1060 476 40
1308 476 40
1309 476 40
1310 476 40
1842 476 40
1843 476 40
1844 476 40
1845 476 40
692 477 40
693 477 40
694 477 40
722 477 40
723 477 40
724 477 40
725 477 40
869 477 40
870 477 40
871 477 40
920 477 40
921 477 40
922 477 40
923 477 40
924 477 40
989 477 40
990 477 40
991 477 40
992 477 40
1057 477 40
1058 477 40
1059 477 40
1060 477 40
1307 477 40
1308 477 40
1309 477 40
1310 477 40
1842 477 40
1843 477 40
1844 477 40
1845 477 40
692 478 40
693 478 40
694 478 40
721 478 40
722 478 40
724 478 40
725 478 40
869 478 40
870 478 40
871 478 40
920 478 40
921 478 40
922 478 40
923 478 40
989 478 40
990 478 40
991 478 40
1057 478 40
1058 478 40
1059 478 40
1060 478 40
1307 478 40
1308 478 40
1309 478 40
1842 478 40
1843 478 40
1844 478 40
691 479 40
692 479 40
693 479 40
694 479 40
721 479 40
722 479 40
724 479 40
725 479 40
868 479 40
869 479 40
870 479 40
871 479 40
919 479 40
920 479 40
921 479 40
922 479 40
923 479 40
989 479 40
990 479 40
991 479 40
1057 479 40
1058 479 40
1059 479 40
1060 479 40
1306 479 40
1307 479 40
1308 479 40
1309 479 40
1841 479 40
1842 479 40
1843 479 40
1844 479 40
691 480 40
692 480 40
693 480 40
694 480 40
721 480 40
722 480 40
725 480 40
726 480 40
868 480 40
869 480 40
870 480 40
871 480 40
919 480 40
920 480 40
921 480 40
922 480 40
923 480 40
988 480 40
989 480 40
990 480 40
991 480 40
1057 480 40
1058 480 40
1059 480 40
1060 480 40
1306 480 40
1307 480 40
1308 480 40
1841 480 40
1842 480 40
1843 480 40
690 481 40
691 481 40
692 481 40
693 481 40
721 481 40
722 481 40
725 481 40
726 481 40
868 481 40
869 481 40
870 481 40
919 481 40
920 481 40
921 481 40
922 481 40
988 481 40
989 481 40
990 481 40
991 481 40
1057 481 40
1058 481 40
1059 481 40
1060 481 40
1305 481 40
1306 481 40
1307 481 40
1308 481 40
1840 481 40
1841 481 40
1842 481 40
1843 481 40
690 482 40
691 482 40
692 482 40
693 482 40
721 482 40
722 482 40
725 482 40
726 482 40
867 482 40
868 482 40
869 482 40
870 482 40
918 482 40
919 482 40
920 482 40
921 482 40
922 482 40
988 482 40
989 482 40
990 482 40
991 482 40
1056 482 40
1057 482 40
1058 482 40
1059 482 40
1304 482 40
1305 482 40
1306 482 40
1307 482 40
1840 482 40
1841 482 40
1842 482 40
690 483 40
691 483 40
692 483 40
693 483 40
721 483 40
722 483 40
725 483 40
726 483 40
867 483 40
868 483 40
869 483 40
918 483 40
919 483 40
920 483 40
921 483 40
988 483 40
989 483 40
990 483 40
991 483 40
1056 483 40
1057 483 40
1058 483 40
1059 483 40
1304 483 40
1305 483 40
1306 483 40
1840 483 40
1841 483 40
1842 483 40
690 484 40
691 484 40
692 484 40
693 484 40
721 484 40
722 484 40
725 484 40
726 484 40
867 484 40
868 484 40
869 484 40
917 484 40
918 484 40
919 484 40
920 484 40
921 484 40
988 484 40
989 484 40
990 484 40
991 484 40
1056 484 40
1057 484 40
1058 484 40
1059 484 40
1303 484 40
1304 484 40
1305 484 40
1306 484 40
1840 484 40
1841 484 40
1842 484 40
690 485 40
691 485 40
692 485 40
721 485 40
722 485 40
725 485 40
726 485 40
866 485 40
867 485 40
868 485 40
869 485 40
917 485 40
918 485 40
919 485 40
920 485 40
988 485 40
989 485 40
990 485 40
991 485 40
1055 485 40
1056 485 40
1057 485 40
1058 485 40
1059 485 40
1303 485 40
1304 485 40
1305 485 40
1840 485 40
1841 485 40
1842 485 40
690 486 40
691 486 40
692 486 40
721 486 40
722 486 40
725 486 40
726 486 40
866 486 40
867 486 40
868 486 40
917 486 40
918 486 40
919 486 40
920 486 40
988 486 40
989 486 40
990 486 40
991 486 40
1055 486 40
1056 486 40
1057 486 40
1058 486 40
1302 486 40
1303 486 40
1304 486 40
1839 486 40
1840 486 40
1841 486 40
1842 486 40
689 487 40
690 487 40
691 487 40
692 487 40
721 487 40
722 487 40
724 487 40
725 487 40
865 487 40
866 487 40
867 487 40
868 487 40
916 487 40
917 487 40
918 487 40
919 487 40
987 487 40
988 487 40
989 487 40
990 487 40
991 487 40
1055 487 40
1056 487 40
1057 487 40
1058 487 40
1301 487 40
1302 487 40
1303 487 40
1304 487 40
1839 487 40
1840 487 40
1841 487 40
1842 487 40
689 488 40
690 488 40
691 488 40
692 488 40
721 488 40
722 488 40
724 488 40
725 488 40
865 488 40
866 488 40
867 488 40
916 488 40
917 488 40
918 488 40
919 488 40
987 488 40
988 488 40
989 488 40
990 488 40
991 488 40
1054 488 40
1055 488 40
1056 488 40
1057 488 40
1058 488 40
1299 488 40
1300 488 40
1301 488 40
1302 488 40
1303 488 40
1839 488 40
1840 488 40
1841 488 40
689 489 40
690 489 40
691 489 40
721 489 40
722 489 40
724 489 40
725 489 40
864 489 40
865 489 40
866 489 40
867 489 40
915 489 40
916 489 40
917 489 40
918 489 40
919 489 40
987 489 40
988 489 40
989 489 40
990 489 40
1054 489 40
1055 489 40
1056 489 40
1057 489 40
1298 489 40
1299 489 40
1300 489 40
1301 489 40
1302 489 40
1839 489 40
1840 489 40
1841 489 40
688 490 40
689 490 40
690 490 40
691 490 40
721 490 40
722 490 40
724 490 40
725 490 40
863 490 40
864 490 40
865 490 40
866 490 40
915 490 40
916 490 40
917 490 40
918 490 40
987 490 40
988 490 40
989 490 40
990 490 40
1053 490 40
1054 490 40
1055 490 40
1056 490 40
1057 490 40
1297 490 40
1298 490 40
1299 490 40
1300 490 40
1301 490 40
1302 490 40
1838 490 40
1839 490 40
1840 490 40
1841 490 40
688 491 40
689 491 40
690 491 40
691 491 40
721 491 40
722 491 40
723 491 40
724 491 40
863 491 40
864 491 40
865 491 40
866 491 40
915 491 40
916 491 40
917 491 40
918 491 40
987 491 40
988 491 40
989 491 40
990 491 40
1053 491 40
1054 491 40
1055 491 40
1056 491 40
1296 491 40
1297 491 40
1298 491 40
1299 491 40
1300 491 40
1301 491 40
1838 491 40
1839 491 40
1840 491 40
1841 491 40
688 492 40
689 492 40
690 492 40
721 492 40
722 492 40
723 492 40
863 492 40
864 492 40
865 492 40
914 492 40
915 492 40
916 492 40
917 492 40
987 492 40
988 492 40
989 492 40
990 492 40
1041 492 40
1042 492 40
1043 492 40
1053 492 40
1054 492 40
1055 492 40
1056 492 40
1296 492 40
1297 492 40
1298 492 40
1299 492 40
1838 492 40
1839 492 40
1840 492 40
688 493 40
689 493 40
690 493 40
720 493 40
721 493 40
722 493 40
723 493 40
863 493 40
864 493 40
865 493 40
914 493 40
915 493 40
916 493 40
917 493 40
987 493 40
988 493 40
989 493 40
990 493 40
1040 493 40
1041 493 40
1042 493 40
1043 493 40
1044 493 40
1052 493 40
1053 493 40
1054 493 40
1055 493 40
1056 493 40
1295 493 40
1296 493 40
1297 493 40
1298 493 40
1837 493 40
1838 493 40
1839 493 40
1840 493 40
688 494 40
689 494 40
690 494 40
720 494 40
721 494 40
722 494 40
723 494 40
862 494 40
863 494 40
864 494 40
865 494 40
914 494 40
915 494 40
916 494 40
917 494 40
986 494 40
987 494 40
988 494 40
989 494 40
1039 494 40
1040 494 40
1044 494 40
1045 494 40
1052 494 40
1053 494 40
1054 494 40
1055 494 40
1294 494 40
1295 494 40
1296 494 40
1297 494 40
1837 494 40
1838 494 40
1839 494 40
688 495 40
689 495 40
690 495 40
720 495 40
721 495 40
722 495 40
862 495 40
863 495 40
864 495 40
913 495 40
914 495 40
915 495 40
916 495 40
986 495 40
987 495 40
988 495 40
989 495 40
1039 495 40
1040 495 40
1044 495 40
1045 495 40
1052 495 40
1053 495 40
1054 495 40
1055 495 40
1294 495 40
1295 495 40
1296 495 40
1836 495 40
1837 495 40
1838 495 40
1839 495 40
688 496 40
689 496 40
690 496 40
719 496 40
720 496 40
721 496 40
722 496 40
862 496 40
863 496 40
864 496 40
913 496 40
914 496 40
915 496 40
916 496 40
986 496 40
987 496 40
988 496 40
989 496 40
1039 496 40
1040 496 40
1044 496 40
1045 496 40
1051 496 40
1052 496 40
1054 496 40
1055 496 40
1293 496 40
1294 496 40
1295 496 40
1296 496 40
1836 496 40
1837 496 40
1838 496 40
687 497 40
688 497 40
689 497 40
719 497 40
720 497 40
721 497 40
861 497 40
862 497 40
863 497 40
864 497 40
913 497 40
914 497 40
915 497 40
986 497 40
987 497 40
988 497 40
989 497 40
1039 497 40
1040 497 40
1044 497 40
1045 497 40
1051 497 40
1052 497 40
1054 497 40
1055 497 40
1292 497 40
1293 497 40
1294 497 40
1295 497 40
1835 497 40
1836 497 40
1837 497 40
1838 497 40
687 498 40
688 498 40
689 498 40
719 498 40
720 498 40
721 498 40
861 498 40
862 498 40
863 498 40
912 498 40
913 498 40
914 498 40
915 498 40
986 498 40
987 498 40
988 498 40
989 498 40
1038 498 40
1039 498 40
1044 498 40
1045 498 40
1051 498 40
1052 498 40
1055 498 40
1056 498 40
1292 498 40
1293 498 40
1294 498 40
1835 498 40
1836 498 40
1837 498 40
1838 498 40
687 499 40
688 499 40
689 499 40
718 499 40
719 499 40
720 499 40
721 499 40
861 499 40
862 499 40
863 499 40
912 499 40
913 499 40
914 499 40
915 499 40
986 499 40
987 499 40
988 499 40
989 499 40
1038 499 40
1039 499 40
1044 499 40
1045 499 40
1050 499 40
1051 499 40
1056 499 40
1057 499 40
1291 499 40
1292 499 40
1293 499 40
1294 499 40
1834 499 40
1835 499 40
1836 499 40
1837 499 40
687 500 40
688 500 40
689 500 40
718 500 40
719 500 40
720 500 40
721 500 40
860 500 40
861 500 40
862 500 40
863 500 40
912 500 40
913 500 40
914 500 40
915 500 40
986 500 40
987 500 40
988 500 40
1038 500 40
1039 500 40
1044 500 40
1045 500 40
1050 500 40
1051 500 40
1056 500 40
1057 500 40
1291 500 40
1292 500 40
1293 500 40
1294 500 40
1834 500 40
1835 500 40
1836 500 40
1837 500 40
687 501 40
688 501 40
689 501 40
718 501 40
719 501 40
720 501 40
860 501 40
861 501 40
862 501 40
912 501 40
913 501 40
914 501 40
985 501 40
986 501 40
987 501 40
988 501 40
1038 501 40
1039 501 40
1045 501 40
1046 501 40
1050 501 40
1051 501 40
1056 501 40
1057 501 40
1290 501 40
1291 501 40
1292 501 40
1293 501 40
1833 501 40
1834 501 40
1835 501 40
1836 501 40
687 502 40
688 502 40
689 502 40
717 502 40
718 502 40
719 502 40
720 502 40
859 502 40
860 502 40
861 502 40
862 502 40
911 502 40
912 502 40
913 502 40
914 502 40
985 502 40
986 502 40
987 502 40
988 502 40
1038 502 40
1039 502 40
1045 502 40
1046 502 40
1049 502 40
1050 502 40
1056 502 40
1057 502 40
1290 502 40
1291 502 40
1292 502 40
1293 502 40
1832 502 40
1833 502 40
1835 502 40
1836 502 40
686 503 40
687 503 40
688 503 40
689 503 40
717 503 40
718 503 40
719 503 40
859 503 40
860 503 40
861 503 40
862 503 40
911 503 40
912 503 40
913 503 40
914 503 40
985 503 40
986 503 40
987 503 40
1038 503 40
1039 503 40
1045 503 40
1046 503 40
1048 503 40
1049 503 40
1056 503 40
1057 503 40
1290 503 40
1291 503 40
1292 503 40
1293 503 40
1832 503 40
1833 503 40
1834 503 40
1835 503 40
686 504 40
687 504 40
689 504 40
690 504 40
716 504 40
717 504 40
718 504 40
719 504 40
858 504 40
859 504 40
860 504 40
861 504 40
910 504 40
911 504 40
912 504 40
913 504 40
984 504 40
985 504 40
986 504 40
987 504 40
1038 504 40
1039 504 40
1045 504 40
1046 504 40
1047 504 40
1048 504 40
1056 504 40
1057 504 40
1290 504 40
1291 504 40
1292 504 40
1831 504 40
1832 504 40
1833 504 40
1834 504 40
686 505 40
687 505 40
689 505 40
690 505 40
716 505 40
717 505 40
718 505 40
858 505 40
859 505 40
860 505 40
910 505 40
911 505 40
912 505 40
913 505 40
984 505 40
985 505 40
986 505 40
987 505 40
1038 505 40
1039 505 40
1046 505 40
1047 505 40
1055 505 40
1056 505 40
1289 505 40
1290 505 40
1291 505 40
1292 505 40
1830 505 40
1831 505 40
1833 505 40
1834 505 40
686 506 40
687 506 40
689 506 40
690 506 40
716 506 40
717 506 40
718 506 40
857 506 40
858 506 40
859 506 40
860 506 40
910 506 40
911 506 40
912 506 40
913 506 40
984 506 40
985 506 40
986 506 40
987 506 40
1038 506 40
1039 506 40
1053 506 40
1054 506 40
1055 506 40
1289 506 40
1290 506 40
1291 506 40
1292 506 40
1829 506 40
1830 506 40
1832 506 40
1833 506 40
686 507 40
687 507 40
689 507 40
690 507 40
715 507 40
716 507 40
717 507 40
857 507 40
858 507 40
859 507 40
909 507 40
910 507 40
911 507 40
912 507 40
984 507 40
985 507 40
986 507 40
1039 507 40
1040 507 40
1052 507 40
1053 507 40
1054 507 40
1289 507 40
1290 507 40
1292 507 40
1293 507 40
1828 507 40
1829 507 40
1832 507 40
1833 507 40
686 508 40
687 508 40
689 508 40
690 508 40
715 508 40
716 508 40
717 508 40
856 508 40
857 508 40
858 508 40
859 508 40
909 508 40
910 508 40
911 508 40
912 508 40
983 508 40
984 508 40
985 508 40
986 508 40
1039 508 40
1040 508 40
1051 508 40
1052 508 40
1288 508 40
1289 508 40
1292 508 40
1293 508 40
1828 508 40
1829 508 40
1831 508 40
1832 508 40
686 509 40
687 509 40
689 509 40
690 509 40
715 509 40
716 509 40
717 509 40
856 509 40
857 509 40
858 509 40
908 509 40
909 509 40
910 509 40
911 509 40
983 509 40
984 509 40
985 509 40
986 509 40
1039 509 40
1040 509 40
1051 509 40
1052 509 40
1288 509 40
1289 509 40
1292 509 40
1293 509 40
1828 509 40
1829 509 40
1830 509 40
1831 509 40
686 510 40
687 510 40
689 510 40
690 510 40
714 510 40
715 510 40
716 510 40
717 510 40
855 510 40
856 510 40
857 510 40
858 510 40
908 510 40
909 510 40
910 510 40
911 510 40
983 510 40
984 510 40
985 510 40
1039 510 40
1040 510 40
1050 510 40
1051 510 40
1288 510 40
1289 510 40
1293 510 40
1294 510 40
1827 510 40
1828 510 40
1830 510 40
1831 510 40
686 511 40
687 511 40
689 511 40
690 511 40
714 511 40
715 511 40
716 511 40
854 511 40
855 511 40
856 511 40
857 511 40
908 511 40
909 511 40
910 511 40
911 511 40
983 511 40
984 511 40
985 511 40
1040 511 40
1041 511 40
1050 511 40
1051 511 40
1288 511 40
1289 511 40
1293 511 40
1294 511 40
1827 511 40
1828 511 40
1829 511 40
1830 511 40
686 512 40
687 512 40
689 512 40
690 512 40
713 512 40
714 512 40
715 512 40
716 512 40
853 512 40
854 512 40
855 512 40
856 512 40
857 512 40
907 512 40
908 512 40
909 512 40
910 512 40
982 512 40
983 512 40
984 512 40
985 512 40
1040 512 40
1041 512 40
1050 512 40
1051 512 40
1288 512 40
1289 512 40
1293 512 40
1294 512 40
1827 512 40
1828 512 40
1829 512 40
1830 512 40
686 513 40
687 513 40
689 513 40
690 513 40
713 513 40
714 513 40
715 513 40
852 513 40
853 513 40
855 513 40
856 513 40
907 513 40
908 513 40
909 513 40
910 513 40
982 513 40
983 513 40
984 513 40
985 513 40
1040 513 40
1041 513 40
1050 513 40
1051 513 40
1288 513 40
1289 513 40
1294 513 40
1295 513 40
1827 513 40
1828 513 40
1829 513 40
686 514 40
687 514 40
689 514 40
690 514 40
713 514 40
714 514 40
715 514 40
852 514 40
853 514 40
855 514 40
856 514 40
906 514 40
907 514 40
908 514 40
909 514 40
982 514 40
983 514 40
984 514 40
985 514 40
1040 514 40
1041 514 40
1050 514 40
1051 514 40
1288 514 40
1289 514 40
1295 514 40
1296 514 40
1826 514 40
1827 514 40
1828 514 40
686 515 40
687 515 40
689 515 40
690 515 40
712 515 40
713 515 40
714 515 40
715 515 40
850 515 40
851 515 40
852 515 40
854 515 40
855 515 40
906 515 40
907 515 40
908 515 40
909 515 40
981 515 40
982 515 40
983 515 40
984 515 40
1040 515 40
1041 515 40
1050 515 40
1051 515 40
1288 515 40
1289 515 40
1295 515 40
1296 515 40
1826 515 40
1827 515 40
686 516 40
687 516 40
689 516 40
690 516 40
712 516 40
713 516 40
714 516 40
715 516 40
849 516 40
850 516 40
851 516 40
853 516 40
854 516 40
906 516 40
907 516 40
908 516 40
981 516 40
982 516 40
983 516 40
984 516 40
1041 516 40
1042 516 40
1050 516 40
1051 516 40
1053 516 40
1054 516 40
1055 516 40
1288 516 40
1289 516 40
1296 516 40
1297 516 40
1825 516 40
1826 516 40
1827 516 40
1828 516 40
686 517 40
687 517 40
689 517 40
690 517 40
711 517 40
712 517 40
713 517 40
714 517 40
848 517 40
849 517 40
853 517 40
854 517 40
905 517 40
906 517 40
907 517 40
908 517 40
981 517 40
982 517 40
983 517 40
984 517 40
1041 517 40
1042 517 40
1050 517 40
1051 517 40
1052 517 40
1053 517 40
1054 517 40
1055 517 40
1056 517 40
1288 517 40
1289 517 40
1296 517 40
1297 517 40
1826 517 40
1827 517 40
1828 517 40
686 518 40
687 518 40
689 518 40
690 518 40
711 518 40
712 518 40
713 518 40
714 518 40
849 518 40
850 518 40
851 518 40
852 518 40
853 518 40
905 518 40
906 518 40
907 518 40
981 518 40
982 518 40
983 518 40
1042 518 40
1043 518 40
1050 518 40
1051 518 40
1052 518 40
1053 518 40
1056 518 40
1057 518 40
1288 518 40
1289 518 40
1296 518 40
1297 518 40
1825 518 40
1826 518 40
1827 518 40
1828 518 40
686 519 40
687 519 40
689 519 40
690 519 40
711 519 40
712 519 40
713 519 40
714 519 40
847 519 40
848 519 40
849 519 40
850 519 40
851 519 40
852 519 40
904 519 40
905 519 40
906 519 40
907 519 40
981 519 40
982 519 40
983 519 40
1042 519 40
1043 519 40
1050 519 40
1051 519 40
1052 519 40
1056 519 40
1057 519 40
1288 519 40
1289 519 40
1296 519 40
1297 519 40
1825 519 40
1826 519 40
1827 519 40
1828 519 40
686 520 40
687 520 40
688 520 40
689 520 40
711 520 40
712 520 40
713 520 40
714 520 40
846 520 40
847 520 40
848 520 40
849 520 40
850 520 40
904 520 40
905 520 40
906 520 40
981 520 40
982 520 40
983 520 40
1043 520 40
1044 520 40
1051 520 40
1056 520 40
1057 520 40
1288 520 40
1289 520 40
1296 520 40
1297 520 40
1825 520 40
1826 520 40
1827 520 40
1828 520 40
687 521 40
688 521 40
689 521 40
711 521 40
712 521 40
713 521 40
714 521 40
846 521 40
847 521 40
848 521 40
849 521 40
904 521 40
905 521 40
906 521 40
980 521 40
981 521 40
982 521 40
983 521 40
1043 521 40
1044 521 40
1056 521 40
1057 521 40
1288 521 40
1289 521 40
1296 521 40
1297 521 40
1825 521 40
1826 521 40
1827 521 40
1828 521 40
686 522 40
687 522 40
688 522 40
689 522 40
711 522 40
712 522 40
713 522 40
714 522 40
846 522 40
847 522 40
848 522 40
849 522 40
903 522 40
904 522 40
905 522 40
906 522 40
980 522 40
981 522 40
982 522 40
1043 522 40
1044 522 40
1055 522 40
1056 522 40
1288 522 40
1289 522 40
1297 522 40
1298 522 40
1825 522 40
1826 522 40
1827 522 40
1828 522 40
685 523 40
686 523 40
687 523 40
688 523 40
689 523 40
690 523 40
711 523 40
712 523 40
713 523 40
714 523 40
846 523 40
847 523 40
848 523 40
849 523 40
903 523 40
904 523 40
905 523 40
980 523 40
981 523 40
982 523 40
1043 523 40
1044 523 40
1053 523 40
1054 523 40
1055 523 40
1288 523 40
1289 523 40
1297 523 40
1298 523 40
1825 523 40
1826 523 40
1827 523 40
1828 523 40
684 524 40
685 524 40
689 524 40
690 524 40
691 524 40
711 524 40
712 524 40
713 524 40
714 524 40
847 524 40
848 524 40
849 524 40
902 524 40
903 524 40
904 524 40
905 524 40
979 524 40
980 524 40
981 524 40
982 524 40
1044 524 40
1045 524 40
1046 524 40
1047 524 40
1048 524 40
1051 524 40
1052 524 40
1053 524 40
1054 524 40
1288 524 40
1289 524 40
1297 524 40
1298 524 40
1825 524 40
1826 524 40
1827 524 40
1828 524 40
685 525 40
686 525 40
690 525 40
691 525 40
711 525 40
712 525 40
713 525 40
714 525 40
848 525 40
902 525 40
903 525 40
904 525 40
979 525 40
980 525 40
981 525 40
1045 525 40
1046 525 40
1047 525 40
1048 525 40
1049 525 40
1050 525 40
1051 525 40
1052 525 40
1288 525 40
1289 525 40
1298 525 40
1299 525 40
1825 525 40
1826 525 40
1827 525 40
1828 525 40
686 526 40
687 526 40
691 526 40
692 526 40
711 526 40
712 526 40
713 526 40
714 526 40
901 526 40
902 526 40
903 526 40
904 526 40
979 526 40
980 526 40
981 526 40
1048 526 40
1049 526 40
1050 526 40
1051 526 40
1288 526 40
1289 526 40
1298 526 40
1299 526 40
1825 526 40
1826 526 40
1827 526 40
1828 526 40
686 527 40
687 527 40
692 527 40
693 527 40
711 527 40
712 527 40
713 527 40
714 527 40
901 527 40
902 527 40
903 527 40
904 527 40
979 527 40
980 527 40
981 527 40
1048 527 40
1049 527 40
1050 527 40
1051 527 40
1289 527 40
1290 527 40
1298 527 40
1299 527 40
1826 527 40
1827 527 40
1828 527 40
1829 527 40
687 528 40
688 528 40
692 528 40
693 528 40
711 528 40
712 528 40
713 528 40
714 528 40
900 528 40
901 528 40
902 528 40
903 528 40
978 528 40
979 528 40
980 528 40
981 528 40
1048 528 40
1049 528 40
1050 528 40
1051 528 40
1289 528 40
1290 528 40
1298 528 40
1299 528 40
1827 528 40
1828 528 40
1829 528 40
687 529 40
688 529 40
691 529 40
692 529 40
711 529 40
712 529 40
713 529 40
714 529 40
899 529 40
900 529 40
901 529 40
902 529 40
978 529 40
979 529 40
980 529 40
1048 529 40
1049 529 40
1050 529 40
1051 529 40
1288 529 40
1289 529 40
1298 529 40
1299 529 40
1827 529 40
1828 529 40
1829 529 40
1830 529 40
687 530 40
688 530 40
690 530 40
691 530 40
711 530 40
712 530 40
713 530 40
714 530 40
899 530 40
900 530 40
901 530 40
902 530 40
978 530 40
979 530 40
980 530 40
1048 530 40
1049 530 40
1050 530 40
1051 530 40
1287 530 40
1288 530 40
1297 530 40
1298 530 40
1827 530 40
1828 530 40
1829 530 40
1830 530 40
687 531 40
688 531 40
690 531 40
691 531 40
711 531 40
712 531 40
713 531 40
714 531 40
898 531 40
899 531 40
900 531 40
901 531 40
977 531 40
978 531 40
979 531 40
980 531 40
1049 531 40
1050 531 40
1051 531 40
1287 531 40
1288 531 40
1297 531 40
1298 531 40
1828 531 40
1829 531 40
1830 531 40
687 532 40
688 532 40
691 532 40
692 532 40
711 532 40
712 532 40
713 532 40
714 532 40
898 532 40
899 532 40
900 532 40
977 532 40
978 532 40
979 532 40
1048 532 40
1049 532 40
1050 532 40
1051 532 40
1287 532 40
1288 532 40
1297 532 40
1298 532 40
1828 532 40
1829 532 40
1830 532 40
1831 532 40
687 533 40
688 533 40
691 533 40
692 533 40
711 533 40
712 533 40
713 533 40
714 533 40
897 533 40
898 533 40
899 533 40
900 533 40
977 533 40
978 533 40
979 533 40
1048 533 40
1049 533 40
1050 533 40
1051 533 40
1288 533 40
1289 533 40
1297 533 40
1298 533 40
1829 533 40
1830 533 40
1831 533 40
687 534 40
688 534 40
692 534 40
693 534 40
711 534 40
712 534 40
713 534 40
714 534 40
897 534 40
898 534 40
899 534 40
900 534 40
976 534 40
977 534 40
978 534 40
979 534 40
1048 534 40
1049 534 40
1050 534 40
1051 534 40
1288 534 40
1289 534 40
1296 534 40
1297 534 40
1829 534 40
1830 534 40
1831 534 40
1832 534 40
688 535 40
689 535 40
691 535 40
692 535 40
711 535 40
712 535 40
713 535 40
714 535 40
896 535 40
897 535 40
898 535 40
899 535 40
976 535 40
977 535 40
978 535 40
1048 535 40
1049 535 40
1050 535 40
1051 535 40
1288 535 40
1289 535 40
1296 535 40
1297 535 40
1829 535 40
1830 535 40
1831 535 40
1832 535 40
689 536 40
690 536 40
692 536 40
693 536 40
711 536 40
712 536 40
713 536 40
895 536 40
896 536 40
897 536 40
898 536 40
899 536 40
975 536 40
976 536 40
977 536 40
978 536 40
1048 536 40
1049 536 40
1050 536 40
1051 536 40
1288 536 40
1289 536 40
1296 536 40
1297 536 40
1829 536 40
1830 536 40
1831 536 40
1832 536 40
1833 536 40
689 537 40
690 537 40
691 537 40
692 537 40
711 537 40
712 537 40
713 537 40
714 537 40
895 537 40
896 537 40
897 537 40
898 537 40
975 537 40
976 537 40
977 537 40
978 537 40
1048 537 40
1049 537 40
1050 537 40
1288 537 40
1289 537 40
1296 537 40
1297 537 40
1829 537 40
1830 537 40
1831 537 40
1832 537 40
1833 537 40
690 538 40
691 538 40
711 538 40
712 538 40
713 538 40
714 538 40
894 538 40
895 538 40
896 538 40
897 538 40
898 538 40
975 538 40
976 538 40
977 538 40
978 538 40
1048 538 40
1049 538 40
1050 538 40
1288 538 40
1289 538 40
1296 538 40
1297 538 40
1829 538 40
1830 538 40
1831 538 40
1832 538 40
711 539 40
712 539 40
713 539 40
894 539 40
895 539 40
896 539 40
897 539 40
974 539 40
975 539 40
976 539 40
977 539 40
1048 539 40
1049 539 40
1050 539 40
1288 539 40
1289 539 40
1296 539 40
1297 539 40
1829 539 40
1830 539 40
1831 539 40
1832 539 40
711 540 40
712 540 40
713 540 40
893 540 40
894 540 40
895 540 40
896 540 40
897 540 40
974 540 40
975 540 40
976 540 40
977 540 40
1048 540 40
1049 540 40
1050 540 40
1288 540 40
1289 540 40
1296 540 40
1297 540 40
1829 540 40
1830 540 40
1831 540 40
1832 540 40
711 541 40
712 541 40
713 541 40
893 541 40
894 541 40
895 541 40
896 541 40
973 541 40
974 541 40
975 541 40
976 541 40
1047 541 40
1048 541 40
1049 541 40
1050 541 40
1288 541 40
1289 541 40
1295 541 40
1296 541 40
1829 541 40
1830 541 40
1831 541 40
1832 541 40
710 542 40
711 542 40
712 542 40
893 542 40
894 542 40
895 542 40
896 542 40
973 542 40
974 542 40
975 542 40
976 542 40
1047 542 40
1048 542 40
1049 542 40
1288 542 40
1289 542 40
1294 542 40
1295 542 40
1830 542 40
1831 542 40
1832 542 40
710 543 40
711 543 40
712 543 40
892 543 40
893 543 40
894 543 40
895 543 40
896 543 40
973 543 40
974 543 40
975 543 40
1047 543 40
1048 543 40
1049 543 40
1287 543 40
1288 543 40
1294 543 40
1295 543 40
1830 543 40
1831 543 40
1832 543 40
709 544 40
710 544 40
711 544 40
712 544 40
893 544 40
894 544 40
895 544 40
972 544 40
973 544 40
974 544 40
975 544 40
1046 544 40
1047 544 40
1048 544 40
1049 544 40
1287 544 40
1288 544 40
1294 544 40
1295 544 40
1830 544 40
1831 544 40
1832 544 40
709 545 40
710 545 40
711 545 40
892 545 40
893 545 40
894 545 40
895 545 40
972 545 40
973 545 40
974 545 40
1046 545 40
1047 545 40
1048 545 40
1049 545 40
1286 545 40
1287 545 40
1294 545 40
1295 545 40
1296 545 40
1830 545 40
1831 545 40
1832 545 40
709 546 40
710 546 40
711 546 40
891 546 40
892 546 40
893 546 40
894 546 40
895 546 40
971 546 40
972 546 40
973 546 40
974 546 40
1046 546 40
1047 546 40
1048 546 40
1286 546 40
1287 546 40
1295 546 40
1296 546 40
1297 546 40
1830 546 40
1831 546 40
1832 546 40
708 547 40
709 547 40
710 547 40
711 547 40
891 547 40
892 547 40
893 547 40
894 547 40
971 547 40
972 547 40
973 547 40
1045 547 40
1046 547 40
1047 547 40
1048 547 40
1286 547 40
1287 547 40
1296 547 40
1297 547 40
1830 547 40
1831 547 40
1832 547 40
708 548 40
709 548 40
710 548 40
711 548 40
890 548 40
891 548 40
892 548 40
893 548 40
894 548 40
970 548 40
971 548 40
972 548 40
973 548 40
1045 548 40
1046 548 40
1047 548 40
1048 548 40
1286 548 40
1287 548 40
1295 548 40
1296 548 40
1830 548 40
1831 548 40
1832 548 40
708 549 40
709 549 40
710 549 40
711 549 40
890 549 40
891 549 40
892 549 40
893 549 40
894 549 40
970 549 40
971 549 40
972 549 40
1045 549 40
1046 549 40
1047 549 40
1048 549 40
1286 549 40
1287 549 40
1294 549 40
1295 549 40
1830 549 40
1831 549 40
1832 549 40
1833 549 40
707 550 40
708 550 40
709 550 40
710 550 40
889 550 40
890 550 40
891 550 40
892 550 40
893 550 40
969 550 40
970 550 40
971 550 40
972 550 40
1044 550 40
1045 550 40
1046 550 40
1047 550 40
1286 550 40
1287 550 40
1294 550 40
1295 550 40
1830 550 40
1831 550 40
1832 550 40
1833 550 40
707 551 40
708 551 40
709 551 40
710 551 40
889 551 40
890 551 40
891 551 40
892 551 40
893 551 40
968 551 40
969 551 40
970 551 40
971 551 40
1044 551 40
1045 551 40
1046 551 40
1047 551 40
1286 551 40
1287 551 40
1294 551 40
1295 551 40
1831 551 40
1832 551 40
1833 551 40
706 552 40
707 552 40
708 552 40
709 552 40
888 552 40
889 552 40
890 552 40
891 552 40
892 552 40
968 552 40
969 552 40
970 552 40
1044 552 40
1045 552 40
1046 552 40
1047 552 40
1286 552 40
1287 552 40
1294 552 40
1295 552 40
1831 552 40
1832 552 40
1833 552 40
706 553 40
707 553 40
708 553 40
889 553 40
890 553 40
891 553 40
967 553 40
968 553 40
969 553 40
970 553 40
1044 553 40
1045 553 40
1046 553 40
1047 553 40
1286 553 40
1287 553 40
1294 553 40
1295 553 40
1830 553 40
1831 553 40
1832 553 40
1833 553 40
706 554 40
707 554 40
708 554 40
709 554 40
887 554 40
888 554 40
889 554 40
890 554 40
891 554 40
967 554 40
968 554 40
969 554 40
1045 554 40
1046 554 40
1047 554 40
1286 554 40
1287 554 40
1294 554 40
1295 554 40
1829 554 40
1830 554 40
1831 554 40
1832 554 40
1833 554 40
705 555 40
706 555 40
707 555 40
708 555 40
709 555 40
886 555 40
887 555 40
888 555 40
889 555 40
890 555 40
967 555 40
968 555 40
969 555 40
1044 555 40
1045 555 40
1046 555 40
1047 555 40
1287 555 40
1288 555 40
1294 555 40
1295 555 40
1829 555 40
1830 555 40
1831 555 40
1832 555 40
1833 555 40
705 556 40
706 556 40
707 556 40
708 556 40
887 556 40
888 556 40
889 556 40
890 556 40
966 556 40
967 556 40
968 556 40
969 556 40
1043 556 40
1044 556 40
1045 556 40
1046 556 40
1287 556 40
1288 556 40
1294 556 40
1295 556 40
1828 556 40
1829 556 40
1830 556 40
1831 556 40
1832 556 40
705 557 40
706 557 40
707 557 40
708 557 40
886 557 40
887 557 40
888 557 40
889 557 40
966 557 40
967 557 40
968 557 40
1043 557 40
1044 557 40
1045 557 40
1046 557 40
1287 557 40
1288 557 40
1294 557 40
1295 557 40
1828 557 40
1829 557 40
1830 557 40
1831 557 40
704 558 40
705 558 40
706 558 40
707 558 40
885 558 40
886 558 40
887 558 40
888 558 40
966 558 40
967 558 40
968 558 40
1043 558 40
1044 558 40
1045 558 40
1046 558 40
1288 558 40
1289 558 40
1294 558 40
1295 558 40
1827 558 40
1828 558 40
1829 558 40
704 559 40
705 559 40
706 559 40
707 559 40
884 559 40
885 559 40
886 559 40
887 559 40
965 559 40
966 559 40
967 559 40
968 559 40
1043 559 40
1044 559 40
1045 559 40
1046 559 40
1288 559 40
1289 559 40
1294 559 40
1295 559 40
1827 559 40
1828 559 40
1829 559 40
1830 559 40
703 560 40
704 560 40
705 560 40
706 560 40
883 560 40
884 560 40
885 560 40
886 560 40
965 560 40
966 560 40
967 560 40
1043 560 40
1044 560 40
1045 560 40
1046 560 40
1288 560 40
1289 560 40
1294 560 40
1295 560 40
1826 560 40
1827 560 40
1828 560 40
1829 560 40
703 561 40
704 561 40
705 561 40
706 561 40
882 561 40
883 561 40
884 561 40
885 561 40
964 561 40
965 561 40
966 561 40
967 561 40
1043 561 40
1044 561 40
1045 561 40
1288 561 40
1289 561 40
1294 561 40
1295 561 40
1826 561 40
1827 561 40
1828 561 40
703 562 40
704 562 40
705 562 40
882 562 40
883 562 40
884 562 40
964 562 40
965 562 40
966 562 40
1043 562 40
1044 562 40
1045 562 40
1289 562 40
1290 562 40
1295 562 40
1296 562 40
1825 562 40
1826 562 40
1827 562 40
1828 562 40
702 563 40
703 563 40
704 563 40
705 563 40
881 563 40
882 563 40
883 563 40
884 563 40
964 563 40
965 563 40
966 563 40
1043 563 40
1044 563 40
1045 563 40
1289 563 40
1290 563 40
1295 563 40
1296 563 40
1825 563 40
1826 563 40
1827 563 40
1828 563 40
702 564 40
703 564 40
704 564 40
880 564 40
881 564 40
882 564 40
883 564 40
963 564 40
964 564 40
965 564 40
966 564 40
1043 564 40
1044 564 40
1045 564 40
1289 564 40
1290 564 40
1295 564 40
1296 564 40
1825 564 40
1826 564 40
1827 564 40
1828 564 40
702 565 40
703 565 40
704 565 40
880 565 40
881 565 40
882 565 40
963 565 40
964 565 40
965 565 40
1043 565 40
1044 565 40
1045 565 40
1290 565 40
1291 565 40
1295 565 40
1296 565 40
1825 565 40
1826 565 40
1827 565 40
701 566 40
702 566 40
703 566 40
879 566 40
880 566 40
881 566 40
882 566 40
962 566 40
963 566 40
964 566 40
965 566 40
1043 566 40
1044 566 40
1045 566 40
1290 566 40
1291 566 40
1294 566 40
1295 566 40
1825 566 40
1826 566 40
1827 566 40
701 567 40
702 567 40
703 567 40
704 567 40
879 567 40
880 567 40
881 567 40
962 567 40
963 567 40
964 567 40
1042 567 40
1043 567 40
1044 567 40
1045 567 40
1291 567 40
1292 567 40
1295 567 40
1296 567 40
1824 567 40
1825 567 40
1826 567 40
1827 567 40
700 568 40
701 568 40
702 568 40
703 568 40
878 568 40
879 568 40
880 568 40
881 568 40
962 568 40
963 568 40
964 568 40
1042 568 40
1043 568 40
1044 568 40
1045 568 40
1292 568 40
1293 568 40
1295 568 40
1296 568 40
1824 568 40
1825 568 40
1826 568 40
1827 568 40
700 569 40
701 569 40
702 569 40
703 569 40
878 569 40
879 569 40
880 569 40
961 569 40
962 569 40
963 569 40
964 569 40
1042 569 40
1043 569 40
1044 569 40
1045 569 40
1292 569 40
1293 569 40
1296 569 40
1297 569 40
1824 569 40
1825 569 40
1826 569 40
1827 569 40
700 570 40
701 570 40
702 570 40
877 570 40
878 570 40
879 570 40
880 570 40
961 570 40
962 570 40
963 570 40
1042 570 40
1043 570 40
1044 570 40
1293 570 40
1294 570 40
1296 570 40
1297 570 40
1824 570 40
1825 570 40
1826 570 40
1827 570 40
699 571 40
700 571 40
701 571 40
702 571 40
877 571 40
878 571 40
879 571 40
960 571 40
961 571 40
962 571 40
963 571 40
1042 571 40
1043 571 40
1044 571 40
1293 571 40
1294 571 40
1297 571 40
1298 571 40
1824 571 40
1825 571 40
1826 571 40
1827 571 40
699 572 40
700 572 40
701 572 40
877 572 40
878 572 40
879 572 40
960 572 40
961 572 40
962 572 40
1041 572 40
1042 572 40
1043 572 40
1044 572 40
1293 572 40
1294 572 40
1295 572 40
1296 572 40
1297 572 40
1824 572 40
1825 572 40
1826 572 40
1827 572 40
698 573 40
699 573 40
700 573 40
701 573 40
876 573 40
877 573 40
878 573 40
960 573 40
961 573 40
962 573 40
1041 573 40
1042 573 40
1043 573 40
1044 573 40
1293 573 40
1294 573 40
1295 573 40
1296 573 40
1824 573 40
1825 573 40
1826 573 40
698 574 40
699 574 40
700 574 40
877 574 40
960 574 40
961 574 40
962 574 40
1041 574 40
1042 574 40
1043 574 40
1044 574 40
1293 574 40
1294 574 40
1295 574 40
1823 574 40
1824 574 40
1825 574 40
1826 574 40
698 575 40
699 575 40
700 575 40
959 575 40
960 575 40
961 575 40
962 575 40
1041 575 40
1042 575 40
1043 575 40
1293 575 40
1294 575 40
1295 575 40
1296 575 40
1823 575 40
1824 575 40
1825 575 40
1826 575 40
697 576 40
698 576 40
699 576 40
959 576 40
960 576 40
961 576 40
962 576 40
1041 576 40
1042 576 40
1043 576 40
1293 576 40
1294 576 40
1295 576 40
1296 576 40
1823 576 40
1824 576 40
1825 576 40
1826 576 40
696 577 40
697 577 40
698 577 40
699 577 40
959 577 40
960 577 40
961 577 40
1041 577 40
1042 577 40
1043 577 40
1293 577 40
1294 577 40
1295 577 40
1296 577 40
1823 577 40
1824 577 40
1825 577 40
1826 577 40
696 578 40
697 578 40
698 578 40
958 578 40
959 578 40
960 578 40
961 578 40
1040 578 40
1041 578 40
1042 578 40
1043 578 40
1293 578 40
1294 578 40
1295 578 40
1296 578 40
1823 578 40
1824 578 40
1825 578 40
1826 578 40
695 579 40
696 579 40
697 579 40
698 579 40
958 579 40
959 579 40
960 579 40
961 579 40
1040 579 40
1041 579 40
1042 579 40
1293 579 40
1294 579 40
1295 579 40
1296 579 40
1823 579 40
1824 579 40
1825 579 40
1826 579 40
695 580 40
696 580 40
697 580 40
698 580 40
958 580 40
959 580 40
960 580 40
1040 580 40
1041 580 40
1042 580 40
1293 580 40
1294 580 40
1295 580 40
1296 580 40
1822 580 40
1823 580 40
1824 580 40
1825 580 40
1826 580 40
694 581 40
695 581 40
696 581 40
697 581 40
958 581 40
959 581 40
960 581 40
1040 581 40
1041 581 40
1042 581 40
1293 581 40
1294 581 40
1295 581 40
1296 581 40
1822 581 40
1823 581 40
1824 581 40
1825 581 40
1826 581 40
694 582 40
695 582 40
696 582 40
697 582 40
958 582 40
959 582 40
960 582 40
1039 582 40
1040 582 40
1041 582 40
1042 582 40
1293 582 40
1294 582 40
1295 582 40
1296 582 40
1822 582 40
1823 582 40
1825 582 40
1826 582 40
693 583 40
694 583 40
695 583 40
696 583 40
957 583 40
958 583 40
959 583 40
960 583 40
1039 583 40
1040 583 40
1041 583 40
1293 583 40
1294 583 40
1295 583 40
1822 583 40
1823 583 40
1824 583 40
1825 583 40
692 584 40
693 584 40
694 584 40
695 584 40
696 584 40
957 584 40
958 584 40
959 584 40
1039 584 40
1040 584 40
1041 584 40
1293 584 40
1294 584 40
1295 584 40
1822 584 40
1823 584 40
1824 584 40
1825 584 40
692 585 40
693 585 40
694 585 40
695 585 40
957 585 40
958 585 40
959 585 40
1039 585 40
1040 585 40
1041 585 40
1292 585 40
1293 585 40
1294 585 40
1295 585 40
1822 585 40
1823 585 40
1824 585 40
1825 585 40
691 586 40
692 586 40
693 586 40
694 586 40
957 586 40
958 586 40
959 586 40
1039 586 40
1040 586 40
1041 586 40
1292 586 40
1293 586 40
1294 586 40
1295 586 40
1822 586 40
1823 586 40
1824 586 40
1825 586 40
691 587 40
692 587 40
693 587 40
957 587 40
958 587 40
959 587 40
1039 587 40
1040 587 40
1041 587 40
1292 587 40
1293 587 40
1294 587 40
1295 587 40
1822 587 40
1823 587 40
1824 587 40
1825 587 40
690 588 40
691 588 40
692 588 40
957 588 40
958 588 40
959 588 40
1039 588 40
1040 588 40
1041 588 40
1292 588 40
1293 588 40
1294 588 40
1295 588 40
1822 588 40
1823 588 40
1824 588 40
1825 588 40
690 589 40
691 589 40
692 589 40
957 589 40
958 589 40
959 589 40
1038 589 40
1039 589 40
1040 589 40
1041 589 40
1291 589 40
1292 589 40
1293 589 40
1294 589 40
1295 589 40
1822 589 40
1823 589 40
1824 589 40
1825 589 40
689 590 40
690 590 40
691 590 40
957 590 40
958 590 40
959 590 40
1038 590 40
1039 590 40
1040 590 40
1041 590 40
1291 590 40
1292 590 40
1293 590 40
1294 590 40
1822 590 40
1823 590 40
1824 590 40
1825 590 40
689 591 40
690 591 40
691 591 40
957 591 40
958 591 40
959 591 40
1038 591 40
1039 591 40
1040 591 40
1041 591 40
1291 591 40
1292 591 40
1293 591 40
1294 591 40
1822 591 40
1823 591 40
1824 591 40
1825 591 40
688 592 40
689 592 40
690 592 40
957 592 40
958 592 40
959 592 40
1038 592 40
1039 592 40
1040 592 40
1041 592 40
1291 592 40
1292 592 40
1293 592 40
1294 592 40
1822 592 40
1823 592 40
1824 592 40
1825 592 40
687 593 40
688 593 40
689 593 40
958 593 40
1038 593 40
1039 593 40
1040 593 40
1290 593 40
1291 593 40
1292 593 40
1293 593 40
1294 593 40
1822 593 40
1823 593 40
1824 593 40
1825 593 40
687 594 40
688 594 40
689 594 40
1037 594 40
1038 594 40
1039 594 40
1040 594 40
1290 594 40
1291 594 40
1293 594 40
1294 594 40
1822 594 40
1823 594 40
1824 594 40
1825 594 40
686 595 40
687 595 40
688 595 40
1037 595 40
1038 595 40
1039 595 40
1040 595 40
1290 595 40
1291 595 40
1293 595 40
1294 595 40
1822 595 40
1823 595 40
1824 595 40
1825 595 40
686 596 40
687 596 40
688 596 40
1037 596 40
1038 596 40
1039 596 40
1290 596 40
1291 596 40
1293 596 40
1294 596 40
1822 596 40
1823 596 40
1824 596 40
1825 596 40
685 597 40
686 597 40
687 597 40
1037 597 40
1038 597 40
1039 597 40
1290 597 40
1291 597 40
1293 597 40
1294 597 40
1822 597 40
1823 597 40
1824 597 40
1825 597 40
685 598 40
686 598 40
687 598 40
1036 598 40
1037 598 40
1038 598 40
1039 598 40
1291 598 40
1292 598 40
1293 598 40
1294 598 40
1822 598 40
1823 598 40
1824 598 40
1825 598 40
684 599 40
685 599 40
686 599 40
1036 599 40
1037 599 40
1038 599 40
1291 599 40
1292 599 40
1293 599 40
1822 599 40
1823 599 40
1824 599 40
1825 599 40
683 600 40
684 600 40
685 600 40
1035 600 40
1036 600 40
1037 600 40
1038 600 40
1291 600 40
1292 600 40
1293 600 40
1822 600 40
1823 600 40
1824 600 40
1825 600 40
682 601 40
683 601 40
684 601 40
685 601 40
1035 601 40
1036 601 40
1037 601 40
1290 601 40
1291 601 40
1292 601 40
1293 601 40
1822 601 40
1823 601 40
1824 601 40
1825 601 40
682 602 40
683 602 40
684 602 40
1034 602 40
1035 602 40
1036 602 40
1037 602 40
1290 602 40
1291 602 40
1292 602 40
1293 602 40
1822 602 40
1823 602 40
1824 602 40
1825 602 40
682 603 40
683 603 40
684 603 40
1034 603 40
1035 603 40
1036 603 40
1290 603 40
1291 603 40
1292 603 40
1293 603 40
1822 603 40
1823 603 40
1824 603 40
1825 603 40
681 604 40
682 604 40
683 604 40
1033 604 40
1034 604 40
1035 604 40
1036 604 40
1290 604 40
1291 604 40
1292 604 40
1293 604 40
1822 604 40
1823 604 40
1824 604 40
1825 604 40
680 605 40
681 605 40
682 605 40
683 605 40
1033 605 40
1034 605 40
1035 605 40
1290 605 40
1291 605 40
1292 605 40
1822 605 40
1823 605 40
1824 605 40
1825 605 40
679 606 40
680 606 40
681 606 40
682 606 40
1032 606 40
1033 606 40
1034 606 40
1035 606 40
1290 606 40
1291 606 40
1292 606 40
1822 606 40
1823 606 40
1824 606 40
1825 606 40
678 607 40
679 607 40
680 607 40
681 607 40
682 607 40
1032 607 40
1033 607 40
1034 607 40
1290 607 40
1291 607 40
1292 607 40
1822 607 40
1823 607 40
1824 607 40
1825 607 40
677 608 40
678 608 40
681 608 40
682 608 40
1031 608 40
1032 608 40
1033 608 40
1034 608 40
1290 608 40
1291 608 40
1292 608 40
1822 608 40
1823 608 40
1824 608 40
1825 608 40
677 609 40
678 609 40
681 609 40
682 609 40
1031 609 40
1032 609 40
1033 609 40
1289 609 40
1290 609 40
1291 609 40
1292 609 40
1822 609 40
1823 609 40
1824 609 40
1825 609 40
676 610 40
677 610 40
681 610 40
682 610 40
1030 610 40
1031 610 40
1032 610 40
1033 610 40
1289 610 40
1290 610 40
1291 610 40
1292 610 40
1822 610 40
1823 610 40
1824 610 40
1825 610 40
676 611 40
677 611 40
679 611 40
680 611 40
681 611 40
682 611 40
1030 611 40
1031 611 40
1032 611 40
1033 611 40
1289 611 40
1290 611 40
1291 611 40
1292 611 40
1822 611 40
1823 611 40
1824 611 40
1825 611 40
677 612 40
678 612 40
679 612 40
680 612 40
681 612 40
1030 612 40
1031 612 40
1032 612 40
1033 612 40
1289 612 40
1290 612 40
1291 612 40
1292 612 40
1822 612 40
1823 612 40
1824 612 40
1825 612 40
676 613 40
677 613 40
678 613 40
1030 613 40
1031 613 40
1032 613 40
1033 613 40
1289 613 40
1290 613 40
1291 613 40
1822 613 40
1823 613 40
1824 613 40
1825 613 40
676 614 40
677 614 40
678 614 40
1030 614 40
1031 614 40
1032 614 40
1033 614 40
1288 614 40
1289 614 40
1290 614 40
1291 614 40
1822 614 40
1823 614 40
1824 614 40
1825 614 40
675 615 40
676 615 40
677 615 40
1030 615 40
1031 615 40
1032 615 40
1033 615 40
1288 615 40
1289 615 40
1290 615 40
1291 615 40
1822 615 40
1823 615 40
1824 615 40
1825 615 40
674 616 40
675 616 40
676 616 40
677 616 40
1030 616 40
1031 616 40
1032 616 40
1288 616 40
1289 616 40
1290 616 40
1291 616 40
1822 616 40
1823 616 40
1824 616 40
1825 616 40
673 617 40
674 617 40
675 617 40
676 617 40
1030 617 40
1031 617 40
1032 617 40
1288 617 40
1289 617 40
1290 617 40
1291 617 40
1822 617 40
1823 617 40
1824 617 40
1825 617 40
671 618 40
672 618 40
673 618 40
674 618 40
675 618 40
1030 618 40
1031 618 40
1032 618 40
1288 618 40
1289 618 40
1290 618 40
1822 618 40
1823 618 40
1824 618 40
1825 618 40
670 619 40
671 619 40
672 619 40
673 619 40
1029 619 40
1030 619 40
1031 619 40
1032 619 40
1287 619 40
1288 619 40
1289 619 40
1290 619 40
1822 619 40
1823 619 40
1824 619 40
1825 619 40
668 620 40
669 620 40
670 620 40
671 620 40
672 620 40
1029 620 40
1030 620 40
1031 620 40
1032 620 40
1287 620 40
1288 620 40
1289 620 40
1822 620 40
1823 620 40
1824 620 40
1825 620 40
667 621 40
668 621 40
669 621 40
670 621 40
671 621 40
1029 621 40
1030 621 40
1031 621 40
1032 621 40
1286 621 40
1287 621 40
1288 621 40
1289 621 40
1823 621 40
1824 621 40
666 622 40
667 622 40
668 622 40
669 622 40
670 622 40
1029 622 40
1030 622 40
1031 622 40
1032 622 40
1286 622 40
1287 622 40
1288 622 40
666 623 40
667 623 40
668 623 40
1029 623 40
1030 623 40
1031 623 40
1032 623 40
1286 623 40
1287 623 40
1288 623 40
666 624 40
667 624 40
668 624 40
1029 624 40
1030 624 40
1031 624 40
1032 624 40
1285 624 40
1286 624 40
1287 624 40
1288 624 40
664 625 40
665 625 40
666 625 40
667 625 40
1029 625 40
1030 625 40
1031 625 40
1032 625 40
1285 625 40
1286 625 40
1287 625 40
663 626 40
664 626 40
665 626 40
666 626 40
667 626 40
1029 626 40
1030 626 40
1031 626 40
1032 626 40
1284 626 40
1285 626 40
1286 626 40
1287 626 40
663 627 40
664 627 40
665 627 40
666 627 40
1029 627 40
1030 627 40
1031 627 40
1032 627 40
1284 627 40
1285 627 40
1286 627 40
1287 627 40
662 628 40
663 628 40
664 628 40
665 628 40
1029 628 40
1030 628 40
1031 628 40
1032 628 40
1033 628 40
1284 628 40
1285 628 40
1286 628 40
663 629 40
664 629 40
665 629 40
1030 629 40
1031 629 40
1032 629 40
1033 629 40
1034 629 40
1284 629 40
1285 629 40
1286 629 40
662 630 40
663 630 40
664 630 40
1030 630 40
1031 630 40
1033 630 40
1034 630 40
1283 630 40
1284 630 40
1285 630 40
1286 630 40
663 631 40
1030 631 40
1031 631 40
1033 631 40
1034 631 40
1283 631 40
1284 631 40
1285 631 40
1030 632 40
1031 632 40
1032 632 40
1033 632 40
1283 632 40
1284 632 40
1285 632 40
1031 633 40
1032 633 40
1033 633 40
1282 633 40
1283 633 40
1284 633 40
1285 633 40
1031 634 40
1032 634 40
1033 634 40
1282 634 40
1283 634 40
1284 634 40
1032 635 40
1282 635 40
1283 635 40
1284 635 40
1282 636 40
1283 636 40
1284 636 40
1281 637 40
1282 637 40
1283 637 40
1284 637 40
1281 638 40
1282 638 40
1283 638 40
1284 638 40
1281 639 40
1282 639 40
1283 639 40
1280 640 40
1281 640 40
1282 640 40
1283 640 40
1280 641 40
1281 641 40
1282 641 40
1283 641 40
1280 642 40
1281 642 40
1282 642 40
1280 643 40
1281 643 40
1282 643 40
1279 644 40
1280 644 40
1281 644 40
1282 644 40
1279 645 40
1280 645 40
1281 645 40
1282 645 40
1279 646 40
1280 646 40
1281 646 40
1282 646 40
1278 647 40
1279 647 40
1281 647 40
1282 647 40
1278 648 40
1279 648 40
1280 648 40
1281 648 40
1279 649 40
1280 649 40
